41006
1226599 1174883 0.6134
1174883 1226599 0.6134
1174883 1337187 0.3074
1337187 1174883 0.3074
1337187 625124 0.8644
625124 1337187 0.8644
625124 1174869 0.4878
1174869 625124 0.4878
1174869 1841746 2.2381
1841746 1174869 2.2381
1841746 1037507 0.2797
1037507 1841746 0.2797
1037507 625111 0.5735
625111 1037507 0.5735
625111 1535628 0.104
1535628 625111 0.104
1535628 1070568 2.389
1070568 1535628 2.389
1070568 625101 0.1148
625101 1070568 0.1148
625101 67197 0.8827
67197 625101 0.8827
67197 2013954 1.1372
2013954 67197 1.1372
20814 1295118 7.7184
1295118 20814 7.7184
1295118 20821 4.7508
20821 1295118 4.7508
20821 20817 16.0932
20817 20821 16.0932
20817 20820 19.7976
20820 20817 19.7976
20820 49859 12.816
49859 20820 12.816
20815 49859 5.5056
49859 20815 5.5056
49859 20816 43.2456
20816 49859 43.2456
20817 20818 32.9316
20818 20817 32.9316
20818 20819 20.2956
20819 20818 20.2956
20818 20820 27.4068
20820 20818 27.4068
20821 1295116 18.6012
1295116 20821 18.6012
1295116 20822 46.1784
20822 1295116 46.1784
20819 20824 2.6832
20824 20819 2.6832
20824 20822 13.0272
20822 20824 13.0272
20822 20825 2.724
20825 20822 2.724
20824 20826 5.5308
20826 20824 5.5308
1295115 20828 8.9772
20828 1295115 8.9772
20828 1136053 1.038
1136053 20828 1.038
1136053 20829 1.6176
20829 1136053 1.6176
20829 1136054 1.6344
1136054 20829 1.6344
1136054 20830 1.7796
20830 1136054 1.7796
20830 1136055 2.6496
1136055 20830 2.6496
1136055 844269 2.9676
844269 1136055 2.9676
844269 20831 11.1096
20831 844269 11.1096
20831 20814 5.2104
20814 20831 5.2104
20828 1838501 38.4516
1838501 20828 38.4516
1838501 20832 16.0092
20832 1838501 16.0092
67152 1075588 0.6847
1075588 67152 0.6847
1075588 1075594 0.7632
1075594 1075588 0.7632
1075594 763880 2.1485
763880 1075594 2.1485
763880 1883829 0.7783
1883829 763880 0.7783
1883829 1980847 0.6552
1980847 1883829 0.6552
1980847 987652 40.8247
987652 1980847 40.8247
987652 1440460 7.1726
1440460 987652 7.1726
1440460 1980936 5.7794
1980936 1440460 5.7794
1980936 1440459 3.9708
1440459 1980936 3.9708
1440459 134085 4.7477
134085 1440459 4.7477
134085 1135988 2.1226
1135988 134085 2.1226
1135988 23816 3.7066
23816 1135988 3.7066
23816 134080 4.6087
134080 23816 4.6087
134080 1440457 6.2906
1440457 134080 6.2906
1440457 23815 5.85
23815 1440457 5.85
23815 322270 8.4132
322270 23815 8.4132
322270 139265 14.7737
139265 322270 14.7737
25641 1394160 5.5602
1394160 286266 1.7274
581418 581419 1.4664
581419 581418 1.4664
581419 581421 7.2432
581421 581419 7.2432
581421 1894661 4.3548
1894661 581421 4.3548
1894661 581420 2.5476
581420 1894661 2.5476
581420 1894659 3.282
1894659 581420 3.282
1894659 581422 3.5172
581422 1894659 3.5172
581422 1894658 2.604
1894658 581422 2.604
1894658 1079835 3.1044
1079835 1894658 3.1044
1079835 1577395 8.0016
1577395 1079835 8.0016
1577395 581351 2.142
581351 1577395 2.142
581351 1894660 1.5444
1894660 581351 1.5444
1894660 581349 3.4944
581349 1894660 3.4944
581349 71465 4.266
71465 581349 4.266
71465 71467 7.0344
71467 71465 7.0344
71467 25644 14.0748
25644 71467 14.0748
25644 1309777 20.5716
1309777 25644 20.5716
20699 20832 9.1656
20832 20699 9.1656
20832 414234 11.598
414234 20832 11.598
414234 1136056 4.5492
1136056 414234 4.5492
1136056 1136057 4.776
1136057 1136056 4.776
1136057 20826 9.0132
20826 1136057 9.0132
20826 20692 0.42
20692 20826 0.42
20692 20693 15.4992
20693 20692 15.4992
20693 1136052 2.508
1136052 20693 2.508
1136052 20694 2.3604
20694 1136052 2.3604
20694 1838499 9.3912
1838499 20694 9.3912
1838499 1136051 18.1704
1136051 1838499 18.1704
1136051 20695 26.1228
20695 1136051 26.1228
20695 1838496 1.2036
1838496 20695 1.2036
1838496 322319 0.9792
322319 1838496 0.9792
27493 2015419 7.7352
2015419 27493 7.7352
27493 1899532 6.5268
1899532 27493 6.5268
1899532 1899530 3.0264
1899530 1899532 3.0264
1899530 27482 2.478
27482 1899530 2.478
27482 1899531 1.9992
1899531 27482 1.9992
1899531 1899533 2.5944
1899533 1899531 2.5944
1899533 27483 5.8632
27483 1899533 5.8632
27484 27485 0.5676
27485 27484 0.5676
27485 1837242 0.5676
1837242 27485 0.5676
1837242 27486 0.5676
27486 1837242 0.5676
27486 1837241 0.5688
1837241 27486 0.5688
1837241 27487 0.5676
27487 1837241 0.5676
27487 27488 0.5532
27488 27487 0.5532
27488 1837236 0.6024
1837236 27488 0.6024
1837236 1837240 0.5868
1837240 1837236 0.5868
1837240 27489 0.5868
27489 1837240 0.5868
27489 1837239 0.5868
1837239 27489 0.5868
1837239 27492 0.588
27492 1837239 0.588
27492 1837238 0.588
1837238 27492 0.588
1837238 27490 0.5868
27490 1837238 0.5868
27490 27491 0.5868
27491 27490 0.5868
27491 27484 0.588
27484 27491 0.588
1295175 2015421 12.5004
2015421 1295175 12.5004
1295175 1899518 0.7692
1899518 1295175 0.7692
1899518 27478 0.5292
27478 1899518 0.5292
27478 1295172 0.4872
1295172 27478 0.4872
1295172 27479 15.69
27479 1295172 15.69
27479 1837250 2.0964
1837250 27479 2.0964
1837250 1837248 0.3648
1837248 1837250 0.3648
1837248 1837249 0.3192
1837249 1837248 0.3192
1837249 27495 0.3
27495 1837249 0.3
27495 27496 18.4704
27496 27495 18.4704
27496 1837231 0.3768
1837231 27496 0.3768
1837231 1837230 0.42
1837230 1837231 0.42
1837230 1837229 0.3624
1837229 1837230 0.3624
1837229 27497 0.4488
27497 1837229 0.4488
27497 1837237 6.7764
1837237 27497 6.7764
1837237 1837232 0.3912
1837232 1837237 0.3912
1837232 1899501 0.3204
1899501 1837232 0.3204
1899501 1899502 0.3336
1899502 1899501 0.3336
1899502 27488 0.4764
27488 1899502 0.4764
67188 736241 2.6592
736241 67188 2.6592
736241 736237 4.5336
736237 736241 4.5336
736237 1771159 1.5372
1771159 736237 1.5372
1771159 1842610 3.2352
1842610 1771159 3.2352
1842610 1773579 2.8284
1773579 1842610 2.8284
1773579 368016 5.9364
368016 1773579 5.9364
765517 2015978 1.6457
2015978 765517 1.6457
1037472 623754 2.8209
623754 1037472 2.8209
623754 1442981 0.3754
1442981 623754 0.3754
1442981 560069 2.6254
560069 1442981 2.6254
560069 355876 1.2271
355876 560069 1.2271
355876 560070 1.3685
560070 355876 1.3685
560070 623782 0.5935
623782 560070 0.5935
623782 1843187 2.1693
1843187 623782 2.1693
1843187 625066 2.3205
625066 1843187 2.3205
625066 624364 2.3631
624364 625066 2.3631
624364 1771121 0.4536
1771121 624364 0.4536
1771121 624335 2.6136
624335 1771121 2.6136
624335 624336 1.7234
624336 624335 1.7234
624336 624328 1.4729
624328 624336 1.4729
624328 623809 0.6063
623809 624328 0.6063
623809 1656283 0.3358
1656283 623809 0.3358
1656283 623907 1.4076
623907 1656283 1.4076
623907 299067 1.6241
299067 623907 1.6241
299067 560072 3.3706
560072 299067 3.3706
560072 67159 1.5285
67159 560072 1.5285
67160 1075611 0.5465
1075611 559996 0.5832
559996 559995 0.7193
559995 1075610 0.5162
1075610 67161 0.576
67161 1075603 4.2163
1075603 67161 4.2163
1075603 624667 12.5784
624667 1075603 12.5784
624667 67162 9.1375
67162 624667 9.1375
67162 624989 6.3036
624989 67162 6.3036
1226599 1535636 0.5529
1535636 1226599 0.5529
1535636 1226600 0.3615
1226600 1535636 0.3615
1226600 20640 0.5189
20640 1226600 0.5189
20640 1337186 0.9082
1337186 20640 0.9082
1337186 1842708 7.7477
1842708 1337186 7.7477
1842708 1987572 0.1743
1987572 1842708 0.1743
1987572 20641 5.0894
20641 1987572 5.0894
20641 1987580 1.0332
1987580 20641 1.0332
1987580 20642 0.936
20642 1987580 0.936
20642 1987581 0.8861
1987581 20642 0.8861
1987581 1987582 1.0661
1987582 1987581 1.0661
1987582 1988374 2.2716
1988374 1987582 2.2716
1988374 1841669 2.8913
1841669 1988374 2.8913
1841669 20643 0.6274
20643 1841669 0.6274
2013955 1773604 2.6914
1773604 2013955 2.6914
1773604 245846 5.9839
245846 1773604 5.9839
67187 1773590 8.1108
1773590 1773597 3.3996
1773597 878653 2.832
878653 1771108 1.0548
1771108 657703 0.7368
657703 20647 1.3728
67185 1773587 19.3248
1773587 67185 19.3248
1773587 67186 0.8112
67186 1773587 0.8112
67186 67187 12.7584
67187 67186 12.7584
67183 1417966 11.7204
1417966 67183 11.7204
1417966 67185 0.8796
67185 1417966 0.8796
368015 368018 3.8388
368018 368015 3.8388
368018 368014 4.188
368014 368018 4.188
368014 1773857 0.3624
1773857 368014 0.3624
1773857 368013 1.1304
368013 1773857 1.1304
368013 1773873 1.014
1773873 368013 1.014
1773873 368011 2.724
368011 1773873 2.724
368011 368012 3.306
368012 368011 3.306
368012 368017 2.814
368017 368012 2.814
368017 368009 1.3764
368009 368017 1.3764
368009 872903 1.548
872903 368009 1.548
872903 368010 2.52
368010 872903 2.52
368010 67189 3.8436
67189 368010 3.8436
67189 1771188 3.4044
1771188 67189 3.4044
1771188 1773605 7.5288
1773605 1771188 7.5288
1773605 67190 11.46
67190 1773605 11.46
67190 1773874 0.6984
1773874 67190 0.6984
1773874 67191 0.8112
67191 1773874 0.8112
67191 1773880 3.9012
1773880 67191 3.9012
1773880 1773876 9.9396
1773876 1773880 9.9396
1773876 1070591 6.8784
1070591 1773876 6.8784
1070591 1070354 3.9444
1070354 1070591 3.9444
1070354 736240 2.6976
736240 1070354 2.6976
736240 1773846 1.002
1773846 736240 1.002
1773846 1070353 1.05
1070353 1773846 1.05
1070353 1070352 1.3692
1070352 1070353 1.3692
1070352 1070350 1.206
1070350 1070352 1.206
1070350 1070351 0.3792
1070351 1070350 0.3792
1070351 67193 0.7128
67193 1070351 0.7128
1642513 1070606 1.4532
1070606 1642513 1.4532
1070606 872904 0.6756
872904 1070606 0.6756
67193 1070330 6.96
1070330 67193 6.96
1070330 1070607 7.4292
1070607 1070330 7.4292
1070607 872901 0.7512
872901 1070607 0.7512
19635 1070625 0.5184
1070625 19635 0.5184
1070625 872950 0.4584
872950 1070625 0.4584
872950 872960 2.9508
872960 872950 2.9508
872960 872964 0.8292
872964 872960 0.8292
872964 831658 0.852
831658 872964 0.852
831658 67194 9.684
67194 831658 9.684
67194 1791469 11.7504
1791469 67194 11.7504
1791469 540671 7.8108
540671 1791469 7.8108
540671 1987544 0.5112
1987544 540671 0.5112
1987544 67195 19.2048
67195 1987544 19.2048
67195 965319 8.25
965319 67195 8.25
965319 540658 9.3336
540658 965319 9.3336
540658 67196 20.0628
67196 540658 20.0628
67196 1070608 0.6924
1070608 67196 0.6924
1070608 1987547 5.8728
1987547 1070608 5.8728
67200 299702 1.158
299702 67198 25.9416
67201 1787425 1.2708
1787425 67201 1.2708
1787425 1773592 13.464
1773592 1787425 13.464
1773592 67203 14.3748
67203 1773592 14.3748
67203 1070587 1.962
1070587 67203 1.962
1070587 1070586 3.2472
1070586 1070587 3.2472
1070586 1070585 2.1096
1070585 1070586 2.1096
1070585 1070584 24.3576
1070584 1070585 24.3576
1070584 1070583 12.7116
1070583 1070584 12.7116
1070583 1070582 10.0692
1070582 1070583 10.0692
67200 1230349 5.9028
1230349 67200 5.9028
1230349 1987528 4.2012
1987528 1230349 4.2012
1987528 67201 1.062
67201 1987528 1.062
67201 1337722 4.5444
1337722 67201 4.5444
1337722 1070578 5.0988
1070578 1337722 5.0988
1070578 67202 1.0164
67202 1070578 1.0164
67198 1535620 1.3306
1535620 67198 1.3306
1535620 502157 7.4765
502157 1535620 7.4765
502157 1535616 1.0843
1535616 502157 1.0843
1535616 1198451 0.9194
1198451 1535616 0.9194
1198451 1842694 0.2506
1842694 1198451 0.2506
1842694 67199 5.9674
67199 1842694 5.9674
67205 540535 0.7644
540535 67205 0.7644
540535 1988351 1.5684
1988351 540535 1.5684
1988351 297362 4.8132
297362 1988351 4.8132
297362 67204 4.6236
67204 297362 4.6236
67204 1988350 2.526
1988350 67204 2.526
1988350 1335421 2.0856
1335421 1988350 2.0856
1335421 1142510 1.2816
1142510 1335421 1.2816
1142510 133393 4.3872
133393 1142510 4.3872
133393 1841671 3.5508
1841671 133393 3.5508
1841671 20643 1.188
20643 1841671 1.188
20642 1841659 3.7296
1841659 20642 3.7296
1841659 1987575 73.4328
1987575 1841659 73.4328
1987575 1142514 10.8
1142514 1987575 10.8
1142514 67211 7.3656
67211 1142514 7.3656
67211 1987574 10.4184
1987574 67211 10.4184
1987574 67212 5.112
67212 1987574 5.112
67212 1987573 35.3016
1987573 67212 35.3016
1987573 1987566 2.556
1987566 1987573 2.556
1987566 67213 2.664
67213 1987566 2.664
67213 468832 51.0768
468832 67213 51.0768
468832 1442879 13.2336
1442879 468832 13.2336
1442879 1987560 49.2624
1987560 1442879 49.2624
1987560 1182382 97.3944
1182382 1987560 97.3944
1182382 1337185 6.8256
1337185 1182382 6.8256
1337185 1987567 5.0616
1987567 1337185 5.0616
1987567 1337184 5.0472
1337184 1987567 5.0472
1337184 1841552 4.032
1841552 1337184 4.032
1841552 1841560 4.0968
1841560 1841552 4.0968
1841560 1841551 2.9232
1841551 1841560 2.9232
1841551 1337186 5.4072
1337186 1841551 5.4072
1075622 559998 3.2445
559998 1075622 3.2445
559998 559999 0.972
559999 559998 0.972
559999 67157 1.2654
67157 559999 1.2654
67157 624250 0.8001
624250 67157 0.8001
624250 560000 0.36
560000 624250 0.36
560000 560001 1.2591
560001 560000 1.2591
560001 560009 1.5786
560009 560001 1.5786
560009 1075623 0.7506
1075623 560009 0.7506
1075623 624206 0.7344
624206 1075623 0.7344
624206 560012 1.3554
560012 624206 1.3554
560012 624253 0.7407
624253 560012 0.7407
624253 560017 1.0845
560017 624253 1.0845
67159 1791334 3.9132
1791334 67159 3.9132
1791334 1230343 1.7455
1230343 1791334 1.7455
1230343 1230342 1.5393
1230342 1230343 1.5393
1230342 1335915 3.4503
1335915 1230342 3.4503
1335915 1834357 0.5878
1834357 1335915 0.5878
1834357 623890 5.1017
623890 1834357 5.1017
623890 560077 1.728
560077 623890 1.728
560077 2013244 0.4994
2013244 560077 0.4994
2013244 1087211 0.5266
1087211 2013244 0.5266
1087211 560078 0.5343
560078 1087211 0.5343
623132 731870 3.096
731870 623132 3.096
731870 67219 9.5184
67219 731870 9.5184
67219 623049 7.6392
623049 67219 7.6392
623049 623050 4.41
623050 623049 4.41
623050 623051 1.7352
623051 623050 1.7352
623051 192120 2.7936
192120 623051 2.7936
32050 32051 5.2169
32051 32050 5.2169
32051 542399 0.5287
542399 32051 0.5287
542399 629590 2.5776
629590 542399 2.5776
629590 542396 0.8239
542396 629590 0.8239
542396 32052 1.9039
32052 542396 1.9039
32052 542385 2.6146
542385 32052 2.6146
542385 542379 1.763
542379 542385 1.763
542379 32053 0.7102
32053 542379 0.7102
32053 32054 1.8504
32054 32053 1.8504
32054 1890218 3.2847
1890218 32054 3.2847
1890218 32055 3.2796
32055 1890218 3.2796
32055 629372 0.7858
629372 32055 0.7858
629372 32056 1.6102
32056 629372 1.6102
32056 623083 6.1678
623083 32056 6.1678
623083 623084 0.5004
623084 623083 0.5004
623084 623082 0.4418
623082 623084 0.4418
623082 32057 0.4166
32057 623082 0.4166
32057 32058 0.4958
32058 32057 0.4958
32058 625057 0.6778
625057 32058 0.6778
625057 32059 1.1541
32059 625057 1.1541
32059 1890215 0.7349
1890215 32059 0.7349
1890215 157678 0.3153
157678 1890215 0.3153
492632 1335914 41.2548
1335914 492632 41.2548
1335914 71492 1.2228
71492 1335914 1.2228
71492 101414 17.334
101414 71492 17.334
101414 71501 13.7592
71501 101414 13.7592
71501 581447 3.5508
581447 71501 3.5508
581447 544415 6.1764
544415 581447 6.1764
544415 641550 23.9736
641550 544415 23.9736
641550 881303 0.4416
881303 641550 0.4416
881303 881299 0.5628
881299 881303 0.5628
71466 824956 1.3788
824956 71466 1.3788
824956 880786 1.4904
880786 824956 1.4904
880786 880780 3.3948
880780 880786 3.3948
880780 476552 20.2272
476552 880780 20.2272
476552 1577322 11.1288
1577322 476552 11.1288
1577322 548312 0.546
548312 1577322 0.546
548312 1894683 0.2544
1894683 548312 0.2544
1894683 1894682 1.2336
1894682 1894683 1.2336
1894682 476551 4.3224
476551 1894682 4.3224
476551 71467 8.0328
71467 476551 8.0328
71467 1178353 19.2588
1178353 71467 19.2588
71468 510521 0.585
510521 71468 0.585
510521 317026 2.6424
317026 510521 2.6424
317026 314530 2.3934
314530 317026 2.3934
314530 314532 1.8984
314532 314530 1.8984
314532 314542 0.9186
314542 314532 0.9186
314542 1665992 1.446
1665992 314542 1.446
1665992 314533 0.4824
314533 1665992 0.4824
314533 510506 2.0982
510506 314533 2.0982
510506 1666005 0.4668
1666005 510506 0.4668
1666005 510530 4.8288
510530 1666005 4.8288
510530 1345725 1.2042
1345725 510530 1.2042
1345725 510507 0.8808
510507 1345725 0.8808
510507 1666002 1.854
1666002 510507 1.854
1666002 314531 5.0952
314531 1666002 5.0952
314531 314545 3.147
314545 314531 3.147
314545 510514 1.536
510514 314545 1.536
510514 71469 0.4566
71469 510514 0.4566
1176750 1166383 0.8582
1166383 1176750 0.8582
1166383 1166382 2.2457
1166382 1166383 2.2457
1166382 1167314 1.3262
1167314 1166382 1.3262
1167314 1176741 0.1267
1176741 1167314 0.1267
1176741 1167441 6.2741
1167441 1176741 6.2741
1167441 1665904 3.8671
1665904 1167441 3.8671
1665904 1665905 0.607
1665905 1665904 0.607
1665905 1167444 1.8598
1167444 1665905 1.8598
1167444 314527 2.8433
314527 1167444 2.8433
314527 1665901 2.1053
1665901 314527 2.1053
1665901 71478 0.2714
71478 1665901 0.2714
71478 1665898 1.525
1665898 71478 1.525
1665898 1665896 10.3306
1665896 1665898 10.3306
1665896 71479 3.9974
71479 1665896 3.9974
71479 1176728 0.2794
1176728 71479 0.2794
1176728 1167448 3.7627
1167448 1176728 3.7627
1167448 1167449 1.0044
1167449 1167448 1.0044
1167449 314513 4.387
314513 1167449 4.387
314513 1167451 1.1729
1167451 314513 1.1729
1167451 314529 4.5518
314529 1167451 4.5518
314529 1167450 5.0789
1167450 314529 5.0789
1167450 1176725 3.3127
1176725 1167450 3.3127
1176725 71471 0.5371
71471 1176725 0.5371
71472 1166825 3.702
1166825 71472 3.702
1166825 321345 1.4028
321345 1166825 1.4028
321345 304770 9.0012
304770 321345 9.0012
304770 71473 20.8368
71473 304770 20.8368
71525 1656292 1.2564
1656292 71525 1.2564
1656292 1013409 1.1328
1013409 1656292 1.1328
1013409 696627 2.616
696627 1013409 2.616
696627 71477 27.0708
71477 696627 27.0708
71482 646806 3.1008
646806 71482 3.1008
646806 71486 29.5212
71486 646806 29.5212
71486 71489 25.1208
71489 71486 25.1208
71489 71490 19.3032
71490 71489 19.3032
71490 1589839 3.762
1589839 71490 3.762
1589839 1589841 0.6804
1589841 1589839 0.6804
1589841 581445 0.4092
581445 1589841 0.4092
581445 581321 6.3888
581321 581445 6.3888
581321 71483 12.4296
71483 581321 12.4296
1589844 1589845 2.1276
1589845 1589844 2.1276
1589845 581300 2.7756
581300 1589845 2.7756
581300 581320 16.4988
581320 581300 16.4988
581320 581267 7.8228
581267 581320 7.8228
71488 71489 10.7904
71489 71488 10.7904
71490 881653 11.3436
881653 71490 11.3436
881653 1953138 0.828
1953138 881653 0.828
1953138 881312 1.92
881312 1953138 1.92
881312 71491 0.8832
71491 881312 0.8832
71496 880807 0.9408
880807 71496 0.9408
880807 880808 0.9672
880808 880807 0.9672
880808 880809 1.1364
880809 880808 1.1364
880809 1589842 12.5196
1589842 880809 12.5196
1589842 71497 17.1672
71497 1589842 17.1672
71497 581279 9.6972
581279 71497 9.6972
581279 71498 20.2956
71498 581279 20.2956
71498 71499 11.2356
71499 71498 11.2356
880779 880783 1.122
880783 880779 1.122
880783 1589856 1.6596
1589856 880783 1.6596
1589856 1589859 0.2328
1589859 1589856 0.2328
1589859 581457 1.8
581457 1589859 1.8
581457 71500 44.4216
71500 581457 44.4216
71497 71493 17.3448
71493 71497 17.3448
71493 71501 20.3568
71501 71493 20.3568
71498 71494 16.554
71494 71498 16.554
71494 1335914 17.3052
1335914 71494 17.3052
71481 476426 0.9108
476426 71502 47.4864
71502 696633 0.7428
696633 325045 12.2376
325045 1178595 12.4752
1178595 824951 26.5896
824951 1827052 2.5344
1827052 25641 0.9084
71505 71510 32.2728
71510 71505 32.2728
71510 71506 13.5048
71506 71510 13.5048
71506 476435 5.6004
476435 71506 5.6004
476435 71507 20.5872
71507 476435 20.5872
71508 881655 1.1904
881655 71508 1.1904
881655 1595255 1.0524
1595255 881655 1.0524
1595255 71506 12.6708
71506 1595255 12.6708
71525 468779 12.1056
468779 71525 12.1056
71517 1649033 14.6472
1649033 71517 14.6472
1649033 510737 16.6236
510737 1649033 16.6236
510737 71516 31.8132
71516 510737 31.8132
71516 1612081 3.4334
1612081 71516 3.4334
1612081 1612080 3.4143
1612080 1612081 3.4143
1612080 1612079 3.8001
1612079 1612080 3.8001
1612079 32036 4.3647
32036 1612079 4.3647
71473 314524 0.8604
314524 71473 0.8604
314524 71474 1.2492
71474 314524 1.2492
71474 314517 1.4796
314517 71474 1.4796
314517 304753 1.2154
304753 314517 1.2154
304753 588082 4.644
588082 304753 4.644
588082 71475 1.5502
71475 588082 1.5502
71475 71476 8.4074
71476 71475 8.4074
71476 304760 1.0541
304760 71476 1.0541
304760 71477 6.2575
71477 304760 6.2575
71477 32039 10.4746
32039 71477 10.4746
32036 1180020 12.054
1180020 32036 12.054
1180020 71518 10.4088
71518 1180020 10.4088
71512 71519 11.436
71519 71512 11.436
71519 71520 36.258
71520 71519 36.258
71520 71523 11.8704
71523 71520 11.8704
71523 1649034 1.8108
1649034 71523 1.8108
1649034 645383 1.9056
645383 1649034 1.9056
645383 645382 6.3336
645382 645383 6.3336
645382 71517 1.3068
71517 645382 1.3068
71477 696631 0.63
696631 71477 0.63
696631 1664811 4.3013
1664811 696631 4.3013
1664811 1665900 3.155
1665900 1664811 3.155
1665900 71478 0.4313
71478 1665900 0.4313
71526 881652 1.0812
881652 71526 1.0812
881652 1954922 0.54
1954922 881652 0.54
1954922 1595261 8.586
1595261 1954922 8.586
1595261 71527 3.4836
71527 1595261 3.4836
71527 71528 21.2208
71528 71527 21.2208
2016010 1013437 11.2764
1013437 2016010 11.2764
1013437 581472 23.8344
581472 1013437 23.8344
581472 1666166 3.1476
1666166 581472 3.1476
1666166 1595254 0.7284
1595254 1666166 0.7284
1595254 800646 24.6432
800646 1595254 24.6432
800646 1666165 1.458
1666165 800646 1.458
1666165 71531 37.074
71531 1666165 37.074
71531 554579 2.7756
554579 71531 2.7756
554579 554576 3.6768
554576 554579 3.6768
554576 1013451 4.992
1013451 554576 4.992
1013451 492645 7.5312
492645 1013451 7.5312
881299 32033 0.4063
32033 1430907 0.4855
1430907 32034 0.5045
32034 881296 0.4855
71469 1176724 1.0965
1176724 71469 1.0965
1176724 510510 0.9447
510510 1176724 0.9447
510510 510509 0.8815
510509 510510 0.8815
510509 1176711 0.1543
1176711 510509 0.1543
1176711 321504 1.3253
321504 1176711 1.3253
321504 1176713 2.7046
1176713 321504 2.7046
1176713 314515 2.2495
314515 1176713 2.2495
314515 1176969 0.9427
1176969 314515 0.9427
1176969 71389 5.4519
71389 1176969 5.4519
71389 1013374 0.5318
1013374 71389 0.5318
1013374 1501322 2.3189
1501322 1013374 2.3189
1501322 1121492 0.451
1121492 1501322 0.451
1121492 321503 1.7979
321503 1121492 1.7979
321503 1121493 1.8262
1121493 321503 1.8262
1121493 71470 0.7617
71470 1121493 0.7617
71479 695565 4.4388
695565 71479 4.4388
695565 322343 3.204
322343 695565 3.204
322343 325107 19.44
325107 322343 19.44
325107 314562 10.7316
314562 325107 10.7316
314562 1176717 16.8192
1176717 314562 16.8192
1176717 32037 1.44
32037 1176717 1.44
32037 696876 16.38
696876 32037 16.38
696876 32036 39.0132
32036 696876 39.0132
32044 32043 3.6648
32043 32044 3.6648
32043 634908 0.9666
634908 32043 0.9666
634908 634906 1.0242
634906 634908 1.0242
634906 634910 1.2042
634910 634906 1.2042
634910 32042 1.143
32042 634910 1.143
32042 468723 13.6674
468723 32042 13.6674
468723 468728 17.5716
468728 468723 17.5716
468728 468734 15.0912
468734 468728 15.0912
468734 468736 10.8234
468736 468734 10.8234
468736 468738 4.356
468738 468736 4.356
468738 468741 7.4844
468741 468738 7.4844
468741 468742 6.84
468742 468741 6.84
468742 468746 14.9472
468746 468742 14.9472
468746 468747 3.2454
468747 468746 3.2454
468747 468748 10.6794
468748 468747 10.6794
468748 468749 1.1124
468749 468748 1.1124
468749 468753 13.0662
468753 468749 13.0662
468753 468759 12.8268
468759 468753 12.8268
468759 468763 14.3946
468763 468759 14.3946
468763 630148 1.2384
630148 468763 1.2384
630148 468766 10.4976
468766 630148 10.4976
468766 468767 1.6542
468767 468766 1.6542
468767 32041 10.6632
32041 468767 10.6632
32041 468770 4.7628
468770 32041 4.7628
468770 32040 32.0202
32040 468770 32.0202
2016016 272357 5.8435
272357 19622 9.2664
19622 881327 9.8381
881327 881325 0.761
881325 37714 1.0044
37714 881322 1.2715
881322 881320 1.1455
881320 37715 1.1542
37715 19623 1.5286
19623 71487 11.7461
71487 71508 11.1902
71508 276394 11.2831
276394 647686 4.2235
647686 71491 0.378
71491 71526 6.6802
71526 19624 3.3559
19624 287784 1.7906
287784 881307 1.5307
881307 72004 1.5552
72004 276388 2.1377
276388 881300 4.032
881300 824954 0.6674
824954 32033 0.8035
72015 71504 4.32
71504 72015 4.32
74415 298494 5.4513
298494 74415 5.4513
298494 622242 1.9692
622242 298494 1.9692
622242 74416 0.8424
74416 622242 0.8424
19631 880629 2.7288
880629 1334817 2.475
1334817 641532 0.4698
641532 641531 2.3094
641531 82238 1.9359
82238 880624 0.9
880624 20646 5.2875
880633 19631 2.7756
82239 624754 4.2012
624754 82239 4.2012
624754 1343396 0.882
1343396 624754 0.882
1343396 624755 1.3824
624755 1343396 1.3824
624755 624704 9.36
624704 624755 9.36
624704 624715 25.6752
624715 624704 25.6752
624715 82240 22.6728
82240 624715 22.6728
476306 1841612 1.3716
1841612 476306 1.3716
1841612 160840 0.8014
160840 1841612 0.8014
160840 621250 1.4947
621250 160840 1.4947
621250 20637 1.0188
20637 621250 1.0188
20637 257080 0.6098
257080 20637 0.6098
257080 621251 0.7186
621251 257080 0.7186
621251 20638 0.5875
20638 621251 0.5875
20638 257076 0.6876
257076 20638 0.6876
257076 20639 1.0375
20639 257076 1.0375
20639 160843 5.3316
160843 20639 5.3316
20636 623620 0.8722
623620 20636 0.8722
623620 1086673 3.294
1086673 623620 3.294
1086673 1037506 2.1564
1037506 1086673 2.1564
1082198 1082197 3.5633
1082197 1082198 3.5633
1082197 95019 2.9009
95019 1082197 2.9009
95019 1082196 1.4479
1082196 95019 1.4479
1082196 95020 1.2485
95020 1082196 1.2485
95020 1082195 1.0109
1082195 95020 1.0109
1082195 95021 0.8669
95021 1082195 0.8669
95021 1061794 6.7219
1061794 95021 6.7219
1061794 1521423 1.4004
1521423 1061794 1.4004
1521423 1521437 31.603
1521437 1521423 31.603
1521437 1343052 28.0498
1343052 1521437 28.0498
1343052 95022 7.3346
95022 1343052 7.3346
95026 484024 3.1488
484024 95026 3.1488
484024 484025 3.2304
484025 484024 3.2304
484025 484026 4.4748
484026 484025 4.4748
484026 1343166 3.0804
1343166 484026 3.0804
1343166 484027 4.5204
484027 1343166 4.5204
484027 95025 8.8104
95025 484027 8.8104
95025 95024 1.6596
95024 95025 1.6596
95024 481091 1.5492
481091 95024 1.5492
481091 484028 1.5672
484028 481091 1.5672
484028 1742192 1.2072
1742192 484028 1.2072
1742192 95023 1.2444
95023 1742192 1.2444
95029 95033 15.4668
95033 95029 15.4668
95025 1742255 3.5028
1742255 95025 3.5028
1742255 1343174 0.7848
1343174 1742255 0.7848
1343174 1742249 5.4696
1742249 1343174 5.4696
1742249 483997 9.1944
483997 1742249 9.1944
483997 483998 9.3564
483998 483997 9.3564
483998 483999 2.7216
483999 483998 2.7216
483999 95034 3.0516
95034 483999 3.0516
95034 484000 2.3088
484000 95034 2.3088
484000 1343171 2.1888
1343171 484000 2.1888
1343171 484001 1.548
484001 1343171 1.548
484001 1343170 1.6272
1343170 484001 1.6272
1343170 1343169 1.6896
1343169 1343170 1.6896
1343169 468606 1.7808
468606 1343169 1.7808
468606 468604 6.0984
468604 468606 6.0984
468604 468603 26.2164
468603 468604 26.2164
468603 1343172 1.3632
1343172 468603 1.3632
1343172 468602 7.4448
468602 1343172 7.4448
95034 1343208 2.28
1343208 95034 2.28
1343208 468605 2.652
468605 1343208 2.652
468605 1343207 1.86
1343207 468605 1.86
1343207 484003 1.9404
484003 1343207 1.9404
484003 484004 4.5504
484004 484003 4.5504
484004 484007 8.658
484007 484004 8.658
484007 484010 1.8912
484010 484007 1.8912
484010 484011 5.3136
484011 484010 5.3136
484011 484009 8.5092
484009 484011 8.5092
484009 484008 8.316
484008 484009 8.316
1279958 1119447 1.009
1119447 1279958 1.009
1119447 516936 5.8233
516936 1119447 5.8233
516936 836422 2.4681
836422 516936 2.4681
836422 836423 1.3654
836423 836422 1.3654
836423 507828 0.9725
507828 836423 0.9725
507828 1118929 0.5148
1118929 507828 0.5148
1118929 836426 0.5318
836426 1118929 0.5318
836426 507830 0.6305
507830 836426 0.6305
507830 1118930 0.6346
1118930 507830 0.6346
1118930 836427 0.6629
836427 1118930 0.6629
836427 507829 0.5683
507829 836427 0.5683
507829 1167772 3.9327
1167772 507829 3.9327
1167772 159299 6.857
159299 1167772 6.857
159299 1119442 1.1366
1119442 159299 1.1366
1119442 1119443 0.9072
1119443 1119442 0.9072
1119443 100054 1.2003
100054 1119443 1.2003
100054 1119444 4.0027
1119444 100054 4.0027
1119444 1167769 12.9765
1167769 1119444 12.9765
1167769 1167771 1.26
1167771 1167769 1.26
1167771 1167770 0.8321
1167770 1167771 0.8321
1167770 780796 2.8188
780796 1167770 2.8188
780796 1168025 1.7871
1168025 780796 1.7871
1168025 475811 1.8489
475811 1168025 1.8489
475811 1168026 1.0116
1168026 475811 1.0116
1168026 1665102 1.6575
1665102 1168026 1.6575
1665102 780794 1.4076
780794 1665102 1.4076
780794 780795 1.8134
780795 780794 1.8134
1168158 2016464 1.2168
2016464 1168158 1.2168
1168158 1168159 10.152
1168159 1168158 10.152
1168159 1168163 46.908
1168163 1168159 46.908
1168163 1168160 59.3568
1168160 1168163 59.3568
1168160 1168161 19.6776
1168161 1168160 19.6776
1168161 1168162 27.432
1168162 1168161 27.432
1168162 100064 16.38
100064 1168162 16.38
100064 100065 26.5248
100065 100064 26.5248
100065 100066 11.8944
100066 100065 11.8944
100066 100067 42.8688
100067 100066 42.8688
100067 100058 87.9768
100058 100067 87.9768
100058 1041948 44.2872
1041948 100058 44.2872
1041948 1041947 4.9608
1041947 1041948 4.9608
101414 101415 7.6152
101415 101414 7.6152
101415 101416 3.0816
101416 101415 3.0816
101416 581287 5.8776
581287 101416 5.8776
581287 581327 1.0368
581327 581287 1.0368
581327 1665820 5.9424
1665820 581327 5.9424
1665820 101417 0.5088
101417 1665820 0.5088
101417 581299 10.1964
581299 101417 10.1964
581299 101418 11.298
101418 581299 11.298
101418 101413 6.9624
101413 101418 6.9624
101413 71488 8.6352
71488 101413 8.6352
32033 647685 8.2901
647685 881285 4.2394
881285 25637 0.7711
25637 880806 8.0964
880806 71496 0.8402
71496 71466 2.2435
71466 880788 3.7058
880788 1339759 1.0001
1339759 880781 2.7684
880781 880778 3.0226
880778 468918 2.237
468918 19625 1.8583
19625 276392 9.3586
276392 276387 2.3998
276387 880772 2.4804
880772 19626 2.4214
19626 880769 2.3695
880769 641549 2.268
641549 325750 4.6066
325750 880710 0.8186
67154 502125 4.4726
502125 67154 4.4726
502125 157706 21.6454
157706 502125 21.6454
157706 134081 1.0634
134081 157706 1.0634
134081 134082 1.3831
134082 134081 1.3831
134082 134077 9.3218
134077 134082 9.3218
134077 134078 7.2346
134078 134077 7.2346
134078 780840 1.2953
780840 134078 1.2953
780840 556423 3.8549
556423 780840 3.8549
556423 1343286 2.2572
1343286 556423 2.2572
1343286 134079 12.6857
134079 1343286 12.6857
67151 1123393 4.4964
1123393 67151 4.4964
1123393 1075584 4.3776
1075584 1123393 4.3776
1075584 134083 10.9872
134083 1075584 10.9872
134083 1075583 117.486
1075583 134083 117.486
1075583 1075585 11.1132
1075585 1075583 11.1132
1075585 1075586 5.3028
1075586 1075585 5.3028
1075586 1075587 2.4552
1075587 1075586 2.4552
1075587 134084 81.7596
134084 1075587 81.7596
150022 277539 11.1168
277539 150022 11.1168
277539 622369 1.2024
622369 277539 1.2024
622369 622372 1.2204
622372 622369 1.2204
622372 622367 33.6276
622367 622372 33.6276
622367 150023 10.1052
150023 622367 10.1052
150023 622371 4.4928
622371 150023 4.4928
622371 622366 0.54
622366 622371 0.54
622366 622375 0.414
622375 622366 0.414
622375 622365 0.4896
622365 622375 0.4896
622365 622373 0.5148
622373 622365 0.5148
622373 622374 3.7728
622374 622373 3.7728
622374 622376 0.5976
622376 622374 0.5976
622376 298488 0.5832
298488 622376 0.5832
298488 622368 0.5184
622368 298488 0.5184
622368 298480 0.4716
298480 622368 0.4716
298480 622370 0.5508
622370 298480 0.5508
622370 298466 49.23
298466 622370 49.23
27244 1863798 1.3543
1863798 27244 1.3543
1863798 1863800 0.1548
1863800 1863798 0.1548
1863800 1082148 0.5803
1082148 1863800 0.5803
1082148 1742251 0.7848
1742251 1082148 0.7848
157679 157680 5.0616
157680 157679 5.0616
157680 628194 1.5372
628194 157680 1.5372
628194 628165 1.5804
628165 628194 1.5804
628165 628148 1.6308
628148 628165 1.6308
628148 286240 1.9296
286240 628148 1.9296
286240 286238 8.2476
286238 286240 8.2476
286238 628160 3.6936
628160 286238 3.6936
628160 628157 3.4452
628157 628160 3.4452
628157 628175 3.024
628175 628157 3.024
628175 286241 1.7712
286241 628175 1.7712
286241 157681 1.8072
157681 286241 1.8072
157681 628161 1.8576
628161 157681 1.8576
628161 628185 1.5768
628185 628161 1.5768
628185 157682 1.5228
157682 628185 1.5228
157682 157683 2.16
157683 157682 2.16
157683 628153 1.89
628153 157683 1.89
628153 628192 2.2644
628192 628153 2.2644
628192 157684 1.4508
157684 628192 1.4508
157684 628166 1.4796
628166 157684 1.4796
628166 628152 1.6452
628152 628166 1.6452
628152 157685 1.9152
157685 628152 1.9152
157685 628162 2.646
628162 157685 2.646
628162 628181 2.3328
628181 628162 2.3328
628181 628155 1.8936
628155 628181 1.8936
628155 157686 2.1528
157686 628155 2.1528
157686 157687 5.9112
157687 157686 5.9112
157687 628149 1.6344
628149 157687 1.6344
628149 628154 1.5624
628154 628149 1.5624
628154 628164 1.998
628164 628154 1.998
628164 157688 1.6272
157688 628164 1.6272
157688 628179 1.9008
628179 157688 1.9008
628179 628168 2.9988
628168 628179 2.9988
628168 628183 2.3724
628183 628168 2.3724
628183 157689 2.1348
157689 628183 2.1348
157689 628174 4.9212
628174 157689 4.9212
628174 628163 15.3072
628163 628174 15.3072
628163 157690 2.4516
157690 628163 2.4516
157690 628158 2.0412
628158 157690 2.0412
628158 628191 1.548
628191 628158 1.548
628191 157691 2.0952
157691 628191 2.0952
157691 628159 2.16
628159 157691 2.16
628159 628184 2.1672
628184 628159 2.1672
628184 628188 2.0196
628188 628184 2.0196
628188 157692 1.836
157692 628188 1.836
157692 628186 1.9872
628186 157692 1.9872
628186 628151 1.8
628151 628186 1.8
628151 628167 1.3788
628167 628151 1.3788
628167 157693 1.7136
157693 628167 1.7136
157693 628171 2.016
628171 157693 2.016
628171 157694 7.8552
157694 628171 7.8552
157694 157695 2.7324
157695 157694 2.7324
157695 628156 1.1016
628156 157695 1.1016
628156 628195 1.1772
628195 628156 1.1772
628195 628189 1.1844
628189 628195 1.1844
628189 628176 1.3356
628176 628189 1.3356
628176 157696 9.8316
157696 628176 9.8316
468620 628552 26.6244
628552 468620 26.6244
628552 628510 0.5892
628510 628552 0.5892
628510 468618 0.5964
468618 628510 0.5964
468618 628532 0.6192
628532 468618 0.6192
628532 628498 0.6252
628498 628532 0.6252
628498 628508 0.7596
628508 628498 0.7596
628508 628519 0.9912
628519 628508 0.9912
628519 628504 0.9144
628504 628519 0.9144
628504 628509 0.8508
628509 628504 0.8508
628509 628517 0.6912
628517 628509 0.6912
628517 628550 0.9876
628550 628517 0.9876
628550 628502 1.0284
628502 628550 1.0284
628502 628540 0.8868
628540 628502 0.8868
628540 468611 1.2192
468611 628540 1.2192
157700 629121 6.2352
629121 157700 6.2352
629121 523269 4.0968
523269 629121 4.0968
523269 629127 2.9124
629127 523269 2.9124
629127 629123 3.06
629123 629127 3.06
629123 629119 3.0492
629119 629123 3.0492
629119 157702 2.9556
157702 629119 2.9556
157702 523271 26.6292
523271 157702 26.6292
523271 157703 29.0088
157703 523271 29.0088
157703 629125 2.2968
629125 157703 2.2968
629125 629128 1.9044
629128 629125 1.9044
629128 629117 34.6932
629117 629128 34.6932
629117 629126 31.9428
629126 629117 31.9428
629126 629118 17.4744
629118 629126 17.4744
629118 157704 1.8864
157704 629118 1.8864
157704 629130 1.5264
629130 157704 1.5264
629130 629124 2.1672
629124 629130 2.1672
629124 157705 2.0232
157705 629124 2.0232
157705 523276 2.5812
523276 157705 2.5812
523276 629129 1.314
629129 523276 1.314
629129 629116 1.3896
629116 629129 1.3896
629116 523277 1.4328
523277 629116 1.4328
523277 629122 1.4364
629122 523277 1.4364
629122 629120 1.4256
629120 629122 1.4256
629120 523279 2.1564
523279 629120 2.1564
523279 523280 2.2428
523280 523279 2.2428
523280 523281 24.3
523281 523280 24.3
523281 523282 24.318
523282 523281 24.318
157706 1181885 17.833
1181885 157706 17.833
1181885 1434001 19.7914
1434001 1181885 19.7914
1434001 1734096 21.6144
1734096 1434001 21.6144
1734096 157707 14.9134
157707 1734096 14.9134
157707 1041685 1.8446
1041685 157707 1.8446
1041685 157708 2.4178
157708 1041685 2.4178
157708 157709 2.1535
157709 157708 2.1535
67154 157710 9.3137
157710 67154 9.3137
157710 1988561 1.0558
1988561 157710 1.0558
1988561 1678365 0.8517
1678365 1988561 0.8517
1678365 1988562 1.3593
1988562 1678365 1.3593
1988562 157711 1.4251
157711 1988562 1.4251
157711 157712 2.0926
157712 157711 2.0926
157712 157713 7.5415
157713 157712 7.5415
157713 544413 2.4614
544413 157713 2.4614
544413 1075601 1.1078
1075601 544413 1.1078
1075601 1075600 0.6166
1075600 1075601 0.6166
1075600 157716 0.6814
157716 1075600 0.6814
157716 157717 0.4325
157717 157716 0.4325
157717 1075599 0.8007
1075599 157717 0.8007
1075599 157718 0.8748
157718 1075599 0.8748
157718 157719 1.2446
157719 157718 1.2446
157719 157720 9.0293
157720 157719 9.0293
157720 544412 0.9787
544412 157720 0.9787
544412 556414 1.0471
556414 544412 1.0471
556414 157721 0.1188
157721 556414 0.1188
157721 157722 1.7403
157722 157721 1.7403
157722 157723 2.6002
157723 157722 2.6002
157723 1671337 1.0754
1671337 157723 1.0754
1671337 157724 1.169
157724 1671337 1.169
157724 1671338 0.8568
1671338 157724 0.8568
1671338 157725 1.2533
157725 1671338 1.2533
157725 157726 4.1086
157726 157725 4.1086
157726 157727 2.9073
157727 157726 2.9073
157727 157728 1.9126
157728 157727 1.9126
157728 157729 2.3698
157729 157728 2.3698
157729 157730 2.3642
157730 157729 2.3642
157707 157709 4.4755
157709 157707 4.4755
157709 1987143 0.9353
1987143 157709 0.9353
1987143 1987142 22.0932
1987142 1987143 22.0932
1987142 1987141 16.8235
1987141 1987142 16.8235
1987141 157739 5.0306
157739 1987141 5.0306
157708 468638 26.8524
468638 157708 26.8524
160706 623126 2.8848
623126 160706 2.8848
623126 277541 8.1636
277541 623126 8.1636
277541 627850 0.8844
627850 277541 0.8844
627850 627849 1.08
627849 627850 1.08
627849 627851 1.314
627851 627849 1.314
627851 627848 1.1532
627848 627851 1.1532
627848 627847 1.6716
627847 627848 1.6716
627847 502132 1.7316
502132 627847 1.7316
502132 1431802 1.3464
1431802 502132 1.3464
1431802 502133 5.9688
502133 1431802 5.9688
502133 852773 1.3776
852773 502133 1.3776
160715 757533 2.43
757533 160715 2.43
757533 502158 4.992
502158 757533 4.992
502158 757531 4.6992
757531 502158 4.6992
757531 502150 27.1008
502150 757531 27.1008
502150 160716 2.4144
160716 502150 2.4144
160716 627737 7.8024
627737 160716 7.8024
627737 1645282 5.3412
1645282 627737 5.3412
1645282 852741 0.7872
852741 1645282 0.7872
160784 1075581 1.0944
1075581 160784 1.0944
1075581 160788 11.262
160788 1075581 11.262
160788 160771 9.2688
160771 160788 9.2688
160771 160745 6.4092
160745 160771 6.4092
160745 160777 6.006
160777 160745 6.006
160777 160750 8.0004
160750 160777 8.0004
160770 160756 19.3584
160756 160770 19.3584
160756 160776 2.118
160776 160756 2.118
160776 160789 9.1932
160789 160776 9.1932
160754 1871914 1.6452
1871914 160754 1.6452
1871914 160770 0.4392
160770 1871914 0.4392
160770 1871870 2.7516
1871870 160770 2.7516
1871870 1871869 4.4796
1871869 1871870 4.4796
1871869 1871867 3.0528
1871867 1871869 3.0528
1871867 2017370 2.1996
2017370 1871867 2.1996
160762 1077712 1.5696
1077712 160762 1.5696
1077712 160791 4.026
160791 1077712 4.026
1070402 540740 4.4208
540740 1070402 4.4208
540740 160764 0.9852
160764 540740 0.9852
160764 872895 1.7448
872895 160764 1.7448
872895 160751 1.6284
160751 872895 1.6284
160751 872893 1.2456
872893 160751 1.2456
872893 160772 6.9684
160772 872893 6.9684
160772 160801 1.734
160801 160772 1.734
160801 1460073 0.5088
1460073 160801 0.5088
1460073 872889 0.6636
872889 1460073 0.6636
872889 1460069 6.7248
1460069 872889 6.7248
1460069 1205254 15.7992
1205254 1460069 15.7992
1205254 766682 2.5092
766682 1205254 2.5092
766682 160757 3.0756
160757 766682 3.0756
160757 160778 2.0388
160778 160757 2.0388
160778 872888 2.0664
872888 160778 2.0664
872888 160758 2.6016
160758 872888 2.6016
160758 160781 14.2908
160781 160758 14.2908
160781 160799 2.0268
160799 160781 2.0268
160789 160774 52.056
160774 160789 52.056
1524132 2017372 9.3204
2017372 1524132 9.3204
1524132 1440562 26.2884
1440562 1524132 26.2884
1440562 160752 1.7484
160752 1440562 1.7484
540740 160795 7.872
160795 540740 7.872
160795 160807 17.688
160807 160795 17.688
160807 160808 17.9544
160808 160807 17.9544
160808 1987523 0.768
1987523 160808 0.768
1987523 869988 1.29
869988 1987523 1.29
869988 1987524 3.75
1987524 869988 3.75
1987524 160796 3.0012
160796 1987524 3.0012
160796 160800 11.8476
160800 160796 11.8476
160804 160797 29.6388
160797 160804 29.6388
