44380
205875 2015465 10.8134
2015465 205875 10.8134
205875 30356 1.2636
30356 205875 1.2636
30356 296541 9.5539
296541 30356 9.5539
296541 30357 2.0695
30357 296541 2.0695
30357 334864 2.4434
334864 30357 2.4434
334864 30358 2.9227
30358 334864 2.9227
30358 334869 2.5359
334869 30358 2.5359
334869 30359 3.7265
30359 334869 3.7265
30359 30360 4.7119
30360 30359 4.7119
30360 1418330 1.1973
1418330 30360 1.1973
1418330 59898 0.5698
59898 1418330 0.5698
59898 30361 2.7555
30361 59898 2.7555
30361 217875 3.8314
217875 30361 3.8314
19447 1412610 0.2552
1412610 19447 0.2552
1412610 1408912 0.4446
1408912 1412610 0.4446
1408912 1183482 6.4555
1183482 1408912 6.4555
1183482 1183481 0.3852
1183481 1183482 0.3852
1183481 38054 0.2527
38054 1183481 0.2527
38054 1183480 0.2448
1183480 38054 0.2448
1183480 38060 0.2488
38060 1183480 0.2488
38060 1183483 0.2714
1183483 38060 0.2714
1183483 1183484 0.4216
1183484 1183483 0.4216
1183484 38059 2.1222
38059 1183484 2.1222
38059 1183485 0.2534
1183485 38059 0.2534
1183485 1183479 0.2088
1183479 1183485 0.2088
1183479 38053 0.1645
38053 1183479 0.1645
38053 1183486 0.3038
1183486 38053 0.3038
1183486 38058 0.248
38058 1183486 0.248
38058 1183487 0.2315
1183487 38058 0.2315
1183487 453909 0.8226
453909 1183487 0.8226
453909 38062 0.1516
38062 453909 0.1516
38062 1421756 0.0875
1421756 38062 0.0875
1421756 38057 0.1026
38057 1421756 0.1026
38057 1183489 0.1368
1183489 38057 0.1368
1183489 38052 0.1213
38052 1183489 0.1213
38052 1183488 0.1465
1183488 38052 0.1465
1183488 38056 0.162
38056 1183488 0.162
38056 257427 0.3269
257427 38056 0.3269
257427 339596 1.4738
339596 257427 1.4738
339596 409793 1.724
409793 339596 1.724
409793 1183472 0.2524
1183472 409793 0.2524
1183472 38055 0.2603
38055 1183472 0.2603
38055 1183473 0.2128
1183473 38055 0.2128
1183473 1183475 0.2059
1183475 1183473 0.2059
1183475 1183474 0.2146
1183474 1183475 0.2146
1183474 38051 0.3668
38051 1183474 0.3668
38051 409794 0.9871
409794 38051 0.9871
409794 1418823 0.3182
1418823 409794 0.3182
1418823 1417375 2.3987
1417375 1418823 2.3987
1417375 1250541 1.2272
1250541 1417375 1.2272
1250541 1531233 3.0942
1531233 1250541 3.0942
1531233 1409869 0.1073
1409869 1531233 0.1073
871167 871177 0.5202
871177 871180 0.4326
871180 871181 0.4032
871181 871184 0.5814
871184 871185 0.9618
871145 871143 0.1572
871143 871141 0.1566
871141 871140 0.156
871140 871142 0.156
871142 871144 0.156
871144 871146 0.156
871146 38026 0.156
38026 871149 0.156
871149 871152 0.156
871152 871153 0.156
871153 871155 0.156
871155 871159 0.156
871159 871164 0.1566
871164 871167 0.156
871167 871169 0.156
871169 871171 0.1566
871171 871174 0.156
871174 871176 0.156
871176 32377 0.156
32377 871175 0.156
871175 871172 0.156
871172 871170 0.156
871170 871168 0.156
871168 871166 0.1566
871166 871162 0.1566
871162 871156 0.156
871156 871154 0.156
871154 32376 0.156
32376 871151 0.1566
871151 871148 0.156
871148 871147 0.156
871147 871145 0.1554
201332 896140 0.2784
896140 896137 0.3306
47941 209795 3.4302
209795 47941 3.4302
209795 1452376 2.0454
1452376 209795 2.0454
38042 331902 1.6663
331902 38042 1.6663
331902 1681915 1.5007
1681915 331902 1.5007
1681915 1386915 1.1993
1386915 1681915 1.1993
1386915 1386905 2.3261
1386905 1386915 2.3261
1386905 54396 3.0183
54396 1386905 3.0183
1183473 1183460 0.4171
1183460 1183473 0.4171
1183460 1183466 0.4135
1183466 1183460 0.4135
1183466 1183498 1.8165
1183498 1183466 1.8165
1183498 1183499 1.0013
1183499 1183498 1.0013
1183499 1674711 1.1865
1674711 1183499 1.1865
1674711 411162 1.6807
411162 1674711 1.6807
411162 409792 1.1937
409792 411162 1.1937
409792 1485681 1.0759
1485681 409792 1.0759
1485681 1295843 0.2283
1295843 1485681 0.2283
1295843 1485678 0.1718
1485678 1295843 0.1718
1485678 478845 1.8211
478845 1485678 1.8211
478845 1183500 0.9072
1183500 478845 0.9072
1183500 1183501 0.8784
1183501 1183500 0.8784
1183501 163092 1.8977
163092 1183501 1.8977
32374 593102 6.7493
593102 32374 6.7493
593102 593101 4.8874
593101 593102 4.8874
593101 1434308 9.828
1434308 593101 9.828
1434308 57387 1.2874
57387 1434308 1.2874
57387 1487176 9.162
1487176 57387 9.162
1487176 380787 1.4573
380787 1487176 1.4573
380787 68936 7.5874
68936 380787 7.5874
58126 1436922 8.334
1436922 58126 8.334
1436922 58127 12.6372
58127 1436922 12.6372
58127 1436921 0.5532
1436921 58127 0.5532
1436921 58128 6.1056
58128 1436921 6.1056
58128 1820120 3.234
1820120 58128 3.234
1820120 206617 0.4584
206617 1820120 0.4584
228023 59775 10.2288
59775 228023 10.2288
59775 59776 11.0388
59776 59775 11.0388
59776 59779 10.7004
59779 59776 10.7004
59779 59773 11.3028
59773 59779 11.3028
59773 227923 11.226
227923 59773 11.226
227923 227971 10.7016
227971 227923 10.7016
227971 504574 2.2692
504574 227971 2.2692
504574 504575 2.394
504575 504574 2.394
59774 1267633 0.3186
1267633 59774 0.3186
1267633 59775 16.6266
59775 1267633 16.6266
59775 227977 6.4542
227977 59775 6.4542
227977 227909 4.365
227909 227977 4.365
227909 228017 0.672
228017 227909 0.672
59778 1267637 0.1704
1267637 59778 0.1704
1267637 504577 2.9598
504577 1267637 2.9598
504577 59779 10.9464
59779 504577 10.9464
59779 227946 5.5986
227946 59779 5.5986
227946 59780 3.7002
59780 227946 3.7002
59780 228007 2.9736
228007 59780 2.9736
228007 227920 1.512
227920 228007 1.512
227920 227999 2.1864
227999 227920 2.1864
227999 228000 9.2886
228000 227999 9.2886
228000 504599 2.0196
504599 228000 2.0196
504599 227890 9.8004
227890 504599 9.8004
227890 227936 0.9342
227936 227890 0.9342
227936 227986 0.5628
227986 227936 0.5628
227986 227952 7.419
227952 227986 7.419
227952 228012 10.8888
228012 227952 10.8888
1235509 1235616 0.504
1235616 1235509 0.504
1235616 1236339 0.1062
1236339 1235616 0.1062
1236339 1235630 0.54
1235630 1236339 0.54
1235630 1235617 5.22
1235617 1235630 5.22
1235617 1235618 11.448
1235618 1235617 11.448
1235618 65062 2.0592
65062 1235618 2.0592
65062 1235621 2.7252
1235621 65062 2.7252
1235621 1235620 4.5846
1235620 1235621 4.5846
1235620 1235619 0.6552
1235619 1235620 0.6552
1235619 1235623 16.4988
1235623 1235619 16.4988
1235623 1235622 4.806
1235622 1235623 4.806
1235622 1235624 13.0752
1235624 1235622 13.0752
1236105 1236104 0.5808
1236104 1236105 0.5808
1236104 1236103 0.3534
1236103 1236104 0.3534
1236103 1236102 0.3576
1236102 1236103 0.3576
1236102 1024256 0.339
1024256 1236102 0.339
1024256 301583 2.2308
301583 1024256 2.2308
301583 65044 3.0888
65044 301583 3.0888
65044 301614 5.3388
301614 65044 5.3388
301614 301561 2.667
301561 301614 2.667
301561 301546 2.8512
301546 301561 2.8512
301546 301556 5.559
301556 301546 5.559
301556 65045 2.703
65045 301556 2.703
65045 65046 0.294
65046 65045 0.294
65046 1236101 0.2166
1236101 65046 0.2166
1236101 1236100 0.2934
1236100 1236101 0.2934
1236100 65047 0.4002
65047 1236100 0.4002
65047 1236099 0.5994
1236099 65047 0.5994
1236099 1236098 1.0824
1236098 1236099 1.0824
1236098 1236097 0.693
1236097 1236098 0.693
1236097 1236096 0.6966
1236096 1236097 0.6966
1236096 1236094 0.54
1236094 1236096 0.54
1236094 1236095 0.5778
1236095 1236094 0.5778
1236095 65048 0.4104
65048 1236095 0.4104
65048 1236351 0.729
1236351 65048 0.729
1236351 479988 0.0942
479988 1236351 0.0942
479988 1236087 0.405
1236087 479988 0.405
1235619 1235614 10.7568
1235614 1235619 10.7568
1235614 1235629 10.1592
1235629 1235614 10.1592
1235629 65063 8.7948
65063 1235629 8.7948
65063 65064 30.2688
65064 65063 30.2688
65069 479985 8.7462
479985 65069 8.7462
479985 479986 2.4804
479986 479985 2.4804
479986 65070 4.5864
65070 479986 4.5864
65070 65071 41.9922
65071 65070 41.9922
301553 65072 6.0156
65072 301553 6.0156
65072 65073 36.504
65073 65072 36.504
65074 65075 20.0604
65075 65074 20.0604
65076 196982 28.2492
196982 65076 28.2492
196982 65077 42.3018
65077 196982 42.3018
65077 65078 3.195
65078 65077 3.195
65084 65091 28.0764
65091 65084 28.0764
65091 65085 43.5438
65085 65091 43.5438
65076 1470522 7.1658
1470522 65076 7.1658
1470522 1470521 2.1798
1470521 1470522 2.1798
1470521 65086 1.6992
65086 1470521 1.6992
65086 65087 27.4608
65087 65086 27.4608
65087 383879 1.1934
383879 65087 1.1934
383879 383881 4.8888
383881 383879 4.8888
383881 65088 7.182
65088 383881 7.182
65088 1247244 3.1806
1247244 65088 3.1806
1247244 65089 4.743
65089 1247244 4.743
65089 65090 8.7426
65090 65089 8.7426
65087 196982 15.2748
196982 65087 15.2748
196982 65091 15.2298
65091 196982 15.2298
65091 1247237 3.852
1247237 65091 3.852
1247237 442657 1.3356
442657 1247237 1.3356
442657 442656 1.7748
442656 442657 1.7748
442656 399226 1.6254
399226 442656 1.6254
399226 399225 1.188
399225 399226 1.188
399225 1247238 1.791
1247238 399225 1.791
1247238 1247239 1.7334
1247239 1247238 1.7334
1247239 399224 2.7504
399224 1247239 2.7504
399224 399223 15.237
399223 399224 15.237
399223 399222 15.0822
399222 399223 15.0822
399222 441862 12.0096
441862 399222 12.0096
65092 399223 24.2442
399223 65092 24.2442
399223 196981 29.6226
196981 399223 29.6226
65093 436748 14.4216
436748 65093 14.4216
436748 399222 15.4584
399222 436748 15.4584
399222 1777268 16.632
1777268 399222 16.632
1777268 65081 0.8172
65081 1777268 0.8172
68938 593055 14.1972
593055 68938 14.1972
593055 505329 1.8372
505329 593055 1.8372
505329 68939 8.5812
68939 505329 8.5812
68939 69901 12.3036
69901 68939 12.3036
69901 70861 10.7184
70861 69901 10.7184
70861 70862 8.5524
70862 70861 8.5524
70862 70863 8.76
70863 70862 8.76
70863 70864 8.5404
70864 70863 8.5404
70864 70865 8.7948
70865 70864 8.7948
70865 70866 8.6988
70866 70865 8.6988
70866 70867 8.796
70867 70866 8.796
70867 593042 3.9648
593042 70867 3.9648
593042 70868 5.4696
70868 593042 5.4696
70861 593045 17.1036
593045 70861 17.1036
593045 70869 23.0052
70869 593045 23.0052
70862 593040 21.7956
593040 70862 21.7956
593040 70870 22.32
70870 593040 22.32
70863 593033 23.4624
593033 70863 23.4624
593033 69903 24.4368
69903 593033 24.4368
69902 70869 7.806
70869 69902 7.806
70869 70870 8.8332
70870 70869 8.8332
70870 69903 8.2968
69903 70870 8.2968
69903 70881 2.898
70881 69903 2.898
70881 70871 5.9676
70871 70881 5.9676
70871 70872 10.6212
70872 70871 10.6212
70872 70873 10.5972
70873 70872 10.5972
70874 1870435 170.5824
1870435 70874 170.5824
1870435 70875 5.1624
70875 1870435 5.1624
70875 593019 28.11
593019 70875 28.11
593019 593015 14.0472
593015 593019 14.0472
593015 593014 8.9628
593014 593015 8.9628
593014 70876 7.9284
70876 593014 7.9284
70876 501485 1.5072
501485 70876 1.5072
501485 593001 4.1028
593001 501485 4.1028
593001 501486 3.7188
501486 593001 3.7188
70871 593029 28.1844
593029 70871 28.1844
593029 70864 24.1488
70864 593029 24.1488
70865 593025 28.104
593025 70865 28.104
593025 70872 32.6904
70872 593025 32.6904
70873 593022 35.0664
593022 70873 35.0664
593022 70866 34.1592
70866 593022 34.1592
69901 593044 23.694
593044 69901 23.694
593044 69902 12.4116
69902 593044 12.4116
69902 70878 9.558
70878 69902 9.558
70881 70879 60.408
70879 70881 60.408
68936 139248 29.4612
139248 68936 29.4612
139248 68938 12.3528
68938 139248 12.3528
68938 593060 7.122
593060 68938 7.122
593060 1434342 2.322
1434342 593060 2.322
1434342 1434344 10.0092
1434344 1434342 10.0092
1434344 70889 2.6796
70889 1434344 2.6796
70889 593064 13.5096
593064 70889 13.5096
593064 1434331 1.866
1434331 593064 1.866
1434331 356773 12.2592
356773 1434331 12.2592
356773 593079 2.718
593079 356773 2.718
593079 593088 8.4396
593088 593079 8.4396
593088 593091 10.5072
593091 593088 10.5072
593091 593092 2.07
593092 593091 2.07
593092 593096 4.764
593096 593092 4.764
593096 1434327 3.0324
1434327 593096 3.0324
1434327 409842 6.0276
409842 1434327 6.0276
409842 70890 2.3256
70890 409842 2.3256
237217 37645 3.045
37645 237217 3.045
37645 237214 8.1936
237214 37645 8.1936
237214 1242752 25.4406
1242752 237214 25.4406
1242752 1594330 10.3794
1594330 1242752 10.3794
1594330 32385 1.7046
32385 1594330 1.7046
70878 70879 27.9024
70879 70878 27.9024
70879 331868 19.782
331868 70879 19.782
331868 70880 3.6996
70880 331868 3.6996
70874 593026 21.7044
593026 70874 21.7044
593026 593027 5.3832
593027 593026 5.3832
593027 593031 3.6084
593031 593027 3.6084
593031 593034 2.796
593034 593031 2.796
593034 70867 8.508
70867 593034 8.508
79859 1236376 2.9592
1236376 79859 2.9592
1236376 1250606 0.9936
1250606 1236376 0.9936
1250606 1228021 0.792
1228021 1250606 0.792
41252 59773 15.627
59773 41252 15.627
59773 1267638 6.2118
1267638 59773 6.2118
1267638 1267652 2.9778
1267652 1267638 2.9778
1267652 1267639 0.6582
1267639 1267652 0.6582
1267639 1385244 0.7902
1385244 1267639 0.7902
1385244 1846149 0.5016
1846149 1385244 0.5016
1846149 1267640 0.7938
1267640 1846149 0.7938
1267640 1267641 0.276
1267641 1267640 0.276
1267641 1267642 0.2502
1267642 1267641 0.2502
1267642 1247332 0.2826
1247332 1267642 0.2826
100036 1669450 18.7308
1669450 100036 18.7308
100042 227960 16.3488
227960 100042 16.3488
227960 100036 14.208
100036 227960 14.208
100036 228016 21.102
228016 100036 21.102
228016 100043 31.5324
100043 228016 31.5324
1669449 2016458 17.5176
2016458 1669449 17.5176
47940 47939 11.34
47939 47940 11.34
47939 47938 12.4548
47938 47939 12.4548
47938 227896 8.9616
227896 47938 8.9616
227896 100042 8.0136
100042 227896 8.0136
100042 1900170 1.776
1900170 100042 1.776
1900170 227994 21.1956
227994 1900170 21.1956
227994 2016460 6.6792
2016460 227994 6.6792
2016634 1277557 24.84
1277557 2016634 24.84
1277557 1490431 0.3654
1490431 1277557 0.3654
1490431 113857 0.9108
113857 1490431 0.9108
978092 1411557 4.9788
1411557 978092 4.9788
1411557 207666 9.6768
207666 1411557 9.6768
127274 127275 5.3298
127275 127274 5.3298
207786 951601 0.9474
951601 207786 0.9474
951601 136775 3.3978
136775 951601 3.3978
136775 136776 4.4742
136776 136775 4.4742
136776 136777 5.8716
136777 136776 5.8716
136777 1517318 1.236
1517318 136777 1.236
1517318 1398437 0.3408
1398437 1517318 0.3408
1398437 136778 4.6518
136778 1398437 4.6518
136778 1421783 2.3508
1421783 136778 2.3508
1421783 1419369 0.9582
1419369 1421783 0.9582
1419369 1452059 0.2652
1452059 1419369 0.2652
1452059 2017018 1.365
2017018 1452059 1.365
68936 593063 12.4236
593063 68936 12.4236
593063 139238 13.0404
139238 593063 13.0404
139238 139237 5.3784
139237 139238 5.3784
139237 68937 3.5964
68937 139237 3.5964
68937 139235 4.5084
139235 68937 4.5084
139235 593053 3.6612
593053 139235 3.6612
593053 593051 2.2776
593051 593053 2.2776
593051 593050 1.5264
593050 593051 1.5264
593050 139231 2.1396
139231 593050 2.1396
139231 593047 4.6992
593047 139231 4.6992
593047 139232 2.8104
139232 593047 2.8104
139232 139233 5.3124
139233 139232 5.3124
139233 139236 15.6816
139236 139233 15.6816
139236 139239 4.746
139239 139236 4.746
139239 139240 8.8908
139240 139239 8.8908
139248 139246 25.068
139246 139248 25.068
139231 139234 2.9724
139234 139231 2.9724
139234 139241 23.082
139241 139234 23.082
139241 139242 13.1988
139242 139241 13.1988
139235 139244 29.73
139244 139235 29.73
139244 139243 13.176
139243 139244 13.176
139236 139241 8.4408
139241 139236 8.4408
139241 139244 8.0652
139244 139241 8.0652
139244 139245 8.4444
139245 139244 8.4444
139237 139245 31.6572
139245 139237 31.6572
139238 139246 23.94
139246 139238 23.94
139246 139247 11.6568
139247 139246 11.6568
70880 501492 2.658
501492 70880 2.658
501492 70873 6.5544
70873 501492 6.5544
163094 998577 0.6372
998577 163094 0.6372
998577 163099 26.8356
163099 998577 26.8356
163099 284333 13.3332
284333 163099 13.3332
284333 284336 4.8696
284336 284333 4.8696
284336 163098 8.3088
163098 284336 8.3088
163098 163097 10.3596
163097 163098 10.3596
163097 309623 4.8384
309623 163097 4.8384
163073 1402039 42.624
1402039 163073 42.624
1402039 163075 68.8464
163075 1402039 68.8464
163075 1402038 53.7264
1402038 163075 53.7264
1402038 1402037 26.1648
1402037 1402038 26.1648
1402037 163066 12.1536
163066 1402037 12.1536
163066 1402041 18.0072
1402041 163066 18.0072
1402041 1402043 28.584
1402043 1402041 28.584
1402043 1402042 15.7176
1402042 1402043 15.7176
1402042 324064 19.7712
324064 1402042 19.7712
324064 163065 24.6384
163065 324064 24.6384
163065 1402044 10.5696
1402044 163065 10.5696
1402044 1402045 28.2168
1402045 1402044 28.2168
1402045 1402046 42.552
1402046 1402045 42.552
1402046 1402047 29.5416
1402047 1402046 29.5416
1402047 163070 25.6752
163070 1402047 25.6752
163070 1402040 96.8184
1402040 163070 96.8184
1402040 163072 9.8928
163072 1402040 9.8928
163072 1402048 17.6832
1402048 163072 17.6832
1402048 1402049 7.9344
1402049 1402048 7.9344
1402049 1402052 17.4312
1402052 1402049 17.4312
1402052 1402051 28.7064
1402051 1402052 28.7064
1402051 1402050 24.9624
1402050 1402051 24.9624
1402050 163074 127.2528
163074 1402050 127.2528
376500 426685 1.5948
426685 376500 1.5948
426685 1507064 0.3271
1507064 426685 0.3271
1507064 376493 2.8548
376493 1507064 2.8548
376493 376492 16.1002
376492 376493 16.1002
376492 1342827 7.2879
1342827 376492 7.2879
1342827 163074 5.0318
163074 1342827 5.0318
163080 163085 93.492
163085 163080 93.492
163085 409837 48.384
409837 163085 48.384
1402072 352023 9.0864
352023 1402072 9.0864
352023 478878 13.6524
478878 352023 13.6524
478878 478856 13.3872
478856 478878 13.3872
478856 1450778 11.8044
1450778 478856 11.8044
1450778 1485694 2.76
1485694 1450778 2.76
1485694 163092 0.4248
163092 1485694 0.4248
998572 1260997 2.9844
1260997 998572 2.9844
1260997 998573 7.8432
998573 1260997 7.8432
998573 998574 1.8972
998574 998573 1.8972
998574 1287025 12.5304
1287025 998574 12.5304
1287025 998575 2.28
998575 1287025 2.28
998575 998576 4.2672
998576 998575 4.2672
998576 163093 5.3892
163093 998576 5.3892
163093 324022 1.7916
324022 163093 1.7916
324022 998578 8.2932
998578 324022 8.2932
998578 998603 8.3004
998603 998578 8.3004
998603 998604 3.048
998604 998603 3.048
163094 163100 16.35
163100 163094 16.35
163100 163096 18.216
163096 163100 18.216
163096 1394759 0.8088
1394759 163096 0.8088
1394759 205863 1.6188
205863 1394759 1.6188
205863 205871 3.0864
205871 205863 3.0864
205871 205865 12.324
205865 205871 12.324
205865 205873 8.43
205873 205865 8.43
205873 205867 4.7772
205867 205873 4.7772
205867 205874 5.376
205874 205867 5.376
205874 313920 7.5624
313920 205874 7.5624
313920 205869 11.0016
205869 313920 11.0016
205869 1611778 9.4848
1611778 205869 9.4848
1611778 205875 12.2136
205875 1611778 12.2136
187886 187888 5.5812
187888 187886 5.5812
187888 187887 2.298
187887 187888 2.298
187887 187889 4.7556
187889 187887 4.7556
187889 336432 1.11
336432 187889 1.11
336432 178471 7.3896
178471 336432 7.3896
183313 183304 11.232
183304 183313 11.232
183304 183309 72.2088
183309 183304 72.2088
183311 183308 29.988
183308 183311 29.988
183308 183315 31.9464
183315 183308 31.9464
183315 183312 36.1152
183312 183315 36.1152
183312 183306 17.928
183306 183312 17.928
183306 183307 11.1888
183307 183306 11.1888
183307 183303 36.3024
183303 183307 36.3024
183303 1468628 2.5416
1468628 183303 2.5416
1468628 183313 134.3304
183313 1468628 134.3304
183313 183305 25.0272
183305 183313 25.0272
183305 183310 34.128
183310 183305 34.128
183310 1450899 16.5744
1450899 183310 16.5744
1450899 1450900 17.2728
1450900 1450899 17.2728
1450900 1450901 26.5392
1450901 1450900 26.5392
1450901 1450902 17.1864
1450902 1450901 17.1864
1450902 1450903 38.1888
1450903 1450902 38.1888
184300 1251967 1.0956
1251967 184300 1.0956
1251967 184301 5.0184
184301 1251967 5.0184
184301 184302 15.492
184302 184301 15.492
184302 184303 2.2872
184303 184302 2.2872
184303 184304 1.7616
184304 184303 1.7616
184304 595351 1.2444
595351 184304 1.2444
595351 184305 1.3164
184305 595351 1.3164
184305 184323 3.0144
184323 184305 3.0144
184323 184306 1.6464
184306 184323 1.6464
184306 184307 1.0968
184307 184306 1.0968
184307 595348 1.4388
595348 184307 1.4388
595348 184308 2.9568
184308 595348 2.9568
184308 184309 8.7084
184309 184308 8.7084
184309 184310 6.5376
184310 184309 6.5376
1411528 1411527 5.0544
1411527 1411528 5.0544
1411527 184311 2.5632
184311 1411527 2.5632
184311 1411529 12.3456
1411529 184311 12.3456
1411529 184302 24.2232
184302 1411529 24.2232
184317 184318 19.9008
184318 184317 19.9008
184318 184319 10.1664
184319 184318 10.1664
184319 184320 4.7232
184320 184319 4.7232
184320 546376 36.0072
546376 184320 36.0072
546376 184321 10.2744
184321 546376 10.2744
184321 184322 18.864
184322 184321 18.864
184322 1422619 10.3896
1422619 184322 10.3896
1422619 546378 24.2856
546378 1422619 24.2856
184323 184324 8.9136
184324 184323 8.9136
184324 184325 38.7432
184325 184324 38.7432
184325 184326 13.0824
184326 184325 13.0824
184326 184327 24.7608
184327 184326 24.7608
184327 184328 18.3528
184328 184327 18.3528
184328 184329 194.8968
184329 184328 194.8968
184329 184330 188.0424
184330 184329 188.0424
184330 607141 94.4352
607141 184330 94.4352
607141 184331 60.1632
184331 607141 60.1632
184331 184332 74.6784
184332 184331 74.6784
184332 184333 31.2408
184333 184332 31.2408
184333 1300553 6.1632
1300553 184333 6.1632
1300553 1300556 1.9872
1300556 1300553 1.9872
1300556 1291139 4.9536
1291139 1300556 4.9536
1291139 1251534 11.0232
1251534 1291139 11.0232
1251534 1300554 3.5712
1300554 1251534 3.5712
1300554 178472 12.8376
178472 1300554 12.8376
186616 186617 1.323
186617 186616 1.323
186617 186618 37.0728
186618 186617 37.0728
186618 186639 0.7758
186639 186618 0.7758
186639 186632 25.9146
186632 186639 25.9146
186632 186631 23.4252
186631 186632 23.4252
186631 186619 31.2102
186619 186631 31.2102
186613 186615 1.368
186615 186613 1.368
186615 186620 13.68
186620 186615 13.68
186620 186633 25.9722
186633 186620 25.9722
186633 186624 26.6022
186624 186633 26.6022
186624 186625 23.2722
186625 186624 23.2722
186625 186621 26.5302
186621 186625 26.5302
186614 186622 1.4292
186622 186614 1.4292
186622 186634 38.0034
186634 186622 38.0034
186634 186626 26.8542
186626 186634 26.8542
186626 186627 23.5206
186627 186626 23.5206
186627 186623 18.0288
186623 186627 18.0288
186619 186628 1.332
186628 186619 1.332
186628 186629 3.8808
186629 186628 3.8808
186629 186621 23.6664
186621 186629 23.6664
186621 186630 23.2884
186630 186621 23.2884
186630 186623 6.1236
186623 186630 6.1236
186631 186625 12.5946
186625 186631 12.5946
186625 186627 12.4344
186627 186625 12.4344
186627 187898 9.144
187898 186627 9.144
178471 178472 2.3211
178472 178471 2.3211
178472 1300555 1.8981
1300555 178472 1.8981
1300555 1595920 1.593
1595920 1300555 1.593
1595920 1291137 0.972
1291137 1595920 0.972
1291137 178473 3.3723
178473 1291137 3.3723
178473 1595922 1.4553
1595922 178473 1.4553
1595922 839684 1.6551
839684 1595922 1.6551
839684 178474 2.4426
178474 839684 2.4426
178474 1595917 1.4085
1595917 178474 1.4085
1595917 1291047 2.4372
1291047 1595917 2.4372
1291047 1595916 5.0733
1595916 1291047 5.0733
1595916 1291046 1.3158
1291046 1595916 1.3158
1291046 178475 0.7191
178475 1291046 0.7191
178475 839683 2.4408
839683 178475 2.4408
839683 1595915 1.5399
1595915 839683 1.5399
1595915 187901 2.0322
187901 1595915 2.0322
187901 1595914 3.6279
1595914 187901 3.6279
1595914 187902 3.1041
187902 1595914 3.1041
187902 1291045 2.7855
1291045 187902 2.7855
1291045 178476 2.097
178476 1291045 2.097
178476 839682 2.4579
839682 178476 2.4579
839682 1291136 0.6903
1291136 839682 0.6903
1291136 178477 0.5499
178477 1291136 0.5499
187889 187890 42.7392
187890 187889 42.7392
187890 187891 52.1496
187891 187890 52.1496
187891 187892 24.498
187892 187891 24.498
187888 187893 13.8024
187893 187888 13.8024
187893 187894 92.5704
187894 187893 92.5704
187894 187895 4.2948
187895 187894 4.2948
187895 187896 1.548
187896 187895 1.548
187896 187892 2.6136
187892 187896 2.6136
187886 187897 1.7676
187897 187886 1.7676
187897 187898 1.89
187898 187897 1.89
187898 187899 4.356
187899 187898 4.356
187899 1291140 12.654
1291140 187899 12.654
1291140 187900 22.5144
187900 1291140 22.5144
187903 187918 5.2119
187918 187903 5.2119
187918 187904 6.2226
187904 187918 6.2226
187904 187917 5.6385
187917 187904 5.6385
187917 187906 6.4323
187906 187917 6.4323
187906 187905 11.5686
187905 187906 11.5686
186637 187912 11.7738
187912 186637 11.7738
187912 839678 11.7918
839678 187912 11.7918
839678 186638 11.8962
186638 839678 11.8962
186636 187907 0.8109
187907 186636 0.8109
187907 839680 1.6821
839680 187907 1.6821
839680 187908 2.2203
187908 839680 2.2203
187908 839681 0.5058
839681 187908 0.5058
839681 187909 0.4806
187909 839681 0.4806
187909 187910 5.6106
187910 187909 5.6106
187910 187913 11.9412
187913 187910 11.9412
187913 187911 5.2596
187911 187913 5.2596
187910 187912 16.3458
187912 187910 16.3458
187912 187917 19.8666
187917 187912 19.8666
187913 186638 13.3452
186638 187913 13.3452
186638 187918 14.9364
187918 186638 14.9364
187911 187921 0.8568
187921 187911 0.8568
187921 187922 0.9468
187922 187921 0.9468
187922 187924 21.2598
187924 187922 21.2598
187924 187925 2.0916
187925 187924 2.0916
187925 187903 1.1448
187903 187925 1.1448
485359 485358 5.0184
485358 485359 5.0184
485358 485356 11.0124
485356 485358 11.0124
485356 1228245 18.0999
1228245 485356 18.0999
1228245 1228244 0.3501
1228244 1228245 0.3501
1228244 485352 0.3753
485352 1228244 0.3753
485352 1228243 5.3649
1228243 485352 5.3649
1228243 1228242 0.4401
1228242 1228243 0.4401
1228242 192397 0.3483
192397 1228242 0.3483
192397 192429 15.5052
192429 192397 15.5052
192429 485355 2.2932
485355 192429 2.2932
485355 485357 11.412
485357 485355 11.412
485357 192414 3.942
192414 485357 3.942
192425 369178 34.6968
369178 192425 34.6968
369178 192373 102.672
192373 369178 102.672
192373 369181 136.764
369181 192373 136.764
192455 356743 28.4712
356743 192455 28.4712
356743 356750 4.926
356750 356743 4.926
356750 1609288 32.2392
1609288 356750 32.2392
1609288 192393 3.1692
192393 1609288 3.1692
356748 546380 4.7952
546380 356748 4.7952
546380 192428 0.8316
192428 546380 0.8316
478899 478898 9.2232
478898 478899 9.2232
478898 478897 11.7288
478897 478898 11.7288
478897 371305 15.4548
371305 478897 15.4548
371305 1609285 1.8072
1609285 371305 1.8072
192482 356754 3.8436
356754 192482 3.8436
356754 1422133 3.0906
1422133 356754 3.0906
1422133 192433 1.1922
192433 1422133 1.1922
192433 192403 7.929
192403 192433 7.929
192403 1467761 1.8642
1467761 192403 1.8642
1467761 1467760 4.5186
1467760 1467761 4.5186
1467760 1467759 1.2888
1467759 1467760 1.2888
1467759 192401 4.464
192401 1467759 4.464
192401 1422115 9.7098
1422115 192401 9.7098
1422115 1609287 10.5924
1609287 1422115 10.5924
1609287 192364 0.9006
192364 1609287 0.9006
192364 192393 0.8538
192393 192364 0.8538
192393 1654092 2.8452
1654092 192393 2.8452
1654092 1420205 0.5856
1420205 1654092 0.5856
1420205 664372 3.9018
664372 1420205 3.9018
664372 820512 3.6288
820512 664372 3.6288
820512 192366 1.1322
192366 820512 1.1322
192366 820511 1.4868
820511 192366 1.4868
820511 192439 0.8262
192439 820511 0.8262
192439 820509 0.873
820509 192439 0.873
820509 192408 3.846
192408 820509 3.846
192408 645031 8.4702
645031 192408 8.4702
192469 192377 25.7688
192377 192469 25.7688
192377 1228238 0.5544
1228238 192377 0.5544
1228238 1228239 0.5904
1228239 1228238 0.5904
1228239 1228240 0.7902
1228240 1228239 0.7902
1228240 1228237 23.904
1228237 1228240 23.904
1228237 1228236 0.6552
1228236 1228237 0.6552
1228236 1228235 0.711
1228235 1228236 0.711
1228235 192448 0.8208
192448 1228235 0.8208
192448 192441 30.195
192441 192448 30.195
192483 192456 14.2704
192456 192483 14.2704
192456 1406601 40.6296
1406601 192456 40.6296
1406601 192451 5.6376
192451 1406601 5.6376
192451 192420 21.9168
192420 192451 21.9168
192420 192394 17.2008
192394 192420 17.2008
192394 192367 42.2496
192367 192394 42.2496
192367 1418802 26.1936
1418802 192367 26.1936
1418802 1418803 24.0552
1418803 1418802 24.0552
1418803 1418804 26.6472
1418804 1418803 26.6472
1418804 1423451 61.9344
1423451 1418804 61.9344
1423451 1418805 36.8856
1418805 1423451 36.8856
1418805 1406622 29.6208
1406622 1418805 29.6208
1250292 1729203 0.2472
1729203 1250292 0.2472
1729203 192427 0.228
192427 1729203 0.228
192427 1255527 0.5262
1255527 192427 0.5262
1255527 1250293 0.576
1250293 1255527 0.576
1250293 192400 1.5504
192400 1250293 1.5504
192400 1250294 1.9518
1250294 192400 1.9518
1250294 192375 1.7286
192375 1250294 1.7286
192375 1250295 2.9022
1250295 192375 2.9022
1250295 1250296 0.8142
1250296 1250295 0.8142
1250296 192371 0.4356
192371 1250296 0.4356
192371 192466 0.2304
192466 192371 0.2304
192466 192438 2.3142
192438 192466 2.3142
192438 192407 4.1166
192407 192438 4.1166
192407 192481 1.9914
192481 192407 1.9914
192481 192454 1.8132
192454 192481 1.8132
192454 192423 1.2948
192423 192454 1.2948
192423 1544961 0.333
1544961 192423 0.333
1544961 192398 4.3668
192398 1544961 4.3668
192432 485350 1.5768
485350 192432 1.5768
485350 192363 29.8836
192363 485350 29.8836
192363 485351 16.7292
485351 192363 16.7292
485351 192485 22.7592
192485 485351 22.7592
192485 192458 3.357
192458 192485 3.357
192458 192429 4.5126
192429 192458 4.5126
1276608 1276617 0.156
1276617 1276608 0.156
1276617 1276607 0.1176
1276607 1276617 0.1176
1276607 1276606 0.2862
1276606 1276607 0.2862
1276606 3330 0.2244
3330 1276606 0.2244
3330 192395 0.3072
192395 3330 0.3072
192395 192468 0.5298
192468 192395 0.5298
192468 192440 0.3954
192440 192468 0.3954
192440 192409 9.9378
192409 192440 9.9378
192409 529797 0.4032
529797 192409 0.4032
529797 192385 0.4374
192385 529797 0.4374
192385 529791 0.4062
529791 192385 0.4062
529791 192380 0.4338
192380 529791 0.4338
192380 529787 0.4236
529787 192380 0.4236
529787 192474 0.4782
192474 529787 0.4782
192474 1276609 0.48
1276609 192474 0.48
1276609 1276610 0.4092
1276610 1276609 0.4092
1276610 192447 5.217
192447 1276610 5.217
192447 529774 2.268
529774 192447 2.268
529774 192417 1.3962
192417 529774 1.3962
192417 529773 0.8808
529773 192417 0.8808
529773 192368 6.1248
192368 529773 6.1248
192368 192463 5.9052
192463 192368 5.9052
192463 192435 5.5116
192435 192463 5.5116
192435 192405 2.3442
192405 192435 2.3442
192405 192362 1.8348
192362 192405 1.8348
192362 192460 2.2164
192460 192362 2.2164
192460 192431 1.4286
192431 192460 1.4286
192431 192402 2.6526
192402 192431 2.6526
192402 1437721 2.6202
1437721 192402 2.6202
1437721 192473 2.112
192473 1437721 2.112
192473 192446 5.859
192446 192473 5.859
192446 192416 2.2146
192416 192446 2.2146
192416 192390 3.4644
192390 192416 3.4644
192390 1050475 2.9328
1050475 192390 2.9328
1050475 192389 2.877
192389 1050475 2.877
192389 192484 5.9214
192484 192389 5.9214
1228444 1912560 0.3087
1912560 1228444 0.3087
1912560 1228432 9.1422
1228432 1912560 9.1422
1228432 1228433 0.8451
1228433 1228432 0.8451
1228433 1420918 1.3824
1420918 1228433 1.3824
1420918 1414747 10.1664
1414747 1420918 10.1664
2017798 1414747 1.1466
1414747 2017798 1.1466
144658 1230497 1.4124
1230497 1250262 0.1948
1250262 1250264 0.4312
1250264 1250263 0.4864
1250263 529790 0.2136
529790 200157 0.2252
200157 529802 0.3488
529802 529806 0.3432
529806 1230550 0.0604
47976 201300 13.0104
201300 47976 13.0104
201300 202569 19.8612
202569 201300 19.8612
201313 1836267 2.4228
1836267 201313 2.4228
1836267 1540893 11.9976
1540893 1836267 11.9976
1540893 201315 1.4304
201315 1540893 1.4304
201315 1540892 1.5
1540892 201315 1.5
1540892 201314 11.0052
201314 1540892 11.0052
201314 341463 22.0548
341463 201314 22.0548
341463 206591 1.9104
206591 341463 1.9104
201594 1468543 0.7188
1468543 201594 0.7188
1468543 201585 16.6368
201585 1468543 16.6368
201585 201573 2.4504
201573 201585 2.4504
201573 1468544 2.4624
1468544 201573 2.4624
1468544 201564 8.5656
201564 1468544 8.5656
201564 201574 14.2836
201574 201564 14.2836
201559 1293536 3.5088
1293536 201559 3.5088
1293536 1293537 8.226
1293537 1293536 8.226
1293537 1540407 36.8196
1540407 1293537 36.8196
1540407 201589 4.3296
201589 1540407 4.3296
201564 201566 32.4132
201566 201564 32.4132
201588 1293533 4.2096
1293533 201588 4.2096
1293533 1482344 4.4376
1482344 1293533 4.4376
1482344 1482345 7.9296
1482345 1482344 7.9296
1482345 1293534 7.3284
1293534 1482345 7.3284
1293534 1446040 14.5956
1446040 1293534 14.5956
1446040 1482349 0.4176
1482349 1446040 0.4176
201569 1464747 9.5004
1464747 201569 9.5004
1464747 201579 19.7124
201579 1464747 19.7124
201579 201563 18.162
201563 201579 18.162
201595 201588 2.346
201588 201595 2.346
201588 207731 12.654
207731 201588 12.654
207731 201565 2.4864
201565 207731 2.4864
201565 201591 15.4908
201591 201565 15.4908
201591 1293532 12.2184
1293532 201591 12.2184
201567 201560 11.7072
201560 201567 11.7072
201572 201577 12.4524
201577 201572 12.4524
201577 207830 18.2232
207830 201577 18.2232
207830 201568 22.2432
201568 207830 22.2432
201568 201560 8.0844
201560 201568 8.0844
201591 201581 8.91
201581 201591 8.91
201581 1446041 5.3028
1446041 201581 5.3028
1446041 207790 4.3236
207790 1446041 4.3236
202162 202147 13.008
202147 202162 13.008
202147 314861 10.95
314861 202147 10.95
38053 478835 4.104
478835 38053 4.104
478835 314840 5.8308
314840 478835 5.8308
314840 320815 6.3288
320815 314840 6.3288
320815 1408490 3.7728
1408490 320815 3.7728
1408490 314860 2.2296
314860 1408490 2.2296
314860 202159 11.1252
202159 314860 11.1252
202159 202157 26.7372
202157 202159 26.7372
1412570 478809 3.9762
478809 1412570 3.9762
478809 202153 17.712
202153 478809 17.712
202153 1412979 4.6692
1412979 202153 4.6692
1412979 1412980 33.5844
1412980 1412979 33.5844
1412980 1432904 1.0458
1432904 1412980 1.0458
1432904 202166 15.5304
202166 1432904 15.5304
202148 202147 17.1252
202147 202148 17.1252
202147 202155 27.7896
202155 202147 27.7896
202155 202142 12.48
202142 202155 12.48
202165 202151 8.7828
202151 202165 8.7828
202164 1415100 3.9294
1415100 202164 3.9294
1415100 1455889 12.0978
1455889 1415100 12.0978
1455889 1455888 3.8052
1455888 1455889 3.8052
1455888 202162 7.0254
202162 1455888 7.0254
202162 1519624 14.4954
1519624 202162 14.4954
1519624 1475464 5.7366
1475464 1519624 5.7366
1475464 1432194 3.7368
1432194 1475464 3.7368
202150 202151 12.678
202151 202150 12.678
202151 202137 13.1256
202137 202151 13.1256
202137 202143 27.7788
202143 202137 27.7788
202138 202158 10.3836
202158 202138 10.3836
202157 202137 21.5244
202137 202157 21.5244
202143 202164 6.72
202164 202143 6.72
202164 1455890 1.77
1455890 202164 1.77
1455890 1409543 11.364
1409543 1455890 11.364
1409543 202145 1.8756
202145 1409543 1.8756
202586 1477431 43.7892
1477431 202586 43.7892
1477431 1293449 4.332
1293449 1477431 4.332
1293449 1446658 7.7916
1446658 1293449 7.7916
1446658 364265 8.0796
364265 1446658 8.0796
364265 1293469 7.926
1293469 364265 7.926
1293469 1293463 7.854
1293463 1293469 7.854
1293463 1293470 8.0568
1293470 1293463 8.0568
202559 1200970 27.5472
1200970 202559 27.5472
1200970 460344 10.8576
460344 1200970 10.8576
202560 202565 18.8448
202565 202560 18.8448
202585 202577 15.6828
202577 202585 15.6828
202566 1293427 21.9108
1293427 202566 21.9108
1293427 1293426 9.036
1293426 1293427 9.036
1293426 202570 1.71
202570 1293426 1.71
202574 202582 21.5496
202582 202574 21.5496
202582 356733 23.2584
356733 202582 23.2584
202588 460349 3.132
460349 202588 3.132
202587 1418108 1.8036
1418108 202587 1.8036
1418108 1475473 0.9432
1475473 1418108 0.9432
1475473 1464733 4.3296
1464733 1475473 4.3296
1464733 1464732 8.2596
1464732 1464733 8.2596
1464732 202579 13.6992
202579 1464732 13.6992
202579 202567 12.036
202567 202579 12.036
202578 202561 24.234
202561 202578 24.234
202561 356723 21.5904
356723 202561 21.5904
202580 202568 14.1168
202568 202580 14.1168
47975 1528160 1.2396
1528160 47975 1.2396
202563 1497884 0.6003
1497884 202563 0.6003
1497884 382704 0.252
382704 1497884 0.252
382704 718261 2.4642
718261 382704 2.4642
718261 202580 10.4256
202580 718261 10.4256
202580 1464728 2.7567
1464728 202580 2.7567
1464728 460351 3.9168
460351 1464728 3.9168
460351 202585 2.1681
202585 460351 2.1681
202585 1417707 6.0111
1417707 202585 6.0111
1417707 202562 2.9997
202562 1417707 2.9997
202562 1464729 1.8747
1464729 202562 1.8747
203518 1418898 43.524
1418898 203518 43.524
1418898 203520 15.3108
203520 1418898 15.3108
203520 951605 16.236
951605 203520 16.236
951605 1463995 15.4908
1463995 951605 15.4908
1463995 1419323 43.8732
1419323 1463995 43.8732
1419323 1398428 8.892
1398428 1419323 8.892
206110 206111 25.0452
206111 206110 25.0452
206111 1259956 2.5983
1259956 206111 2.5983
1259956 206112 2.7306
206112 1259956 2.7306
206112 1464743 1.0521
1464743 206112 1.0521
1464743 206113 7.9695
206113 1464743 7.9695
206113 1293667 0.9
1293667 206113 0.9
1293667 206114 4.8186
206114 1293667 4.8186
206114 206564 8.7057
206564 206114 8.7057
206564 206565 11.4021
206565 206564 11.4021
206565 206115 1.3167
206115 206565 1.3167
206228 1482342 0.3132
1482342 206228 0.3132
1482342 208446 2.7882
208446 1482342 2.7882
208446 206176 0.822
206176 208446 0.822
206176 208029 2.1912
208029 206176 2.1912
208029 1482334 0.1338
1482334 208029 0.1338
1482334 206177 0.687
206177 1482334 0.687
206177 1482333 1.1124
1482333 206177 1.1124
1482333 206178 0.6738
206178 1482333 0.6738
206178 1482332 0.3066
1482332 206178 0.3066
1482332 206179 1.9776
206179 1482332 1.9776
206179 1293662 1.0386
1293662 206179 1.0386
1293662 206180 2.1948
206180 1293662 2.1948
206180 206181 2.9244
206181 206180 2.9244
206181 1482331 1.0644
1482331 206181 1.0644
1482331 1482330 0.9534
1482330 1482331 0.9534
1482330 206182 0.4428
206182 1482330 0.4428
206182 1482329 0.687
1482329 206182 0.687
1482329 206232 1.3872
206232 1482329 1.3872
206232 1482328 1.3206
1482328 206232 1.3206
1482328 206183 1.5492
206183 1482328 1.5492
206183 1482327 0.5616
1482327 206183 0.5616
1482327 361556 0.4998
361556 1482327 0.4998
47968 1469813 0.6957
1469813 47968 0.6957
1469813 206110 1.9908
206110 1469813 1.9908
206110 206184 15.3855
206184 206110 15.3855
206184 206185 3.3615
206185 206184 3.3615
206185 1259955 2.7837
1259955 206185 2.7837
1259955 206186 2.2896
206186 1259955 2.2896
206186 1259954 2.1663
1259954 206186 2.1663
1259954 206187 2.0439
206187 1259954 2.0439
206187 206188 5.4369
206188 206187 5.4369
206188 206224 3.5829
206224 206188 3.5829
206224 1464741 3.8844
1464741 206224 3.8844
1464741 206189 1.6758
206189 1464741 1.6758
206189 206190 8.5644
206190 206189 8.5644
206190 1477442 1.2204
1477442 206190 1.2204
1477442 206191 4.8492
206191 1477442 4.8492
206191 1259971 1.8666
1259971 206191 1.8666
1259971 206192 2.2554
206192 1259971 2.2554
206192 1259972 2.9385
1259972 206192 2.9385
1259972 1477438 1.0764
1477438 1259972 1.0764
1477438 1293669 1.0962
1293669 1477438 1.0962
1293669 206193 1.395
206193 1293669 1.395
206193 1477436 0.6453
1477436 206193 0.6453
1477436 206194 0.7389
206194 1477436 0.7389
206194 1477435 0.5481
1477435 206194 0.5481
1477435 206195 0.6381
206195 1477435 0.6381
206195 206196 9.8541
206196 206195 9.8541
206196 206197 6.7644
206197 206196 6.7644
206197 206198 6.4557
206198 206197 6.4557
206198 1259976 1.2366
1259976 206198 1.2366
1259976 206199 1.2546
206199 1259976 1.2546
206199 1259977 1.287
1259977 206199 1.287
1259977 206200 1.2366
206200 1259977 1.2366
206200 206201 1.8234
206201 206200 1.8234
206201 206202 12.7125
206202 206201 12.7125
206202 1259949 1.1349
1259949 206202 1.1349
1259949 206203 0.9963
206203 1259949 0.9963
206203 1259948 0.8991
1259948 206203 0.8991
1259948 206204 2.2077
206204 1259948 2.2077
206204 1477443 3.5451
1477443 206204 3.5451
1477443 460342 0.7749
460342 1477443 0.7749
460342 206205 3.5901
206205 460342 3.5901
206205 1259946 1.134
1259946 206205 1.134
1259946 206206 1.0611
206206 1259946 1.0611
206206 1259947 0.9342
1259947 206206 0.9342
1259947 206207 1.0269
206207 1259947 1.0269
206207 206208 7.353
206208 206207 7.353
206208 206209 1.521
206209 206208 1.521
206209 206210 3.1347
206210 206209 3.1347
206210 1293466 5.5917
1293466 206210 5.5917
201580 1836281 0.7938
1836281 201580 0.7938
1836281 206228 8.4912
206228 1836281 8.4912
206228 58120 4.053
58120 206228 4.053
206193 1293670 1.7388
1293670 206193 1.7388
1293670 1477437 1.6512
1477437 1293670 1.6512
1477437 206211 12.846
206211 1477437 12.846
206211 206212 18.2052
206212 206211 18.2052
206212 1477440 16.3512
1477440 206212 16.3512
1477440 207014 4.4556
