27955
13679 1425443 20.5776
1425443 13679 20.5776
1425443 1563032 4.0608
1563032 1425443 4.0608
1563032 494491 1.0152
494491 1563032 1.0152
18177 18165 2.9083
18165 18177 2.9083
18165 18166 2.2068
18166 18165 2.2068
18166 18167 7.9236
18167 18166 7.9236
18167 38065 3.4673
38065 18167 3.4673
38065 18168 1.224
18168 38065 1.224
18168 38066 2.8023
38066 18168 2.8023
38066 18169 3.0903
18169 38066 3.0903
18169 38067 3.1104
38067 18169 3.1104
38067 1617615 2.2773
1617615 38067 2.2773
1617615 24321 0.9483
24321 1617615 0.9483
24321 38068 1.6159
38068 24321 1.6159
38068 38070 0.9041
38070 38068 0.9041
38070 18170 0.8686
18170 38070 0.8686
18170 1617633 6.1678
1617633 18170 6.1678
1617633 38069 2.7237
38069 1617633 2.7237
38069 1989051 5.9657
1989051 38069 5.9657
1989051 18171 3.0338
18171 1989051 3.0338
18171 38063 1.6185
38063 18171 1.6185
38063 18172 1.3361
18172 38063 1.3361
18172 18173 4.0233
18173 18172 4.0233
18173 38064 2.5611
38064 18173 2.5611
38064 18174 1.2003
18174 38064 1.2003
18174 1989048 0.9957
1989048 18174 0.9957
1989048 1285434 0.4068
1285434 1989048 0.4068
1285434 68661 0.6917
68661 1285434 0.6917
68661 1285433 4.0371
1285433 68661 4.0371
1285433 1028980 4.409
1028980 1285433 4.409
1028980 20560 2.3991
20560 1028980 2.3991
20560 18175 12.1598
18175 20560 12.1598
18175 420108 1.8725
420108 18175 1.8725
420108 324283 5.7893
324283 420108 5.7893
324283 1529746 3.204
1529746 324283 3.204
1529746 1467243 0.2587
1467243 1529746 0.2587
1467243 247459 0.901
247459 1467243 0.901
20560 20510 9.768
20510 20560 9.768
20510 20511 6.7548
20511 20510 6.7548
20511 576619 0.9996
576619 20511 0.9996
576619 576620 3.7404
576620 576619 3.7404
576620 576617 3.9828
576617 576620 3.9828
576617 576618 1.026
576618 576617 1.026
576618 247310 0.84
247310 576618 0.84
162969 1695610 0.2491
1695610 162969 0.2491
1695610 20668 3.276
20668 1695610 3.276
20668 829453 3.8268
829453 20668 3.8268
829453 829454 3.8902
829454 829453 3.8902
829454 829455 4.2437
829455 829454 4.2437
829455 20669 4.0694
20669 829455 4.0694
20669 829456 1.7323
829456 20669 1.7323
829456 20670 1.8641
20670 829456 1.8641
20670 829457 4.9291
829457 20670 4.9291
829457 20671 1.6906
20671 829457 1.6906
20671 20672 1.8814
20672 20671 1.8814
20672 829458 2.093
829458 20672 2.093
829458 829459 1.5358
829459 829458 1.5358
829459 20673 1.4141
20673 829459 1.4141
20673 829460 3.6756
829460 20673 3.6756
829460 829461 2.7583
829461 829460 2.7583
829461 829462 1.5523
829462 829461 1.5523
829462 829463 3.5647
829463 829462 3.5647
829463 829464 2.453
829464 829463 2.453
829464 829465 1.7143
829465 829464 1.7143
829465 512720 1.7827
512720 829465 1.7827
512720 829466 12.3998
829466 512720 12.3998
20812 218381 142.4592
218381 20812 142.4592
218381 1829759 13.644
1829759 218381 13.644
1829759 728870 24.8688
728870 1829759 24.8688
728870 1822044 72.2808
1822044 728870 72.2808
1822044 218371 33.0696
218371 1822044 33.0696
218371 1829757 18.0792
1829757 218371 18.0792
1829757 1295145 29.5776
1295145 1829757 29.5776
1295145 218384 38.0376
218384 1295145 38.0376
218384 1827807 3.6288
1827807 218384 3.6288
1827807 1827809 3.0528
1827809 1827807 3.0528
1827809 218344 99.3168
218344 1827809 99.3168
218344 1827811 17.3016
1827811 218344 17.3016
1827811 1193249 40.7808
1193249 1827811 40.7808
1193249 1288762 1.1952
1288762 1193249 1.1952
38485 26103 2.9352
26103 26104 5.085
26104 26105 3.1926
26105 389258 1.977
389258 26106 2.0676
26106 389259 1.9578
389259 389260 1.9512
389260 26107 1.1748
26107 389261 1.4022
389261 26108 5.7768
27235 910390 0.4848
910390 910391 0.4338
910391 989541 0.1584
989541 26112 0.2058
26112 26113 0.4764
26113 26114 0.4902
26114 1865568 0.2514
1865568 20577 0.5772
20576 389279 3.6726
389279 989542 0.8496
989542 389278 0.9648
389278 910394 1.5336
910394 20577 3.447
20577 389274 1.9068
389274 389272 2.991
389272 389271 1.4334
389271 20578 1.3434
20578 389270 1.542
389270 26109 1.383
26109 26110 1.4064
26110 20579 1.2096
20579 26111 1.0026
26111 20580 1.3266
20580 910389 1.5354
910389 5646 5.6886
26670 26671 70.3512
26671 26670 70.3512
910367 1453818 19.6956
1453818 26672 4.77
26672 26673 38.7972
26673 1409579 5.4216
1409579 26674 8.388
26674 1965950 4.8708
1965950 1770334 5.1336
1770334 1453803 7.7904
1453803 26675 8.1972
27161 1028154 64.458
1028154 27161 64.458
1028154 1623188 30.3588
1623188 1028154 30.3588
1623188 27160 2.3076
27160 1623188 2.3076
27163 1490570 8.0112
1490570 27163 8.0112
1490570 1490569 1.0956
1490569 1490570 1.0956
1490569 27164 1.0476
27164 1490569 1.0476
27164 27194 5.8392
27194 27164 5.8392
27194 27165 11.8716
27165 27194 11.8716
27165 27166 11.3724
27166 27165 11.3724
27166 27167 9.7656
27167 27166 9.7656
27167 27172 9.7956
27172 27167 9.7956
27172 27186 0.9648
27186 27172 0.9648
27186 27168 3.4248
27168 27186 3.4248
27168 1974495 3.8484
1974495 27168 3.8484
1974495 27169 3.5856
27169 1974495 3.5856
27169 27170 6.2484
27170 27169 6.2484
27170 494571 2.8296
494571 27170 2.8296
494571 27171 1.3296
27171 494571 1.3296
27172 27173 5.6796
27173 27172 5.6796
27173 27211 3.4884
27211 27173 3.4884
27211 27174 5.0364
27174 27211 5.0364
27174 27175 4.4916
27175 27174 4.4916
27175 27176 3.9816
27176 27175 3.9816
27176 27177 3.5832
27177 27176 3.5832
27177 27178 3.15
27178 27177 3.15
27178 1974490 3.042
1974490 27178 3.042
1974490 27179 2.9376
27179 1974490 2.9376
27179 27180 2.9976
27180 27179 2.9976
27180 1974489 3.3024
1974489 27180 3.3024
1974489 27181 2.7348
27181 1974489 2.7348
27181 27182 2.3592
27182 27181 2.3592
27182 1974488 3.1056
1974488 27182 3.1056
1974488 27183 2.5416
27183 1974488 2.5416
27183 27184 1.9212
27184 27183 1.9212
27184 27185 6.504
27185 27184 6.504
27185 27165 1.9092
27165 27185 1.9092
27186 27187 4.4196
27187 27186 4.4196
27187 27188 4.0704
27188 27187 4.0704
27188 27189 2.6724
27189 27188 2.6724
27189 27190 3.0768
27190 27189 3.0768
27190 27191 1.3752
27191 27190 1.3752
27191 494534 3.2916
494534 27191 3.2916
494534 27192 20.7468
27192 494534 20.7468
27192 1799167 1.7172
1799167 27192 1.7172
1799167 27193 12.9696
27193 1799167 12.9696
27193 27194 3.126
27194 27193 3.126
27192 27195 2.1372
27195 27192 2.1372
27195 27196 2.322
27196 27195 2.322
27196 1804206 7.806
1804206 27196 7.806
1804206 27197 7.4628
27197 1804206 7.4628
27197 1974419 7.1808
1974419 27197 7.1808
1974419 27198 2.1288
27198 1974419 2.1288
27184 27203 9.1608
27203 27184 9.1608
27203 1974487 2.5836
1974487 27203 2.5836
1974487 27204 8.4108
27204 1974487 8.4108
27182 27205 21.5712
27205 27182 21.5712
27205 27206 29.9844
27206 27205 29.9844
27179 1974492 5.1696
1974492 27179 5.1696
1974492 27207 19.2024
27207 1974492 19.2024
27207 27208 6.5376
27208 27207 6.5376
27208 27209 36.5652
27209 27208 36.5652
1974493 1974494 3.3552
1974494 1974493 3.3552
1974494 27210 4.6584
27210 1974494 4.6584
27210 27211 16.5024
27211 27210 16.5024
27166 27212 7.2936
27212 27166 7.2936
27223 27212 0.9624
27212 27223 0.9624
27212 27213 0.9636
27213 27212 0.9636
27213 27214 0.9624
27214 27213 0.9624
27214 27215 0.9624
27215 27214 0.9624
27215 27216 0.9636
27216 27215 0.9636
27216 27217 0.9624
27217 27216 0.9624
27217 27218 0.9624
27218 27217 0.9624
27218 27219 0.9624
27219 27218 0.9624
27219 27220 0.9624
27220 27219 0.9624
27220 27221 0.9624
27221 27220 0.9624
27221 27222 0.9636
27222 27221 0.9636
27222 27223 0.9636
27223 27222 0.9636
1813956 36500 3.6
36500 1813956 3.6
36500 18144 2.5188
18144 36500 2.5188
18144 18145 3.5886
18145 18144 3.5886
18145 18146 2.73
18146 18145 2.73
18146 1341374 2.4972
1341374 18146 2.4972
1341374 36501 5.7816
36501 1341374 5.7816
36501 18147 3.093
18147 36501 3.093
18147 36495 3.3894
36495 18147 3.3894
36495 18148 5.1534
18148 36495 5.1534
18148 18149 2.9742
18149 18148 2.9742
18149 36496 2.4648
36496 18149 2.4648
36496 18150 2.727
18150 36496 2.727
18150 1341373 0.8268
1341373 18150 0.8268
1341373 1584658 8.175
1584658 1341373 8.175
1584658 205866 1.119
205866 1584658 1.119
205866 36497 9.7626
36497 205866 9.7626
36497 36498 11.8458
36498 36497 11.8458
36498 18151 6.5784
18151 36498 6.5784
18151 313929 1.4418
313929 18151 1.4418
313929 36493 0.4032
36493 313929 0.4032
36493 1508890 0.3606
1508890 36493 0.3606
1508890 18152 2.0118
18152 1508890 2.0118
18152 36494 2.2836
36494 18152 2.2836
36494 18153 3.0918
18153 36494 3.0918
18153 18154 10.404
18154 18153 10.404
18154 18177 10.398
18177 18154 10.398
18177 36491 2.6724
36491 18177 2.6724
36491 330840 1.3806
330840 36491 1.3806
330840 36492 1.3218
36492 330840 1.3218
36492 18155 2.1606
18155 36492 2.1606
18155 18156 3.555
18156 18155 3.555
18156 18157 2.5998
18157 18156 2.5998
38475 389264 5.3754
389264 38476 0.8622
38476 389266 1.539
389266 660988 1.443
660988 389268 1.1466
389268 389269 1.5006
389269 38477 9.258
38477 389273 6.498
389273 38478 2.541
38478 389275 3.012
389275 38479 3.3648
38479 910393 0.7524
910393 389277 0.5712
389277 38480 0.6654
38480 389276 0.4824
389276 910392 0.486
910392 27235 0.6114
38481 38482 7.0668
38482 389267 1.4922
389267 389265 1.131
389265 1086912 1.275
1086912 38745 0.9216
38745 389263 1.08
389263 1086911 1.2264
1086911 389262 1.0362
389262 38483 4.4232
38483 38746 6.9834
38746 38488 7.3452
38488 1785787 1.371
1785787 389252 1.2084
389252 38484 1.2768
38484 989544 1.4904
989544 910369 1.4544
910369 27234 3.225
38487 389257 1.2834
389257 1994206 0.3042
1994206 38486 0.5766
38486 389255 0.8016
389255 389256 0.693
389256 38485 0.9972
38488 389253 0.6816
389253 1785783 0.543
1785783 38489 0.3834
38489 989543 0.474
989543 910373 0.3684
910373 389254 0.2472
389254 1785784 0.3528
27232 29245 0.7914
29245 27232 0.7914
29245 19442 1.2744
19442 29245 1.2744
19442 19441 2.1948
19441 19442 2.1948
19441 29243 1.1892
29243 19441 1.1892
29243 29244 0.8958
29244 29243 0.8958
29244 1425448 0.5496
1425448 29244 0.5496
1425448 29246 0.624
29246 1425448 0.624
29246 1466777 2.6616
1466777 29246 2.6616
1466777 470075 1.3356
470075 1466777 1.3356
470075 19440 2.2746
19440 470075 2.2746
19440 29249 6.1266
29249 19440 6.1266
29249 19439 0.414
19439 29249 0.414
19439 29247 1.0476
29247 19439 1.0476
29247 29248 0.2664
29248 29247 0.2664
29248 19438 0.726
19438 29248 0.726
19438 19437 6.6384
19437 19438 6.6384
19437 1979654 1.7364
1979654 19437 1.7364
1979654 29250 2.4708
29250 1979654 2.4708
29250 29251 2.637
29251 29250 2.637
29251 19436 1.6218
19436 29251 1.6218
19436 29252 1.1982
29252 19436 1.1982
29252 19435 1.854
19435 29252 1.854
19435 1971518 0.8856
1971518 19435 0.8856
1971518 364057 0.8196
364057 1971518 0.8196
19416 19415 2.9815
19415 19416 2.9815
19415 1975160 0.1591
1975160 19415 0.1591
1975160 855661 0.401
855661 1975160 0.401
855661 348497 0.7225
348497 855661 0.7225
348497 323935 1.1758
323935 348497 1.1758
323935 470104 3.8275
470104 323935 3.8275
470104 29270 0.3794
29270 470104 0.3794
29270 19414 0.8539
19414 29270 0.8539
19414 19413 2.8847
19413 19414 2.8847
19413 19412 4.9673
19412 19413 4.9673
19412 1695597 0.1055
1695597 19412 0.1055
1695597 29271 1.6931
29271 1695597 1.6931
29271 19411 1.4753
19411 29271 1.4753
19411 1467238 1.0544
1467238 19411 1.0544
1467238 688043 1.058
688043 1467238 1.058
18176 1475804 6.4404
1475804 18176 6.4404
1475804 1673356 2.46
1673356 1475804 2.46
1673356 1475796 8.1072
1475796 1673356 8.1072
1475796 541243 10.9656
541243 1475796 10.9656
541243 541244 4.7964
541244 541243 4.7964
541244 142784 10.5036
142784 541244 10.5036
142784 545084 11.5416
545084 142784 11.5416
545084 1475826 12.8184
1475826 545084 12.8184
1475826 545089 21.3168
545089 1475826 21.3168
545089 545091 14.046
545091 545089 14.046
545091 20621 2.37
20621 545091 2.37
20621 1201569 2.8752
1201569 20621 2.8752
1201569 68652 7.0332
68652 1201569 7.0332
68652 1475839 5.424
1475839 68652 5.424
1475839 1746207 2.4792
1746207 1475839 2.4792
1746207 68653 2.4012
68653 1746207 2.4012
68653 1475848 7.4592
1475848 68653 7.4592
1475848 1201568 7.8168
1201568 1475848 7.8168
545086 1475852 6.1932
1475852 545086 6.1932
1475852 68640 0.9612
68640 1475852 0.9612
68640 1475853 0.9732
1475853 68640 0.9732
1475853 68641 34.8444
68641 1475853 34.8444
68642 1475823 0.7164
1475823 68642 0.7164
1475823 68643 36.1776
68643 1475823 36.1776
68643 68644 6.1128
68644 68643 6.1128
68644 1475809 14.6136
1475809 68644 14.6136
1475809 1475808 9.6108
1475808 1475809 9.6108
1475808 68645 1.014
68645 1475808 1.014
68645 1475807 0.8472
1475807 68645 0.8472
1475807 1475806 10.242
1475806 1475807 10.242
1475806 68646 0.7632
68646 1475806 0.7632
68646 1475805 0.7068
1475805 68646 0.7068
1475805 1110590 1.1736
1110590 1475805 1.1736
1110590 68647 4.1148
68647 1110590 4.1148
68647 68648 3.7272
68648 68647 3.7272
68648 68649 23.466
68649 68648 23.466
68649 1475810 2.2224
1475810 68649 2.2224
1475810 1475822 34.1496
1475822 1475810 34.1496
1475822 1475811 0.9408
1475811 1475822 0.9408
1475811 68650 0.8232
68650 1475811 0.8232
68650 1475812 4.7628
1475812 68650 4.7628
1475812 68651 0.9564
68651 1475812 0.9564
68651 1475813 0.7776
1475813 68651 0.7776
1475813 1475824 7.1208
1475824 1475813 7.1208
1475824 68642 0.612
68642 1475824 0.612
1387057 1018059 6.3144
1018059 1387057 6.3144
1018059 1746208 9.8136
1746208 1018059 9.8136
1746208 1934420 5.9112
1934420 1746208 5.9112
1934420 68655 5.0112
68655 1934420 5.0112
68655 1018063 5.0112
1018063 68655 5.0112
1018063 1934419 6.408
1934419 1018063 6.408
1934419 1018064 37.0692
1018064 1934419 37.0692
1018064 1387042 7.47
1387042 1018064 7.47
1387042 1018065 13.0968
1018065 1387042 13.0968
1018065 1018066 4.464
1018066 1018065 4.464
1018066 1018067 7.5384
1018067 1018066 7.5384
18175 68660 4.9176
68660 18175 4.9176
68660 68659 37.0476
68659 68660 37.0476
68659 68656 64.818
68656 68659 64.818
68656 68657 57.1716
68657 68656 57.1716
68657 68658 102.5424
68658 68657 102.5424
68658 1028980 5.2704
1028980 68658 5.2704
2016002 1000010 3.9888
1000010 2016002 3.9888
1000010 1000012 46.0728
1000012 1000010 46.0728
1000012 1000011 33.84
1000011 1000012 33.84
1000011 70055 32.04
70055 1000011 32.04
70055 1000013 35.6904
1000013 70055 35.6904
1000013 70056 9.432
70056 1000013 9.432
70056 70057 180.144
70057 70056 180.144
70057 1000009 9.6912
1000009 70057 9.6912
1000009 70058 14.8968
70058 1000009 14.8968
70058 1428301 22.8312
1428301 70058 22.8312
1428301 1428300 16.6968
1428300 1428301 16.6968
1428300 1428299 16.02
1428299 1428300 16.02
1428299 1428298 39.42
1428298 1428299 39.42
1428298 70059 46.8648
70059 1428298 46.8648
70059 70060 94.4136
70060 70059 94.4136
70060 1632173 25.4376
1632173 70060 25.4376
1632173 324139 43.2792
324139 1632173 43.2792
324139 323940 37.764
323940 324139 37.764
323940 70061 44.0784
70061 323940 44.0784
70061 632135 184.8384
632135 70061 184.8384
632135 70062 18.576
70062 632135 18.576
70062 70063 15.6888
70063 70062 15.6888
70063 632136 9.3888
632136 70063 9.3888
632136 324019 7.4304
324019 632136 7.4304
324019 632137 15.0912
632137 324019 15.0912
632137 632138 9.6696
632138 632137 9.6696
632138 324096 6.9264
324096 632138 6.9264
324096 632139 12.1464
632139 324096 12.1464
632139 323918 12.24
323918 632139 12.24
323918 632140 16.9128
632140 323918 16.9128
632140 632141 13.9464
632141 632140 13.9464
632141 324136 21.384
324136 632141 21.384
324136 632142 15.6816
632142 324136 15.6816
632142 1000022 6.264
1000022 632142 6.264
1000022 323961 7.2648
323961 1000022 7.2648
323961 632143 20.8872
632143 323961 20.8872
632143 324039 12.276
324039 632143 12.276
324039 324116 15.444
324116 324039 15.444
324116 324056 8.316
324056 324116 8.316
324056 632144 5.9688
632144 324056 5.9688
632144 324133 6.8544
324133 632144 6.8544
324133 323957 21.0384
323957 324133 21.0384
323957 324035 19.6272
324035 323957 19.6272
324035 632145 10.5624
632145 324035 10.5624
632145 632162 9.756
632162 632145 9.756
632162 632174 9.1584
632174 632162 9.1584
632174 632181 6.9264
632181 632174 6.9264
632181 323999 9.4104
323999 632181 9.4104
323999 324078 28.9008
324078 323999 28.9008
324078 324154 12.4128
324154 324078 12.4128
324154 632204 8.0712
632204 324154 8.0712
632204 323976 7.992
323976 632204 7.992
323976 632219 13.896
632219 323976 13.896
632219 324166 11.4912
324166 632219 11.4912
324166 323992 14.8752
323992 324166 14.8752
323992 632244 12.2616
632244 323992 12.2616
632244 324072 14.9544
324072 632244 14.9544
324072 632257 11.2968
632257 324072 11.2968
632257 632262 5.7456
632262 632257 5.7456
632262 324150 5.8896
324150 632262 5.8896
324150 632268 5.3136
632268 324150 5.3136
632268 324111 8.5896
324111 632268 8.5896
324111 632275 7.0992
632275 324111 7.0992
632275 323934 6.2712
323934 632275 6.2712
323934 632295 19.5048
632295 323934 19.5048
632295 324014 28.3464
324014 632295 28.3464
324014 324091 19.3392
324091 324014 19.3392
324091 632337 19.3032
632337 324091 19.3032
632337 324030 12.9528
324030 632337 12.9528
324030 632368 16.0416
632368 324030 16.0416
632368 632372 19.1808
632372 632368 19.1808
632372 324106 15.192
324106 632372 15.192
324106 323929 26.9784
323929 324106 26.9784
323929 632379 13.9608
632379 323929 13.9608
632379 324008 13.4136
324008 632379 13.4136
324008 323973 49.3272
323973 324008 49.3272
323973 324053 30.7368
324053 323973 30.7368
324053 324127 45.0432
324127 324053 45.0432
324127 323952 45.7848
323952 324127 45.7848
323952 324146 51.732
324146 323952 51.732
324146 323969 75.5568
323969 324146 75.5568
323969 324047 66.024
324047 323969 66.024
324047 324122 38.2896
324122 324047 38.2896
324122 324086 45.288
324086 324122 45.288
324086 324162 7.1928
324162 324086 7.1928
324162 323987 21.924
323987 324162 21.924
323987 324068 37.5192
324068 323987 37.5192
324068 324006 22.9392
324006 324068 22.9392
324006 324084 27.432
324084 324006 27.432
324084 324159 26.4456
324159 324084 26.4456
324159 323983 38.88
323983 324159 38.88
323983 323946 32.7096
323946 323983 32.7096
323946 324024 24.588
324024 323946 24.588
324024 324102 22.2336
324102 324024 22.2336
324102 323925 21.2256
323925 324102 21.2256
323925 324119 21.4128
324119 323925 21.4128
324119 323943 15.804
323943 324119 15.804
323943 324021 49.4784
324021 323943 49.4784
324021 324099 48.6576
324099 324021 48.6576
324099 324061 58.6512
324061 324099 58.6512
324061 324140 26.4528
324140 324061 26.4528
324140 323963 19.98
323963 324140 19.98
323963 324042 26.4384
324042 323963 26.4384
324042 323978 9.6984
323978 324042 9.6984
323978 324058 14.5512
324058 323978 14.5512
324058 324135 44.3088
324135 324058 44.3088
324135 323959 31.0896
323959 324135 31.0896
323959 323921 30.0744
323921 323959 30.0744
323921 324002 34.524
324002 323921 34.524
324002 324080 35.2224
324080 324002 35.2224
324080 324155 34.7688
324155 324080 34.7688
324155 324094 46.6632
324094 324155 46.6632
324094 323915 28.8864
323915 324094 28.8864
323915 323996 22.7448
323996 323915 22.7448
323996 324075 8.0928
324075 323996 8.0928
324075 324037 29.7864
324037 324075 29.7864
324037 324114 24.6528
324114 324037 24.6528
324114 323938 44.4096
323938 324114 44.4096
323938 324017 40.7736
324017 323938 40.7736
324017 324168 49.968
324168 324017 49.968
324168 323994 31.428
323994 324168 31.428
323994 324074 15.3216
324074 323994 15.3216
324074 324151 34.488
324151 324074 34.488
324151 1000066 20.1384
1000066 324151 20.1384
1000066 324113 9.4392
324113 1000066 9.4392
324113 323937 31.8456
323937 324113 31.8456
323937 324016 19.44
324016 323937 19.44
324016 324093 16.8624
324093 324016 16.8624
324093 324032 8.6544
324032 324093 8.6544
324032 324108 26.8992
324108 324032 26.8992
324108 323931 23.2704
323931 324108 23.2704
323931 324010 27.0432
324010 323931 27.0432
324010 323974 29.9016
323974 324010 29.9016
323974 324054 32.0256
324054 323974 32.0256
324054 324129 39.0888
324129 324054 39.0888
324129 323954 33.0624
323954 324129 33.0624
323954 324147 48.4776
324147 323954 48.4776
324147 323970 44.4888
323970 324147 44.4888
323970 324049 16.2864
324049 323970 16.2864
2016008 237213 7.5192
237213 2016008 7.5192
237213 237207 4.8378
237207 237213 4.8378
237207 37644 10.2822
37644 237207 10.2822
37644 237209 2.178
237209 37644 2.178
237209 237218 8.5332
237218 237209 8.5332
80643 1741961 7.8624
1741961 80069 1.5228
80069 80070 9.5076
80070 80644 9.5112
80080 1741672 1.5458
1741672 80080 1.5458
1741672 1741666 2.1874
1741666 1741672 2.1874
1741666 80060 3.3919
80060 1741666 3.3919
19408 80075 7.9704
80075 1741665 8.2008
1741665 80076 2.6424
80076 1741664 2.2716
1741664 80077 4.68
82387 80078 9.306
80078 82387 9.306
80078 1741942 2.0268
1741942 80078 2.0268
1741942 80077 17.64
80077 1741942 17.64
80077 1170073 8.2332
1170073 80077 8.2332
1170073 80079 15.4548
80079 1170073 15.4548
80079 1741699 25.4772
1741699 80079 25.4772
1741699 80056 14.742
80056 1741699 14.742
80060 1741661 13.194
1741661 80060 13.194
1741661 1742005 34.4736
1742005 1741661 34.4736
1742005 1742006 23.3424
1742006 1742005 23.3424
1742006 82388 11.3364
82388 1742006 11.3364
82388 82394 18.6012
82394 82388 18.6012
82394 1282594 8.2368
1282594 82394 8.2368
1282594 1742010 26.1216
1742010 1282594 26.1216
1742010 80071 3.8016
80071 1742010 3.8016
80071 80072 25.848
80072 80071 25.848
80072 80073 13.4424
80073 80072 13.4424
80073 80069 17.0136
80069 80073 17.0136
80081 80082 32.7132
80082 80081 32.7132
80082 114323 1.9884
114323 80082 1.9884
114323 532132 31.3584
532132 114323 31.3584
532132 80068 1.7952
80068 532132 1.7952
80659 106009 0.2165
106009 80660 0.2165
80660 106010 0.2242
106010 80667 0.2242
80667 80661 0.2268
80661 80666 0.2268
80666 106011 0.199
106011 80665 0.199
80665 106012 0.199
106012 80664 0.199
80664 106013 0.1985
106013 80663 0.199
80663 106007 0.2083
106007 80662 0.2083
80662 106008 0.217
106008 80659 0.217
80666 18176 0.4881
18176 80666 0.4881
80660 1487181 7.9344
1487181 80660 7.9344
1487181 1487195 7.5744
1487195 1487181 7.5744
1487195 541460 20.5344
541460 1487195 20.5344
541460 80668 25.4772
80668 541460 25.4772
80668 1281012 4.0356
1281012 80668 4.0356
1281012 1487177 24.7248
1487177 1281012 24.7248
1487177 154581 26.0676
154581 1487177 26.0676
154581 154588 13.5972
154588 154581 13.5972
154588 154577 23.4036
154577 154588 23.4036
154577 154586 42.372
154586 154577 42.372
154586 80669 20.1888
80669 154586 20.1888
80671 1017981 2.9106
1017981 80671 2.9106
1017981 18176 1.2234
18176 1017981 1.2234
1281018 541472 9.2976
541472 1281018 9.2976
541472 80650 3.0288
80650 541472 3.0288
80650 80654 2.3994
80654 80650 2.3994
80654 80652 2.31
80652 80654 2.31
80652 80633 2.3796
80633 80652 2.3796
80633 1017983 2.2074
1017983 80633 2.2074
1017983 80635 8.163
80635 1017983 8.163
80635 2016140 9.5268
2016140 80635 9.5268
82388 82389 35.892
82389 82388 35.892
82389 1742007 11.7468
1742007 82389 11.7468
1742007 1742004 23.3712
1742004 1742007 23.3712
1742004 1741662 33.9876
1741662 1742004 33.9876
1741662 80080 13.59
80080 1741662 13.59
82390 1741778 1.1718
1741778 82390 1.1718
1741778 1741772 3.2112
1741772 1741778 3.2112
1741772 1631062 2.2428
1631062 1741772 2.2428
1631062 1741771 4.9815
1741771 1631062 4.9815
1741771 1631065 1.7505
1631065 1741771 1.7505
1631065 1741770 2.2653
1741770 1631065 2.2653
1741770 1741783 8.2692
1741783 1741770 8.2692
1741783 82393 7.4754
82393 1741783 7.4754
82393 1741677 8.5752
1741677 82393 8.5752
1741677 82391 0.9729
82391 1741677 0.9729
1741789 1741790 12.582
1741790 1741789 12.582
1741790 1741791 27.1728
1741791 1741790 27.1728
1741791 82392 28.4148
82392 1741791 28.4148
82392 1741678 3.8952
1741678 82392 3.8952
1741678 82393 2.2608
82393 1741678 2.2608
82394 82395 21.6792
82395 82394 21.6792
80055 1741706 0.3991
1741706 80055 0.3991
1741706 532099 0.5426
532099 1741706 0.5426
532099 80056 0.8141
80056 532099 0.8141
80056 532100 0.9031
532100 80056 0.9031
532100 532101 0.6588
532101 532100 0.6588
532101 1741696 0.4402
1741696 532101 0.4402
1741696 80057 0.396
80057 1741696 0.396
80057 82391 3.4467
82391 80057 3.4467
82391 532103 0.8445
532103 82391 0.8445
532103 532104 0.3394
532104 532103 0.3394
532104 1631059 0.3147
1631059 532104 0.3147
1631059 1741689 0.0715
1741689 1631059 0.0715
1741689 80058 0.307
80058 1741689 0.307
80058 80059 1.8231
80059 80058 1.8231
80059 1741698 0.6511
1741698 80059 0.6511
1741698 532105 0.6501
532105 1741698 0.6501
532105 1741669 0.4531
1741669 532105 0.4531
1741669 1741695 0.1718
1741695 1741669 0.1718
1741695 1741697 0.6012
1741697 1741695 0.6012
1741697 1741668 0.6279
1741668 1741697 0.6279
1741668 80060 3.0883
80060 1741668 3.0883
80060 1741999 0.3569
1741999 80060 0.3569
1741999 80061 4.6661
80061 1741999 4.6661
80061 1741998 0.4752
1741998 80061 0.4752
1741998 1742003 0.5534
1742003 1741998 0.5534
1742003 1742002 0.54
1742002 1742003 0.54
1742002 80062 0.7344
80062 1742002 0.7344
80062 1741997 1.6719
1741997 80062 1.6719
1741997 1741987 2.3421
1741987 1741997 2.3421
1741987 80063 1.117
80063 1741987 1.117
80063 1741986 0.5482
1741986 80063 0.5482
1741986 1741782 1.4061
1741782 1741986 1.4061
1741782 80064 1.4935
80064 1741782 1.4935
80064 1741781 0.8439
1741781 80064 0.8439
1741781 80065 1.0162
80065 1741781 1.0162
80065 80066 1.6246
80066 80065 1.6246
80066 1741975 3.5239
1741975 80066 3.5239
1741975 1741979 0.6475
1741979 1741975 0.6475
1741979 1741976 1.1191
1741976 1741979 1.1191
1741976 80067 1.8447
80067 1741976 1.8447
80067 80068 0.5297
80068 80067 0.5297
1288769 2016248 0.756
2016248 1288769 0.756
1288769 1851761 0.397
1851761 1288769 0.397
1851761 1288768 0.2335
1288768 1851761 0.2335
1288768 1829726 0.4593
1829726 1288768 0.4593
1829726 1851762 0.1872
1851762 1829726 0.1872
1851762 218385 0.8239
218385 1851762 0.8239
218385 1288766 1.9605
1288766 218385 1.9605
1288766 16424 1.097
16424 1288766 1.097
16424 1288767 1.0455
1288767 16424 1.0455
1288767 1829733 0.5523
1829733 1288767 0.5523
1829733 218347 0.6249
218347 1829733 0.6249
218347 218377 3.9929
218377 218347 3.9929
218377 16425 1.1314
16425 218377 1.1314
16425 1354590 0.3975
1354590 16425 0.3975
1354590 1050824 0.3852
1050824 1354590 0.3852
1050824 218360 0.5837
218360 1050824 0.5837
218360 1050823 0.8295
1050823 218360 0.8295
1050823 16426 1.0491
16426 1050823 1.0491
162950 775305 96.444
775305 162950 96.444
162979 1088173 17.784
1088173 162979 17.784
1088173 1088174 15.4296
1088174 1088173 15.4296
1088174 1088175 15.5736
1088175 1088174 15.5736
1088175 162981 14.1048
162981 1088175 14.1048
162981 987578 35.0856
987578 162981 35.0856
987578 987576 12.9384
987576 987578 12.9384
987576 494612 16.1496
494612 987576 16.1496
494612 1425458 8.856
1425458 494612 8.856
1425458 1425457 9.1872
1425457 1425458 9.1872
1425457 1425456 5.364
1425456 1425457 5.364
1371450 1371451 10.8108
1371451 1371450 10.8108
1371451 162985 5.1804
162985 1371451 5.1804
162985 162989 5.3028
162989 162985 5.3028
162989 162988 20.646
162988 162989 20.646
162988 162995 12.2652
162995 162988 12.2652
162995 1371448 4.086
1371448 162995 4.086
1371448 494218 6.2424
494218 1371448 6.2424
13702 1813154 1.5912
1813154 13702 1.5912
1813154 324195 3.168
324195 1813154 3.168
324195 163003 58.2552
163003 324195 58.2552
163003 987572 8.82
987572 163003 8.82
987572 1813143 7.2072
1813143 987572 7.2072
1813143 987571 24.732
987571 1813143 24.732
987571 539620 37.7424
539620 987571 37.7424
539620 163005 20.628
163005 539620 20.628
163005 987570 36.9936
987570 163005 36.9936
987570 163011 30.9384
163011 987570 30.9384
163011 987569 22.1472
987569 163011 22.1472
987569 987568 31.1616
987568 987569 31.1616
987568 163015 33.2424
163015 987568 33.2424
163015 987567 35.2368
987567 163015 35.2368
987567 163019 26.1792
163019 987567 26.1792
163019 163013 134.9208
163013 163019 134.9208
163013 987566 93.8736
987566 163013 93.8736
987566 163016 21.4992
163016 987566 21.4992
163016 987565 17.8488
987565 163016 17.8488
987565 987564 14.4648
987564 987565 14.4648
987564 987563 10.1016
987563 987564 10.1016
987563 987562 9.4608
987562 987563 9.4608
987562 163000 12.96
163000 987562 12.96
163000 1813142 5.8248
1813142 163000 5.8248
1813142 987561 15.1992
987561 1813142 15.1992
987561 163002 4.3992
163002 987561 4.3992
163002 987560 4.9392
987560 163002 4.9392
987560 163008 5.3064
163008 987560 5.3064
163008 987559 4.2552
987559 163008 4.2552
987559 163010 5.9256
163010 987559 5.9256
163010 987558 6.2208
987558 163010 6.2208
987558 987557 8.8776
987557 987558 8.8776
987557 987556 14.2272
987556 987557 14.2272
987556 987555 15.7896
987555 987556 15.7896
987555 987554 22.4064
987554 987555 22.4064
987554 987553 18.3888
987553 987554 18.3888
987553 987552 13.6152
987552 987553 13.6152
987552 987551 5.3856
987551 987552 5.3856
987551 987549 8.5608
987549 987551 8.5608
205866 1418323 11.2932
1418323 205866 11.2932
1418323 205872 4.9056
205872 1418323 4.9056
205872 1341375 1.2396
1341375 205872 1.2396
1341375 205864 12.2508
205864 1341375 12.2508
205864 1286313 4.1592
1286313 205864 4.1592
1286313 205870 4.8432
205870 1286313 4.8432
205870 1286308 5.6496
1286308 205870 5.6496
1286308 205862 4.122
205862 1286308 4.122
205862 1286311 6.6012
1286311 205862 6.6012
1286311 163108 7.1928
163108 1286311 7.1928
163108 205868 4.4172
205868 163108 4.4172
205868 998616 28.1256
998616 205868 28.1256
998616 163107 33.0408
163107 998616 33.0408
163107 284330 11.9364
284330 163107 11.9364
284330 1533556 15.774
1533556 284330 15.774
1533556 998611 9.006
998611 1533556 9.006
998611 163104 6.894
163104 998611 6.894
163104 163103 9.6924
163103 163104 9.6924
163103 998609 1.4484
998609 163103 1.4484
998609 284325 1.53
284325 998609 1.53
284325 284322 4.3752
284322 284325 4.3752
284322 163095 2.1612
163095 284322 2.1612
998605 998606 1.6176
998606 998605 1.6176
998606 998607 1.7088
998607 998606 1.7088
998607 998608 6.684
998608 998607 6.684
998608 998610 6.0636
998610 998608 6.0636
163104 163109 8.6436
163109 163104 8.6436
163109 163101 11.8872
163101 163109 11.8872
163101 163102 24.714
163102 163101 24.714
163102 163105 8.2836
163105 163102 8.2836
163105 163106 9.846
163106 163105 9.846
163106 163110 24.9264
163110 163106 24.9264
163110 163111 96.6096
163111 163110 96.6096
163111 163113 105.804
163113 163111 105.804
163113 1160148 33.3144
1160148 163113 33.3144
1160148 1160149 29.952
1160149 1160148 29.952
1160149 1160150 35.8344
1160150 1160149 35.8344
1160150 1160151 39.96
1160151 1160150 39.96
1160151 1160152 64.764
1160152 1160151 64.764
1160152 1160153 50.112
1160153 1160152 50.112
1160153 1160154 40.176
1160154 1160153 40.176
1160154 1160155 29.1312
1160155 1160154 29.1312
1160155 1160156 18.9072
1160156 1160155 18.9072
1160156 163112 27.8064
163112 1160156 27.8064
163114 1261249 40.3344
1261249 163114 40.3344
1261249 1261250 43.0848
1261250 1261249 43.0848
1261250 1261251 24.6528
1261251 1261250 24.6528
1261251 1261248 26.2152
1261248 1261251 26.2152
1261248 2017420 2.2896
2017420 1261248 2.2896
247459 1487183 4.6524
1487183 247459 4.6524
1487183 277521 8.7264
277521 1487183 8.7264
277521 247461 6.7668
247461 277521 6.7668
247461 247464 4.5456
247464 247461 4.5456
247464 1285930 0.168
1285930 247464 0.168
1285930 492730 6.2256
492730 1285930 6.2256
492730 247462 1.4964
247462 492730 1.4964
247462 163121 1.344
163121 247462 1.344
163121 1285922 5.628
1285922 163121 5.628
163120 247432 25.0488
247432 163120 25.0488
247432 242461 38.0448
242461 247432 38.0448
242461 1988990 10.5912
1988990 242461 10.5912
1988990 1989007 11.8872
1989007 1988990 11.8872
1989007 1989006 64.2672
1989006 1989007 64.2672
1989006 1989005 58.248
1989005 1989006 58.248
1989005 1989003 17.64
1989003 1989005 17.64
1989003 1989004 18.3312
1989004 1989003 18.3312
1989004 1989002 25.2576
1989002 1989004 25.2576
1989002 2017422 30.492
2017422 1989002 30.492
20677 1270576 1.8869
1270576 20677 1.8869
1018031 1371429 0.2796
1371429 1018031 0.2796
1371429 163007 11.544
163007 1371429 11.544
163007 1467233 7.464
1467233 163007 7.464
1467233 1371416 4.0032
1371416 1467233 4.0032
1371416 80649 0.8892
80649 1371416 0.8892
80649 1562981 1.308
1562981 80649 1.308
1562981 80651 1.2612
80651 1562981 1.2612
80651 1017972 3.312
1017972 80651 3.312
1017972 80646 1.7082
80646 1017972 1.7082
80646 80642 1.4136
80642 80646 1.4136
80642 1563137 0.201
1563137 80642 0.201
1563137 80648 0.7404
80648 1563137 0.7404
80648 80653 1.3356
80653 80648 1.3356
80653 1017973 1.701
1017973 80653 1.701
1017973 1017974 2.2284
1017974 1017973 2.2284
1017974 80655 13.038
80655 1017974 13.038
80655 1017975 3.1692
1017975 80655 3.1692
1017975 837518 1.7094
837518 1017975 1.7094
837518 324239 13.7136
324239 837518 13.7136
324239 1387034 11.9286
1387034 324239 11.9286
1387034 1387035 0.9978
1387035 1387034 0.9978
1387035 1387041 1.8684
1387041 1387035 1.8684
1387041 68654 5.838
68654 1387041 5.838
214549 214548 8.6832
214548 214549 8.6832
214548 214544 31.5864
214544 214548 31.5864
214544 214559 65.2608
214559 214544 65.2608
214559 214564 37.944
214564 214559 37.944
214564 214553 14.2776
214553 214564 14.2776
214553 214557 9.1584
214557 214553 9.1584
214557 1438531 11.9808
1438531 214557 11.9808
1438531 214547 8.0712
214547 1438531 8.0712
218388 218378 14.5656
218378 218388 14.5656
218378 218356 24.048
218356 218378 24.048
218356 218342 42.8904
218342 218356 42.8904
1288855 1289297 0.2966
1289297 1288855 0.2966
1289297 218372 18.5904
218372 1289297 18.5904
218372 218391 4.7974
218391 218372 4.7974
218391 218345 6.5779
218345 218391 6.5779
218345 1288827 4.1746
1288827 218345 4.1746
1288827 218362 1.8511
218362 1288827 1.8511
218362 1849391 3.5957
1849391 218362 3.5957
218340 2017962 0.2551
2017962 218340 0.2551
218389 1136027 1.3896
1136027 218389 1.3896
1136027 1136026 5.076
1136026 1136027 5.076
1136026 1136025 5.6592
1136025 1136026 5.6592
1136025 1136024 6.804
1136024 1136025 6.804
1136024 1136023 8.7192
1136023 1136024 8.7192
218343 218375 25.1424
218375 218343 25.1424
218375 218361 43.0992
218361 218375 43.0992
218361 218398 25.7976
218398 218361 25.7976
218398 218388 13.1256
218388 218398 13.1256
218388 218365 11.6712
218365 218388 11.6712
218365 218353 11.8368
218353 218365 11.8368
20687 1050857 7.8984
1050857 20687 7.8984
1050857 218366 1.8468
218366 1050857 1.8468
218366 218357 6.8364
218357 218366 6.8364
218364 2017964 6.8004
2017964 218364 6.8004
237210 237212 27.0612
237212 237210 27.0612
237212 237208 11.1564
237208 237212 11.1564
237208 237211 80.8668
237211 237208 80.8668
237211 237216 34.2072
237216 237211 34.2072
237216 237208 46.6596
237208 237216 46.6596
237208 237220 47.3112
237220 237208 47.3112
237220 237219 79.8336
237219 237220 79.8336
237219 237221 7.9092
237221 237219 7.9092
237221 1523322 17.8236
1523322 237221 17.8236
1523322 1523321 8.856
1523321 1523322 8.856
1523321 1523320 12.9528
1523320 1523321 12.9528
1523320 1523318 30.1572
1523318 1523320 30.1572
1523318 1523319 17.0856
1523319 1523318 17.0856
237219 237211 41.076
237211 237219 41.076
237256 237313 67.9968
237313 237256 67.9968
237257 237234 12.264
237234 237257 12.264
237234 999498 31.4496
999498 237234 31.4496
999498 237288 15.6288
237288 999498 15.6288
324134 1523387 8.0556
1523387 324134 8.0556
1523387 1523342 11.9532
1523342 1523387 11.9532
1523342 1523329 10.6812
1523329 1523342 10.6812
1523329 1523328 10.4496
1523328 1523329 10.4496
1523328 1523326 10.8144
1523326 1523328 10.8144
1523326 324057 10.1508
324057 1523326 10.1508
324057 1523415 0.4932
1523415 324057 0.4932
1523415 1523399 4.4808
1523399 1523415 4.4808
1523399 323977 0.756
323977 1523399 0.756
323977 1523413 12.6216
1523413 323977 12.6216
1523413 1523414 1.3488
1523414 1523413 1.3488
1523414 1523427 5.9472
1523427 1523414 5.9472
1523427 1523435 9.8616
1523435 1523427 9.8616
1523435 324015 11.5236
324015 1523435 11.5236
324015 1523283 14.7612
1523283 324015 14.7612
1523283 323995 3.6048
323995 1523283 3.6048
323995 323936 14.562
323936 323995 14.562
323936 1563130 9.8268
1563130 323936 9.8268
1563130 1523313 3.7428
1523313 1563130 3.7428
1523313 237298 10.8252
237298 1523313 10.8252
237298 1523315 2.5428
1523315 237298 2.5428
1523315 237325 21.9612
237325 1523315 21.9612
237325 237302 6.996
237302 237325 6.996
237302 237290 8.3508
237290 237302 8.3508
237290 237260 6.0876
237260 237290 6.0876
237260 1014829 11.3472
1014829 237260 11.3472
1014829 237228 4.89
237228 1014829 4.89
237228 237316 11.496
237316 237228 11.496
237316 237237 4.8216
237237 237316 4.8216
237237 237224 8.0724
237224 237237 8.0724
237224 237324 9.7092
237324 237224 9.7092
237324 237291 12.9768
237291 237324 12.9768
2018120 237269 7.4916
237269 2018120 7.4916
237269 237242 20.5584
237242 237269 20.5584
237242 237322 2.376
237322 237242 2.376
237322 237236 8.316
237236 237322 8.316
237303 237225 4.1256
237225 237303 4.1256
237225 237310 4.7592
237310 237225 4.7592
237310 237299 4.1328
237299 237310 4.1328
237299 237267 2.8788
237267 237299 2.8788
237267 237284 19.7832
237284 237267 19.7832
237284 237277 4.3788
237277 237284 4.3788
237277 999504 2.1684
999504 237277 2.1684
999504 999503 9.3588
999503 999504 9.3588
999503 237288 1.0056
237288 999503 1.0056
237288 237248 8.6148
237248 237288 8.6148
237284 237230 18.072
237230 237284 18.072
237230 999496 15.2856
999496 237230 15.2856
999496 1242743 13.7364
1242743 999496 13.7364
2018122 1242743 3.7212
1242743 2018122 3.7212
237272 237276 71.9208
237276 237272 71.9208
32396 871419 7.1808
871419 32396 7.1808
871419 871418 0.768
871418 871419 0.768
871418 856490 0.8376
856490 871418 0.8376
856490 871421 10.4484
871421 856490 10.4484
871421 237251 0.6348
237251 871421 0.6348
237251 871420 0.636
871420 237251 0.636
871420 871415 19.3992
871415 871420 19.3992
237269 237241 23.0544
237241 237269 23.0544
237297 237264 52.1856
237264 237297 52.1856
999493 999494 0.5508
999494 856537 0.5496
856537 856535 0.5508
856535 856528 0.5784
856528 856526 0.5784
856526 999485 0.5784
999485 999486 0.5136
999486 999487 0.6468
999487 999488 0.5784
999488 999489 0.5772
999489 1243361 0.1356
1243361 999490 0.4428
999490 856529 0.5772
856529 856533 0.426
856533 999491 0.4248
999491 999492 0.4248
999492 856536 0.4248
856536 1244037 0.5496
1244037 856538 0.5508
856538 856540 0.5508
856540 856539 0.5496
856539 999493 0.5496
237224 237308 23.0868
237308 237224 23.0868
237308 237297 35.0676
237297 237308 35.0676
237297 237256 36.2664
237256 237297 36.2664
237256 237272 42.0264
237272 237256 42.0264
237272 237260 22.734
237260 237272 22.734
247432 247426 29.1384
247426 247432 29.1384
247426 247428 53.8344
247428 247426 53.8344
247428 1988986 15.0768
1988986 247428 15.0768
1988986 1285914 35.9352
1285914 1988986 35.9352
1285914 277519 17.6688
277519 1285914 17.6688
277519 322094 48.4344
322094 277519 48.4344
322094 1295380 3.3768
1295380 322094 3.3768
1295380 1285903 39.1032
1285903 1295380 39.1032
1285903 1285904 21.672
1285904 1285903 21.672
1285904 543914 1.548
543914 1285904 1.548
543914 247416 8.9712
247416 543914 8.9712
247416 247435 42.0192
247435 247416 42.0192
247435 1285429 60.588
1285429 247435 60.588
163121 247465 10.2672
247465 163121 10.2672
247465 247460 33.9264
247460 247465 33.9264
247460 247463 173.2896
247463 247460 173.2896
247459 1017977 0.3996
1017977 247459 0.3996
1017977 80662 0.8059
80662 1017977 0.8059
253209 242486 259.4304
242486 253209 259.4304
253208 1285896 12.8304
1285896 253208 12.8304
1285896 253207 11.2968
253207 1285896 11.2968
205866 1418325 9.54
1418325 205866 9.54
1418325 1418326 7.5672
1418326 1418325 7.5672
1418326 1418327 6.9624
1418327 1418326 6.9624
1418327 575792 11.9952
575792 1418327 11.9952
575792 1418324 15.372
1418324 575792 15.372
1418324 253206 30.4992
253206 1418324 30.4992
253206 1285895 31.5936
1285895 253206 31.5936
1285895 253208 21.312
253208 1285895 21.312
313929 313877 2.1485
313877 313929 2.1485
313877 313902 3.2249
313902 313877 3.2249
313902 1507073 0.6077
1507073 313902 0.6077
1507073 313924 0.7344
313924 1507073 0.7344
163108 313892 16.6896
313892 163108 16.6896
313892 313913 15.4908
313913 313892 15.4908
313913 163112 14.2308
163112 313913 14.2308
163112 313883 11.8116
313883 163112 11.8116
163106 313876 27.648
313876 163106 27.648
313876 313901 29.1528
313901 313876 29.1528
313901 313923 20.1024
313923 313901 20.1024
313923 313870 15.7536
313870 313923 15.7536
313870 313895 23.9472
313895 313870 23.9472
313895 313916 23.8896
313916 313895 23.8896
313916 313864 29.6856
313864 313916 29.6856
313864 313887 23.5656
313887 313864 23.5656
313887 313910 27.108
313910 313887 27.108
313910 313859 18.5184
