57763
497337 2015327 0.4274
2015327 497337 0.4274
497337 497331 0.81
497331 497337 0.81
497331 495503 1.0785
495503 497331 1.0785
495503 497327 0.6207
497327 495503 0.6207
497327 495499 0.9972
495499 497327 0.9972
495499 497326 0.8815
497326 495499 0.8815
497326 13446 0.4145
13446 497326 0.4145
13446 207188 0.9046
207188 13446 0.9046
207188 530001 0.1898
530001 207188 0.1898
530001 497323 0.3595
497323 530001 0.3595
497323 408080 0.6403
408080 497323 0.6403
408080 497321 0.5811
497321 408080 0.5811
497321 497320 0.5631
497320 497321 0.5631
497320 13447 1.2111
13447 497320 1.2111
13447 497317 4.0161
497317 13447 4.0161
497317 13448 5.8731
13448 497317 5.8731
13448 497316 1.8067
497316 13448 1.8067
497316 497315 2.5452
497315 497316 2.5452
497315 495502 3.3938
495502 497315 3.3938
495502 497314 0.6058
497314 495502 0.6058
497314 497313 0.2705
497313 497314 0.2705
497313 495500 0.2124
495500 497313 0.2124
495500 497311 0.4047
497311 495500 0.4047
497311 497310 0.6891
497310 497311 0.6891
497310 1818061 0.2782
1818061 497310 0.2782
1818061 197127 0.4063
197127 1818061 0.4063
197127 13449 0.6758
13449 197127 0.6758
486870 486869 1.8617
486869 486872 0.5009
486872 13482 0.5426
13482 13483 0.7581
13483 235309 0.7771
13476 266554 1.4122
266554 251688 0.7149
251688 13455 1.7846
13477 780253 1.9452
780253 13477 1.9452
780253 235310 2.5872
235310 780253 2.5872
235310 335864 0.5874
335864 235310 0.5874
335864 139821 0.4968
139821 335864 0.4968
139821 780252 1.3944
780252 139821 1.3944
780252 235305 0.5844
235305 780252 0.5844
235305 139822 1.608
139822 235305 1.608
139822 186231 0.9468
186231 139822 0.9468
186231 199001 6.3426
199001 186231 6.3426
199001 13484 0.8784
13484 199001 0.8784
13484 235308 1.2348
235308 13484 1.2348
235308 131405 1.3032
131405 235308 1.3032
131405 234873 3.6882
234873 131405 3.6882
234873 52356 2.7234
52356 234873 2.7234
52356 13485 0.6504
13485 52356 0.6504
13517 495355 1.3329
393331 13515 1.9161
13515 450792 1.4868
450792 450795 1.3752
13990 66499 1.2996
66499 13990 1.2996
66499 65851 1.6776
65851 66499 1.6776
65851 65850 20.592
65850 65851 20.592
65850 66495 8.388
66495 65850 8.388
66495 66484 6.4332
66484 66495 6.4332
66484 243098 1.9836
243098 66484 1.9836
243098 243099 7.2
243099 243098 7.2
243099 66469 12.1968
66469 243099 12.1968
66469 501945 16.56
501945 66469 16.56
501945 1312310 27.5436
1312310 501945 27.5436
1312310 995736 5.3388
995736 1312310 5.3388
995736 686120 3.3624
686120 995736 3.3624
36086 1127798 0.3377
1127798 496072 0.4828
496072 404961 0.3251
404961 36085 0.3222
36085 36087 0.2675
36087 36088 0.3276
36088 36089 0.5447
780404 173219 4.5624
173219 168373 8.2308
168373 173215 2.2698
173215 168377 1.2222
37712 495242 0.4597
495242 487342 0.3276
487342 583838 0.3078
583838 487360 0.2869
487360 487336 1.8335
38209 1194044 0.3769
1194044 38209 0.3769
1194044 1439910 1.7687
1439910 1194044 1.7687
1439910 1980755 0.5674
1980755 1439910 0.5674
1980755 533326 1.9987
533326 1980755 1.9987
533326 404956 1.4378
404956 533326 1.4378
404956 38210 1.1538
38210 404956 1.1538
38210 38211 1.6124
38211 38210 1.6124
38211 38212 2.1586
38212 38211 2.1586
38212 38213 1.2798
38213 38212 1.2798
38213 38214 0.734
38214 38213 0.734
38214 1439915 0.3787
1439915 38214 0.3787
1439915 38215 0.5342
38215 1439915 0.5342
38215 38216 0.6012
38216 38215 0.6012
38216 649495 0.1721
649495 38216 0.1721
649495 38217 0.6797
38217 649495 0.6797
38217 649498 0.4666
649498 38217 0.4666
649498 38218 0.4964
38218 649498 0.4964
38218 38219 2.3605
38219 38218 2.3605
38219 712925 1.7755
712925 38219 1.7755
712925 533355 3.3962
533355 712925 3.3962
533355 684969 10.6351
684969 533355 10.6351
684969 38220 2.9779
38220 684969 2.9779
38220 684957 1.1952
684957 38220 1.1952
684957 38221 7.848
38221 684957 7.848
38221 1397733 5.9756
1397733 38221 5.9756
1397733 973551 1.2179
973551 1397733 1.2179
973551 38222 4.3218
38222 973551 4.3218
38222 38223 0.8413
38223 38222 0.8413
38223 38224 0.6322
38224 38223 0.6322
38224 38225 0.5526
38225 38224 0.5526
38225 38226 0.9482
38226 38225 0.9482
38226 38227 1.8238
38227 38226 1.8238
38227 684970 0.7607
684970 38227 0.7607
684970 38228 1.4537
38228 684970 1.4537
13477 432166 0.6537
432166 432167 0.7401
432167 432180 0.3862
432180 235312 0.4274
235312 432181 0.5626
432181 235309 1.3989
393331 494328 0.4764
494328 495339 0.42
495339 450801 0.3876
450801 450797 0.6324
450797 495364 0.6294
495364 393330 0.9084
192351 192354 1.7226
192354 1836659 0.4644
1836659 1836661 0.342
1836661 40778 0.5418
440776 440778 1.4715
440778 440777 1.0818
440777 95005 1.3653
13446 332978 5.5116
332978 13446 5.5116
332978 207135 42.1056
207135 332978 42.1056
207135 207136 13.2156
207136 207135 13.2156
207136 424545 1.8468
424545 207136 1.8468
424545 424538 40.9608
424538 424545 40.9608
424538 528844 8.5716
528844 424538 8.5716
528844 528841 21.2832
528841 528844 21.2832
528841 699762 0.9396
699762 528841 0.9396
699762 95083 11.9448
95083 699762 11.9448
95083 210362 7.5348
210362 95083 7.5348
210362 528836 10.7244
528836 210362 10.7244
528836 503457 6.03
503457 528836 6.03
503457 210365 3.9168
210365 503457 3.9168
210365 291782 3.1788
291782 210365 3.1788
291782 95115 2.88
95115 291782 2.88
39221 1930084 5.5836
1930084 39221 5.5836
1930084 40077 0.6816
40077 1930084 0.6816
42038 95038 3.9204
95038 42038 3.9204
95038 91752 5.328
91752 95038 5.328
91752 75096 37.9908
75096 91752 37.9908
75096 506758 4.986
506758 75096 4.986
506758 506762 3.6144
506762 506758 3.6144
506762 409032 8.2836
409032 506762 8.2836
409032 409035 12.4776
409035 409032 12.4776
409035 42041 9.612
42041 409035 9.612
492977 492995 0.8136
492995 492977 0.8136
42345 291780 0.8364
291780 42345 0.8364
291780 393363 1.1376
393363 291780 1.1376
393363 393365 5.5332
393365 393363 5.5332
393365 228620 2.0988
228620 393365 2.0988
228620 503940 1.6884
503940 228620 1.6884
503940 141537 2.4012
141537 503940 2.4012
141537 139714 1.0416
139714 141537 1.0416
139714 503943 9.5244
503943 139714 9.5244
503943 228514 2.0328
228514 503943 2.0328
228514 1808106 0.522
1808106 228514 0.522
1808106 383112 7.7628
383112 1808106 7.7628
383112 291786 2.202
291786 383112 2.202
291786 495230 0.8532
495230 291786 0.8532
228550 495210 3.456
495210 228550 3.456
495210 495230 5.4396
495230 495210 5.4396
42394 247305 1.7712
247305 42394 1.7712
45284 493075 0.0976
493075 493074 0.1174
493074 493073 0.1163
493073 493069 0.1156
493069 493066 0.1228
493066 493060 0.1465
493060 493046 0.4014
37713 141822 1.0415
141822 37713 1.0415
36129 1333775 0.341
1333775 36129 0.341
1333775 403475 0.125
403475 1333775 0.125
403475 48607 2.6877
48607 403475 2.6877
48607 403479 2.9746
403479 48607 2.9746
403479 258600 1.2302
258600 403479 1.2302
258600 403483 0.9602
403483 258600 0.9602
403483 403485 1.1757
403485 403483 1.1757
403485 509920 5.2833
509920 403485 5.2833
509920 403499 3.7445
403499 509920 3.7445
403499 1500017 1.0095
1500017 403499 1.0095
1500017 707967 6.678
707967 1500017 6.678
707967 1792596 0.3816
1792596 707967 0.3816
1792596 1625997 5.7009
1625997 1792596 5.7009
1625997 509921 0.6213
509921 1625997 0.6213
509921 707931 0.9787
707931 509921 0.9787
707931 509922 1.1541
509922 707931 1.1541
509922 48608 3.5589
48608 509922 3.5589
469316 474109 0.0535
474109 469316 0.0535
474109 469350 0.2695
469350 474109 0.2695
469350 780334 4.1919
780334 469350 4.1919
780334 469317 2.4465
469317 780334 2.4465
469317 469321 0.6377
469321 469317 0.6377
469321 469318 4.0068
469318 469321 4.0068
469318 469320 0.5755
469320 469318 0.5755
469320 469319 4.7535
469319 469320 4.7535
469319 911291 0.8743
911291 469319 0.8743
911291 469314 3.563
469314 911291 3.563
48615 48616 10.5336
48616 48615 10.5336
48616 48617 9.648
48617 48616 9.648
48617 48618 60.6168
48618 48617 60.6168
48618 1517240 5.6592
1517240 48618 5.6592
1517240 48619 4.716
48619 1517240 4.716
48619 48620 21.5568
48620 48619 21.5568
48620 48621 14.8608
48621 48620 14.8608
48621 48622 18.3888
48622 48621 18.3888
48622 469347 30.1248
469347 48622 30.1248
469347 469341 14.5152
469341 469347 14.5152
469341 469344 10.7208
469344 469341 10.7208
469344 474109 10.5408
474109 469344 10.5408
474109 246496 8.964
246496 474109 8.964
48612 48613 1.3692
48613 48612 1.3692
48613 48614 17.622
48614 48613 17.622
48614 48615 23.2392
48615 48614 23.2392
469316 469322 0.4011
469322 469316 0.4011
469322 469323 1.7059
469323 469322 1.7059
469323 469324 0.8995
469324 469323 0.8995
469324 469325 1.0517
469325 469324 1.0517
469325 469346 2.2485
469346 469325 2.2485
469346 918637 3.2421
918637 469346 3.2421
918637 978431 1.6493
978431 918637 1.6493
978431 469326 1.4616
469326 978431 1.4616
469326 48623 1.6354
48623 469326 1.6354
48623 48624 4.1894
48624 48623 4.1894
48624 48625 2.3775
48625 48624 2.3775
48625 1344373 1.9959
1344373 48625 1.9959
1344373 48626 4.8847
48626 1344373 4.8847
48626 48627 5.2596
48627 48626 5.2596
48627 48628 2.8815
48628 48627 2.8815
130645 1192534 6.804
1192534 130645 6.804
1192534 130642 27.144
130642 1192534 27.144
130642 1283499 11.3976
1283499 130642 11.3976
1283499 408097 10.0512
408097 1283499 10.0512
408097 130644 9.2952
130644 408097 9.2952
52333 1799055 0.6348
1799055 52333 0.6348
1799055 1808001 0.486
1808001 1799055 0.486
1808001 1807783 0.6012
1807783 1808001 0.6012
1807783 52340 0.2628
52340 1807783 0.2628
52340 408073 0.2868
408073 52340 0.2868
408073 408074 0.6252
408074 408073 0.6252
408074 1807788 1.2456
1807788 408074 1.2456
1807788 344344 0.1056
344344 1807788 0.1056
344344 52339 1.152
52339 344344 1.152
52339 503828 1.5372
503828 52339 1.5372
503828 52341 1.08
52341 503828 1.08
52341 186640 3.84
186640 52341 3.84
186640 52338 5.1972
52338 186640 5.1972
52338 503848 3.36
503848 52338 3.36
503848 1532520 9.3024
1532520 503848 9.3024
1532520 52335 0.7776
52335 1532520 0.7776
52335 52337 23.1804
52337 52335 23.1804
52337 520476 3.5844
520476 52337 3.5844
52332 344343 1.6704
344343 52332 1.6704
344343 503831 0.9048
503831 344343 0.9048
503831 408076 2.0964
408076 503831 2.0964
408076 162806 0.7584
162806 408076 0.7584
162806 503839 3.438
503839 162806 3.438
503839 52334 19.1952
52334 503839 19.1952
52334 52335 12.4716
52335 52334 12.4716
186377 503829 2.0556
503829 186377 2.0556
503829 130640 2.754
130640 503829 2.754
130640 531370 4.3524
531370 130640 4.3524
531370 1436524 2.298
1436524 531370 2.298
1436524 203490 3.3
203490 1436524 3.3
203490 210098 0.9828
210098 203490 0.9828
210098 210089 5.6364
210089 210098 5.6364
210089 52346 3.5892
52346 210089 3.5892
52346 203491 11.2416
203491 52346 11.2416
203491 1808077 3.0624
1808077 203491 3.0624
1808077 210088 1.1856
210088 1808077 1.1856
210088 131439 4.9176
131439 210088 4.9176
131439 1283506 0.5232
1283506 131439 0.5232
1283506 52347 1.3524
52347 1283506 1.3524
52347 495184 3.7704
495184 52347 3.7704
495184 52348 3.4416
52348 495184 3.4416
52348 210074 1.0476
210074 52348 1.0476
210074 52349 6.9864
52349 210074 6.9864
52349 495134 3.714
495134 52349 3.714
495134 52350 3.0048
52350 495134 3.0048
52350 291769 2.2512
291769 52350 2.2512
291769 531360 7.956
531360 291769 7.956
531360 531756 1.5888
531756 531360 1.5888
531756 229950 1.1796
229950 531756 1.1796
229950 52351 2.9844
52351 229950 2.9844
52351 272019 3.0336
272019 52351 3.0336
272019 1998645 0.2796
1998645 272019 0.2796
1998645 52352 3.6372
52352 1998645 3.6372
52352 141932 3.3048
141932 52352 3.3048
141932 495250 0.852
495250 141932 0.852
495250 265723 2.238
265723 495250 2.238
265723 291779 0.102
291779 265723 0.102
291779 1283580 0.6612
1283580 291779 0.6612
1283580 224911 0.5736
224911 1283580 0.5736
224911 52353 0.3336
52353 224911 0.3336
52356 355298 0.6646
355298 52356 0.6646
355298 331790 4.8024
331790 355298 4.8024
331790 52357 1.2334
52357 331790 1.2334
52357 495275 0.9468
495275 52357 0.9468
495275 331767 1.0987
331767 495275 1.0987
331767 495317 3.263
495317 331767 3.263
495317 52358 2.2054
52358 495317 2.2054
52358 495278 2.8296
495278 52358 2.8296
495278 52359 1.301
52359 495278 1.301
52359 52362 4.0205
52362 52359 4.0205
52362 52360 5.341
52360 52362 5.341
52360 495187 0.864
495187 52360 0.864
495187 495344 0.7754
495344 495187 0.7754
495344 198976 1.2132
198976 495344 1.2132
198976 198992 2.5567
198992 198976 2.5567
198992 495334 4.4885
495334 198992 4.4885
194855 503465 8.7984
503465 194855 8.7984
503465 403982 3.8808
403982 503465 3.8808
403982 403981 4.7808
403981 403982 4.7808
403981 94915 48.924
94915 403981 48.924
94915 206061 23.2128
206061 94915 23.2128
497317 131474 8.3904
131474 497317 8.3904
131474 441045 1.356
441045 131474 1.356
441045 441047 1.8864
441047 441045 1.8864
441047 529971 5.2224
529971 441047 5.2224
529971 529976 6.8184
529976 529971 6.8184
529976 529978 1.3908
529978 529976 1.3908
529978 529980 1.5468
529980 529978 1.5468
529980 529982 2.8476
529982 529980 2.8476
529982 1382099 0.7284
1382099 529982 0.7284
1382099 529983 1.5528
529983 1382099 1.5528
529983 529986 1.9548
529986 529983 1.9548
529986 529990 3.114
529990 529986 3.114
529990 529996 8.5116
529996 529990 8.5116
529996 141811 1.6332
141811 529996 1.6332
141811 530003 4.974
530003 141811 4.974
530003 1434856 4.6752
1434856 530003 4.6752
1434856 57216 1.134
57216 1434856 1.134
57216 1434854 1.0404
1434854 57216 1.0404
1434854 1434849 5.9568
1434849 1434854 5.9568
1434849 529977 6.996
529977 1434849 6.996
529977 531222 0.4056
531222 529977 0.4056
531222 529975 1.2024
529975 531222 1.2024
529975 531210 10.716
531210 529975 10.716
531210 203470 2.6328
203470 531210 2.6328
203470 210454 0.2628
210454 203470 0.2628
210454 531174 8.7036
531174 210454 8.7036
531174 531160 3.3996
531160 531174 3.3996
531160 529969 4.2324
529969 531160 4.2324
529969 291773 0.8748
291773 529969 0.8748
291773 13453 1.1604
13453 291773 1.1604
36108 36109 4.4178
58689 588929 0.3388
588929 58690 0.3164
58690 36089 0.7315
58691 58692 0.7601
58692 2002506 0.4207
2002506 2002505 0.4834
2002505 227784 0.467
227784 2002504 0.4382
2002504 36108 0.4083
1166240 58693 1.1635
58693 291733 1.399
291733 64890 5.58
64890 1516750 7.0459
58695 309209 0.4032
309209 58696 0.4686
524057 1237085 0.5076
1237085 524057 0.5076
1237085 577921 4.3726
577921 1237085 4.3726
577921 58697 0.918
58697 577921 0.918
58697 185114 2.6842
185114 58697 2.6842
185114 291739 0.4378
291739 185114 0.4378
291739 184778 0.9533
184778 291739 0.9533
58695 577935 3.2976
577935 651595 3.0252
651595 307661 3.3648
1373031 1373032 5.8716
1373032 1373031 5.8716
1373032 651057 30.9852
651057 1373032 30.9852
651057 1372711 2.9376
1372711 651057 2.9376
1372711 651054 17.1828
651054 1372711 17.1828
651054 651060 9.612
651060 651054 9.612
780333 94123 2.4362
94123 94117 2.411
94117 549844 2.6625
549844 649516 13.4172
649516 549850 14.7595
549850 94116 0.5235
94116 608251 0.2942
608251 549868 0.2119
549868 153963 5.7477
153963 1011807 7.2941
1011807 977226 0.4515
977226 780395 1.7614
780395 195464 1.4698
184752 291737 4.302
291737 184752 4.302
291737 140371 8.154
140371 291737 8.154
140371 243896 14.1804
243896 140371 14.1804
243896 492944 0.936
492944 243896 0.936
492944 492945 2.844
492945 492944 2.844
492945 440739 6.8652
440739 492945 6.8652
440739 209947 4.7232
209947 440739 4.7232
209947 970445 4.7592
970445 209947 4.7592
970445 243893 27.4644
243893 970445 27.4644
243893 440718 5.3352
440718 243893 5.3352
440718 970685 12.2004
970685 440718 12.2004
1850063 1850062 4.1571
65299 1852598 0.297
1852598 65300 5.6976
65300 686116 11.5962
686116 91236 4.1064
1004686 66561 9.252
66561 1004686 9.252
66561 66563 14.1192
66563 66561 14.1192
66563 66562 13.3632
66562 66563 13.3632
66562 66564 32.1912
66564 66562 32.1912
66885 66349 11.2248
66349 66885 11.2248
66349 1436520 19.6848
1436520 66349 19.6848
1436520 66343 17.7192
66343 1436520 17.7192
66343 1436522 5.112
1436522 66343 5.112
1436522 66342 20.268
66342 1436522 20.268
66342 793163 22.0536
793163 66342 22.0536
793163 66346 24.5448
66346 793163 24.5448
66346 1463660 9.2664
1463660 66346 9.2664
1463660 66345 2.8008
66345 1463660 2.8008
66345 1463667 6.3
1463667 66345 6.3
1463667 66344 49.5936
66344 1463667 49.5936
66344 1463670 21.276
1463670 66344 21.276
1463670 1004682 22.356
1004682 1463670 22.356
1004682 1463669 7.6248
1463669 1004682 7.6248
1463669 1463668 11.7144
1463668 1463669 11.7144
1463668 66283 13.7304
66283 1463668 13.7304
66283 1004675 29.9592
1004675 66283 29.9592
66472 66473 9.5472
66473 66472 9.5472
66473 66471 12.888
66471 66473 12.888
66471 66470 15.2424
66470 66471 15.2424
66470 66469 23.8536
66469 66470 23.8536
66399 66398 56.736
66398 66399 56.736
66398 66397 17.2584
66397 66398 17.2584
66397 66408 18.5544
66408 66397 18.5544
66358 66643 18.3672
66643 66358 18.3672
66643 66644 11.7576
66644 66643 11.7576
66644 66639 14.8104
66639 66644 14.8104
66639 66637 18.0288
66637 66639 18.0288
66637 66638 17.0712
66638 66637 17.0712
66638 66154 12.8448
66154 66638 12.8448
66679 66680 4.5072
66680 66679 4.5072
66680 66681 8.28
66681 66680 8.28
66681 66890 4.9536
66890 66681 4.9536
66890 66041 1.3104
66041 66890 1.3104
1428110 1428109 18.0288
1428109 1428110 18.0288
1428109 1428108 17.064
1428108 1428109 17.064
1428108 1463672 16.0416
1463672 1428108 16.0416
1463672 1428107 27.3384
1428107 1463672 27.3384
1428107 1428106 66.2472
1428106 1428107 66.2472
1428106 1463671 19.6704
1463671 1428106 19.6704
1463671 1428105 25.3656
1428105 1463671 25.3656
1428105 66565 21.8016
66565 1428105 21.8016
66565 66345 18.6552
66345 66565 18.6552
66098 1463693 16.7112
1463693 66098 16.7112
1463693 66125 18.1656
66125 1463693 18.1656
66125 66058 29.6712
66058 66125 29.6712
66058 1463684 21.8736
1463684 66058 21.8736
1463684 66059 43.2864
66059 1463684 43.2864
66059 66057 48.5136
66057 66059 48.5136
66057 66090 16.452
66090 66057 16.452
66273 66435 17.1576
66435 66273 17.1576
66435 66433 20.628
66433 66435 20.628
66433 66434 7.776
66434 66433 7.776
66434 66437 4.3344
66437 66434 4.3344
66437 66626 6.4512
66626 66437 6.4512
66626 66436 16.0632
66436 66626 16.0632
66436 66430 17.4744
66430 66436 17.4744
66430 66429 27.8568
66429 66430 27.8568
66429 66428 20.4048
66428 66429 20.4048
66428 1004617 17.5248
1004617 66428 17.5248
502498 1004624 5.8752
1004624 502498 5.8752
1004624 502495 11.7936
502495 1004624 11.7936
502495 1004623 0.0936
1004623 502495 0.0936
1004623 66225 29.2896
66225 1004623 29.2896
66225 66226 12.6144
66226 66225 12.6144
66226 66227 12.9816
66227 66226 12.9816
66676 66570 18.468
66570 66676 18.468
66570 66677 19.3032
66677 66570 19.3032
66677 66674 13.644
66674 66677 13.644
66674 66506 20.2896
66506 66674 20.2896
66506 66675 23.652
66675 66506 23.652
66682 66683 20.8728
66683 66682 20.8728
95775 66020 4.716
66020 95775 4.716
66020 654173 2.4264
654173 66020 2.4264
654173 66021 13.6152
66021 654173 13.6152
66021 66022 19.8792
66022 66021 19.8792
66022 66045 26.2944
66045 66022 26.2944
66045 66044 59.8608
66044 66045 59.8608
66044 66645 20.6208
66645 66044 20.6208
66645 477930 10.476
477930 66645 10.476
477930 66178 17.9928
66178 477930 17.9928
66178 66043 14.5944
66043 66178 14.5944
66043 66042 12.5928
66042 66043 12.5928
66042 319641 5.7672
319641 66042 5.7672
319641 66350 2.4984
66350 319641 2.4984
66204 66371 10.4472
66371 66204 10.4472
66371 66372 18.7992
66372 66371 18.7992
66372 66698 13.7232
66698 66372 13.7232
66598 232417 16.8336
232417 66598 16.8336
232417 66595 12.7512
66595 232417 12.7512
66595 66596 20.0592
66596 66595 20.0592
66596 66597 14.4864
66597 66596 14.4864
66691 66690 22.248
66690 66691 22.248
66690 66682 30.6504
66682 66690 30.6504
66682 66687 60.48
66687 66682 60.48
66687 66686 25.6968
66686 66687 25.6968
66686 66689 22.644
66689 66686 22.644
66689 66688 30.3264
66688 66689 30.3264
66688 66629 6.0048
66629 66688 6.0048
66629 66684 5.9328
66684 66629 5.9328
66684 66685 58.3776
66685 66684 58.3776
66647 66646 13.2408
66646 66647 13.2408
66646 66648 32.5512
66648 66646 32.5512
66648 66649 38.412
66649 66648 38.412
66649 66641 74.7864
66641 66649 74.7864
66641 66642 28.4472
66642 66641 28.4472
66642 66663 4.9752
66663 66642 4.9752
66663 66167 5.4504
66167 66663 5.4504
66403 66402 29.6064
66402 66403 29.6064
66402 66401 25.6248
66401 66402 25.6248
66401 66399 8.2368
66399 66401 8.2368
66399 66400 9.3528
66400 66399 9.3528
66606 66460 7.236
66460 66606 7.236
66460 66459 25.6248
66459 66460 25.6248
66459 66457 29.5344
66457 66459 29.5344
66457 66458 9.972
66458 66457 9.972
66458 66464 22.7088
66464 66458 22.7088
66464 66462 24.948
66462 66464 24.948
66462 66463 11.7576
66463 66462 11.7576
66891 66678 8.6472
66678 66891 8.6472
66678 66569 14.6952
66569 66678 14.6952
66569 66570 46.1664
66570 66569 46.1664
66570 66571 66.8232
66571 66570 66.8232
66571 66549 62.0928
66549 66571 62.0928
65957 65939 12.5064
65939 65957 12.5064
65939 65937 17.4312
65937 65939 17.4312
66620 65993 17.3448
65993 66620 17.3448
65993 65992 21.0456
65992 65993 21.0456
65992 66007 19.9872
66007 65992 19.9872
66007 65991 13.788
65991 66007 13.788
65991 66461 44.7336
66461 65991 44.7336
66461 65852 17.1288
65852 66461 17.1288
65852 500940 8.6616
500940 65852 8.6616
69453 500924 25.6392
500924 69453 25.6392
500924 69452 121.3344
69452 500924 121.3344
69452 383105 81.1296
383105 69452 81.1296
383105 66265 24.6888
66265 383105 24.6888
66265 66020 88.2072
66020 66265 88.2072
66020 66261 13.8456
66261 66020 13.8456
66261 66262 7.6176
66262 66261 7.6176
66262 66263 6.4656
66263 66262 6.4656
66263 408704 3.42
408704 66263 3.42
408704 66014 8.6832
66014 408704 8.6832
66014 66266 47.628
66266 66014 47.628
66266 66257 10.3752
66257 66266 10.3752
66257 66258 8.8272
66258 66257 8.8272
66258 495465 41.796
495465 66258 41.796
495465 66259 16.0056
66259 495465 16.0056
66259 721901 8.1288
721901 66259 8.1288
721901 66260 7.0848
66260 721901 7.0848
66260 66598 39.3696
66598 66260 39.3696
66598 66108 53.9496
66108 66598 53.9496
66108 721905 6.8112
721905 66108 6.8112
721905 66255 13.3776
66255 721905 13.3776
66255 66256 22.3344
66256 66255 22.3344
66256 500950 10.3536
500950 66256 10.3536
500950 1030494 3.8376
1030494 500950 3.8376
1030494 66323 12.7728
66323 1030494 12.7728
66323 500189 6.6024
500189 66323 6.6024
500189 844907 23.9328
844907 500189 23.9328
844907 1030495 52.7256
1030495 844907 52.7256
1030495 500975 13.6872
500975 1030495 13.6872
500975 66250 47.6352
66250 500975 47.6352
66250 288587 13.464
288587 66250 13.464
288587 66251 8.6832
66251 288587 8.6832
66251 844920 11.6424
844920 66251 11.6424
844920 66252 12.8088
66252 844920 12.8088
66040 66203 5.1048
66203 66040 5.1048
66203 66202 3.6
66202 66203 3.6
66202 66201 12.9456
66201 66202 12.9456
66201 66193 14.3352
66193 66201 14.3352
66193 66194 7.344
66194 66193 7.344
66194 66192 19.2024
66192 66194 19.2024
66192 66197 15.6816
66197 66192 15.6816
66197 66489 6.6456
66489 66197 6.6456
66489 66198 21.9528
66198 66489 21.9528
66198 66195 16.4448
66195 66198 16.4448
66195 66196 8.2584
66196 66195 8.2584
66196 66697 12.2256
66697 66196 12.2256
66697 66185 40.3056
66185 66697 40.3056
66185 66692 43.5744
66692 66185 43.5744
66692 66186 19.4544
66186 66692 19.4544
66186 66182 43.2504
66182 66186 43.2504
66182 1463647 7.308
1463647 66182 7.308
1463647 66184 17.1936
66184 1463647 17.1936
66184 66183 21.3264
66183 66184 21.3264
66183 66189 19.1664
66189 66183 19.1664
66189 66191 56.6928
66191 66189 56.6928
66191 66190 22.8456
66190 66191 22.8456
66190 66187 23.2416
66187 66190 23.2416
66187 91234 19.3392
91234 66187 19.3392
91234 66222 23.652
66222 91234 23.652
66220 339892 3.96
339892 66220 3.96
339892 1269213 18.0864
1269213 339892 18.0864
1269213 1730626 23.904
1730626 1269213 23.904
1730626 503790 23.9904
503790 1730626 23.9904
503790 1730625 0.0
1730625 503790 0.0
1730625 1730623 6.7608
1730623 1730625 6.7608
1730623 588252 43.1928
588252 1730623 43.1928
66013 844918 16.3944
844918 66013 16.3944
66116 66377 36.2448
66377 66116 36.2448
66495 66482 27.8856
66482 66495 27.8856
66482 66496 32.004
66496 66482 32.004
66496 66468 9.7704
66468 66496 9.7704
66406 66405 17.208
66405 66406 17.208
66405 66404 25.8192
66404 66405 25.8192
66137 66019 8.9712
66019 66137 8.9712
66019 66136 7.0704
66136 66019 7.0704
66136 66135 26.6688
66135 66136 26.6688
66135 66447 24.732
66447 66135 24.732
66447 66134 79.0344
66134 66447 79.0344
66134 66338 56.8512
66338 66134 56.8512
66338 66394 43.308
66394 66338 43.308
66394 66133 117.576
66133 66394 117.576
66133 66425 85.3344
66425 66133 85.3344
66425 434839 16.9632
434839 66425 16.9632
434839 66132 5.7312
66132 434839 5.7312
66138 66375 4.4424
66375 66138 4.4424
66375 66376 9.9648
66376 66375 9.9648
66467 66502 15.0624
66502 66467 15.0624
65883 646383 14.4792
646383 65883 14.4792
66331 66330 18.4464
66330 66331 18.4464
66330 66332 21.1104
66332 66330 21.1104
66332 66324 40.0104
66324 66332 40.0104
66324 66323 15.4368
66323 66324 15.4368
66574 1463687 15.4656
1463687 66574 15.4656
1463687 66575 16.4808
66575 1463687 16.4808
66575 66566 19.8576
66566 66575 19.8576
66566 66567 16.344
66567 66566 16.344
66017 408707 1.5408
408707 66017 1.5408
408707 408708 3.2904
408708 408707 3.2904
408708 66014 2.88
66014 408708 2.88
65918 66086 19.476
66086 65918 19.476
66086 66084 18.0936
66084 66086 18.0936
66084 66085 11.0448
66085 66084 11.0448
66085 66088 15.4728
66088 66085 15.4728
66088 66063 15.1416
66063 66088 15.1416
66063 66087 16.4016
66087 66063 16.4016
66087 66013 23.5224
66013 66087 23.5224
66013 66090 29.0592
66090 66013 29.0592
66090 66089 23.2272
66089 66090 23.2272
66089 66093 27.936
66093 66089 27.936
66093 66091 35.0136
66091 66093 35.0136
66091 66092 25.6896
66092 66091 25.6896
66092 66095 23.796
66095 66092 23.796
66095 66094 18.5544
66094 66095 18.5544
66265 520475 16.9344
520475 66265 16.9344
520475 66651 11.1096
66651 520475 11.1096
66651 66650 26.676
66650 66651 26.676
66650 520474 14.1048
520474 66650 14.1048
520474 66653 21.996
66653 520474 21.996
66653 66652 40.2408
66652 66653 40.2408
66652 66645 26.1288
66645 66652 26.1288
94914 502513 26.5824
502513 94914 26.5824
502513 366848 4.14
366848 502513 4.14
366848 366849 6.9552
366849 366848 6.9552
366849 95764 49.68
95764 366849 49.68
95764 95765 3.5712
95765 95764 3.5712
66082 66530 28.1808
66530 66082 28.1808
66530 66531 6.0408
66531 66530 6.0408
66531 66538 31.284
66538 66531 31.284
66538 66539 20.5704
66539 66538 20.5704
66539 66537 22.8528
66537 66539 22.8528
66537 66535 12.0816
66535 66537 12.0816
66535 66536 10.4832
66536 66535 10.4832
66536 66526 5.184
66526 66536 5.184
66526 66525 37.188
66525 66526 37.188
66525 66524 11.016
66524 66525 11.016
66524 66523 40.68
66523 66524 40.68
66438 66441 40.068
66441 66438 40.068
66338 66278 18.72
66278 66338 18.72
66278 66279 38.7
66279 66278 38.7
66279 66294 41.2488
66294 66279 41.2488
66888 66657 14.4288
66657 66888 14.4288
66657 66691 15.2496
66691 66657 15.2496
66691 66692 25.6752
66692 66691 25.6752
66497 66466 12.9312
66466 66497 12.9312
66466 66465 6.4728
66465 66466 6.4728
66465 66473 8.5032
66473 66465 8.5032
495297 533513 4.5216
533513 495297 4.5216
533513 66248 50.652
66248 533513 50.652
66248 66247 37.98
66247 66248 37.98
66247 66246 150.0336
66246 66247 150.0336
66246 66245 79.74
66245 66246 79.74
66245 291797 5.436
291797 66245 5.436
291797 205106 20.5272
205106 291797 20.5272
205106 291759 11.52
291759 205106 11.52
291759 208216 25.452
208216 291759 25.452
208216 66244 97.5528
66244 208216 97.5528
66244 498173 103.464
498173 66244 103.464
498173 66243 9.4104
66243 498173 9.4104
66243 66242 20.9088
66242 66243 20.9088
66242 66241 25.4592
66241 66242 25.4592
66241 68224 4.1112
68224 66241 4.1112
68224 142235 12.0456
142235 68224 12.0456
142235 142232 57.3264
142232 142235 57.3264
142232 66239 33.2064
66239 142232 33.2064
66239 1992634 3.1392
1992634 66239 3.1392
1992634 66240 2.844
66240 1992634 2.844
66240 1992635 3.6648
1992635 66240 3.6648
1992635 66238 3.4488
66238 1992635 3.4488
66238 498178 61.02
498178 66238 61.02
498178 1992633 4.2048
1992633 498178 4.2048
1992633 66236 4.2408
66236 1992633 4.2408
66236 66237 21.8016
66237 66236 21.8016
66360 66389 5.8752
66389 66360 5.8752
66389 66390 19.404
66390 66389 19.404
66390 66391 15.2424
66391 66390 15.2424
66391 66392 13.968
66392 66391 13.968
66392 66352 25.6968
66352 66392 25.6968
66352 66353 6.0408
66353 66352 6.0408
66353 66368 10.6488
66368 66353 10.6488
66368 66351 13.9248
66351 66368 13.9248
66351 66357 19.4472
66357 66351 19.4472
66357 66355 15.9696
66355 66357 15.9696
66355 66354 7.4664
66354 66355 7.4664
66354 66356 10.5624
66356 66354 10.5624
66356 66648 16.092
66648 66356 16.092
66648 66358 49.7448
66358 66648 49.7448
500943 66004 3.996
66004 500943 3.996
66004 66005 20.1384
66005 66004 20.1384
66005 66016 15.2424
66016 66005 15.2424
66016 66000 19.5552
66000 66016 19.5552
66000 66018 17.6976
66018 66000 17.6976
66018 890449 11.736
890449 66018 11.736
890449 890450 9.6048
890450 890449 9.6048
890450 890451 14.7384
890451 890450 14.7384
95787 65906 2.8944
65906 95787 2.8944
65906 65908 9.9288
65908 65906 9.9288
65908 1192545 5.6808
1192545 65908 5.6808
1192545 65907 8.9496
65907 1192545 8.9496
65907 65910 13.248
65910 65907 13.248
65910 66069 4.0752
66069 65910 4.0752
66069 65909 5.8824
65909 66069 5.8824
65909 65912 14.688
65912 65909 14.688
65912 65911 12.1248
65911 65912 12.1248
65911 65903 12.9456
65903 65911 12.9456
65903 65904 25.8048
65904 65903 25.8048
65904 1463675 12.2976
1463675 65904 12.2976
1463675 65905 46.8288
65905 1463675 46.8288
65905 65917 29.6064
65917 65905 29.6064
65917 65918 9.468
65918 65917 9.468
65918 502801 8.8272
502801 65918 8.8272
66234 503799 9.5832
503799 66234 9.5832
503799 66438 24.1056
66438 503799 24.1056
66438 228535 44.856
228535 66438 44.856
228535 66233 22.4568
66233 228535 22.4568
66233 503801 19.944
503801 66233 19.944
503801 253593 2.1384
253593 503801 2.1384
253593 228531 18.0432
228531 253593 18.0432
65884 65887 8.9424
65887 65884 8.9424
65887 65885 58.9248
65885 65887 58.9248
66612 65999 7.0704
65999 66612 7.0704
65999 65998 47.16
65998 65999 47.16
65998 119318 8.028
119318 65998 8.028
66447 66448 15.2784
66448 66447 15.2784
66448 66404 10.6488
66404 66448 10.6488
66404 66406 37.368
66406 66404 37.368
66406 66403 29.1744
66403 66406 29.1744
66403 66442 9.4032
66442 66403 9.4032
66442 66443 22.1688
66443 66442 22.1688
66443 66445 16.164
66445 66443 16.164
66445 66444 12.5352
66444 66445 12.5352
66444 66409 14.8824
66409 66444 14.8824
66409 66410 13.536
66410 66409 13.536
66410 66407 10.872
66407 66410 10.872
66407 66408 12.5712
66408 66407 12.5712
66408 66294 11.7576
66294 66408 11.7576
500927 500928 24.6384
500928 500927 24.6384
500928 500207 5.1336
500207 500928 5.1336
500207 499741 115.9272
499741 500207 115.9272
499741 1817878 1.692
1817878 499741 1.692
1817878 500209 29.6496
500209 1817878 29.6496
500209 496436 7.1208
496436 500209 7.1208
496436 500210 12.6504
500210 496436 12.6504
500210 500208 31.5648
500208 500210 31.5648
500208 66318 100.8576
66318 500208 100.8576
66318 66319 7.9272
66319 66318 7.9272
66319 66320 9.5472
66320 66319 9.5472
66320 500212 4.968
500212 66320 4.968
500212 66321 6.6384
66321 500212 6.6384
66321 66322 20.9808
66322 66321 20.9808
66322 500944 22.4712
500944 66322 22.4712
500944 95789 2.4552
95789 500944 2.4552
95789 66311 1.9296
66311 95789 1.9296
66311 66312 19.3032
66312 66311 19.3032
66312 66313 35.2296
66313 66312 35.2296
66313 66314 14.8536
66314 66313 14.8536
66314 66315 11.9664
66315 66314 11.9664
66315 721903 5.6592
721903 66315 5.6592
721903 66316 5.0688
66316 721903 5.0688
66316 66328 11.3688
66328 66316 11.3688
66328 66327 25.6032
66327 66328 25.6032
66327 721907 63.1728
721907 66327 63.1728
721907 500225 2.7864
500225 721907 2.7864
500225 66329 2.628
66329 500225 2.628
13510 66316 4.464
66316 13510 4.464
66316 66617 3.2688
66617 66316 3.2688
66617 66618 8.5824
66618 66617 8.5824
66618 66615 7.0992
66615 66618 7.0992
66615 890451 10.4292
890451 66615 10.4292
890451 66616 3.7404
66616 890451 3.7404
66616 66620 15.9984
66620 66616 15.9984
66620 66621 6.822
66621 66620 6.822
66621 66606 6.5196
66606 66621 6.5196
66606 65884 5.2488
65884 66606 5.2488
65884 66619 1.0008
66619 65884 1.0008
502492 66015 17.0928
66015 502492 17.0928
66015 66023 10.1664
66023 66015 10.1664
139722 503823 16.4592
503823 139722 16.4592
503823 66367 9.9936
66367 503823 9.9936
66367 1607594 18.756
1607594 66367 18.756
1607594 66439 31.1832
66439 1607594 31.1832
66439 66440 27.5112
66440 66439 27.5112
66063 66064 22.608
66064 66063 22.608
66064 66062 29.952
66062 66064 29.952
66062 66061 38.2608
66061 66062 38.2608
66061 66060 22.7016
66060 66061 22.7016
66060 1463676 11.1672
1463676 66060 11.1672
1463676 66067 7.9056
66067 1463676 7.9056
66067 66066 15.4296
66066 66067 15.4296
66066 66767 19.9728
66767 66066 19.9728
66767 66065 12.8736
66065 66767 12.8736
66065 66071 9.6624
66071 66065 9.6624
66071 66070 11.556
66070 66071 11.556
66070 66069 7.812
66069 66070 7.812
66069 65924 7.5456
65924 66069 7.5456
65924 66068 13.3776
66068 65924 13.3776
66068 65956 4.9392
65956 66068 4.9392
66662 66558 2.2032
66558 66662 2.2032
66558 66667 14.8176
66667 66558 14.8176
66667 66666 11.3544
66666 66667 11.3544
66666 66665 13.356
66665 66666 13.356
66665 66659 19.2168
66659 66665 19.2168
66659 66635 38.4048
66635 66659 38.4048
66635 66658 36.72
66658 66635 36.72
66658 66661 39.1464
66661 66658 39.1464
66661 66660 18.684
66660 66661 18.684
66660 66656 86.616
66656 66660 86.616
66656 66654 18.2952
66654 66656 18.2952
66654 66655 10.4832
66655 66654 10.4832
66655 893674 3.1176
893674 66655 3.1176
893674 66888 1.404
66888 893674 1.404
66518 66520 10.4184
66520 66518 10.4184
66520 66519 10.8432
66519 66520 10.8432
66519 66509 21.06
66509 66519 21.06
66509 66511 22.4856
66511 66509 22.4856
66511 66510 7.9056
66510 66511 7.9056
66510 66507 7.2936
66507 66510 7.2936
66507 66506 11.9232
66506 66507 11.9232
66506 66508 26.712
66508 66506 26.712
66508 66514 16.6824
66514 66508 16.6824
66514 66693 44.4456
66693 66514 44.4456
66693 66512 30.744
66512 66693 30.744
66512 66685 19.3896
66685 66512 19.3896
66130 408706 2.5704
408706 66130 2.5704
408706 66131 12.4056
66131 408706 12.4056
66131 66415 8.6328
66415 66131 8.6328
66415 66129 9.7344
66129 66415 9.7344
66129 1463692 26.7408
1463692 66129 26.7408
1463692 66172 68.2056
66172 1463692 68.2056
66172 66174 57.5712
66174 66172 57.5712
66174 66147 30.384
66147 66174 30.384
66147 66173 5.328
66173 66147 5.328
66173 66138 6.444
66138 66173 6.444
66138 66175 37.944
66175 66138 37.944
66175 66168 92.4264
66168 66175 92.4264
66168 66169 31.2192
66169 66168 31.2192
66169 66170 20.9808
66170 66169 20.9808
66267 66270 18.5544
66270 66267 18.5544
66270 66269 23.976
66269 66270 23.976
66269 66413 33.3072
66413 66269 33.3072
66413 66264 34.5456
66264 66413 34.5456
66264 66266 4.86
66266 66264 4.86
66333 66336 29.736
66336 66333 29.736
66103 66034 7.5672
66034 66103 7.5672
66034 1463678 48.6288
1463678 66034 48.6288
1463678 66104 4.7448
66104 1463678 4.7448
66104 66061 33.5016
66061 66104 33.5016
66490 66468 11.232
66468 66490 11.232
66468 66491 12.0816
66491 66468 12.0816
66657 66479 21.1176
66479 66657 21.1176
66479 66534 83.808
66534 66479 83.808
66534 66533 50.76
66533 66534 50.76
66533 66532 29.8728
66532 66533 29.8728
66121 66145 17.64
66145 66121 17.64
66145 66144 15.1128
66144 66145 15.1128
66144 66098 10.8576
66098 66144 10.8576
66098 66141 45.9792
66141 66098 45.9792
66141 66143 34.344
66143 66141 34.344
66143 66142 13.464
66142 66143 13.464
66142 66139 18.1296
66139 66142 18.1296
66139 66574 9.2376
66574 66139 9.2376
66574 1463686 23.4504
1463686 66574 23.4504
1463686 66140 14.9832
66140 1463686 14.9832
66140 66138 9.8712
66138 66140 9.8712
66499 66501 28.2528
66501 66499 28.2528
66501 66500 9.8712
66500 66501 9.8712
66500 66503 15.3864
66503 66500 15.3864
66503 66502 11.3832
66502 66503 11.3832
66502 66468 5.6232
66468 66502 5.6232
66468 66505 9.6408
66505 66468 9.6408
66505 66504 13.4424
66504 66505 13.4424
66504 66493 49.8312
66493 66504 49.8312
66493 66466 29.7144
66466 66493 29.7144
66424 66418 18.8568
66418 66424 18.8568
66418 66415 9.612
66415 66418 9.612
66415 66414 11.988
66414 66415 11.988
66414 66417 13.7304
66417 66414 13.7304
66417 66416 12.0024
66416 66417 12.0024
66416 66412 16.0416
66412 66416 16.0416
66412 66411 17.2008
66411 66412 17.2008
66411 66413 15.552
66413 66411 15.552
66011 66012 21.9168
66012 66011 21.9168
66012 1192538 93.492
1192538 66012 93.492
1192538 65982 12.2328
65982 1192538 12.2328
65982 65938 9.5544
65938 65982 9.5544
65938 66010 22.6368
66010 65938 22.6368
66010 65929 24.264
65929 66010 24.264
65929 65955 30.7152
65955 65929 30.7152
65955 65908 10.7424
65908 65955 10.7424
65908 66310 15.1776
66310 65908 15.1776
66310 66031 14.9112
66031 66310 14.9112
66031 66030 22.2624
66030 66031 22.2624
66030 66032 19.4832
66032 66030 19.4832
66032 66034 27.2376
66034 66032 27.2376
66034 66033 12.1896
66033 66034 12.1896
66033 66035 13.5864
66035 66033 13.5864
66035 66102 11.2104
66102 66035 11.2104
66102 66026 44.6328
66026 66102 44.6328
66026 66027 21.3984
66027 66026 21.3984
66027 66029 22.0968
66029 66027 22.0968
66029 66028 15.8256
66028 66029 15.8256
66028 719338 21.2256
719338 66028 21.2256
719338 66023 4.0464
66023 719338 4.0464
66337 66341 25.8552
66341 66337 25.8552
66341 66339 10.0512
66339 66341 10.0512
66339 66340 11.5632
66340 66339 11.5632
66340 66333 15.2856
66333 66340 15.2856
66333 66334 32.9256
66334 66333 32.9256
66334 66225 8.172
66225 66334 8.172
66440 793162 81.9432
793162 66440 81.9432
793162 1463661 8.8344
1463661 793162 8.8344
1463661 66628 4.644
66628 1463661 4.644
66628 1004674 7.6824
1004674 66628 7.6824
66040 66378 37.7208
66378 66040 37.7208
66378 66379 31.1328
66379 66378 31.1328
66379 66518 10.7712
66518 66379 10.7712
66518 66380 24.156
66380 66518 24.156
66380 66384 11.016
66384 66380 11.016
66384 66383 8.4168
66383 66384 8.4168
66383 66382 6.7536
66382 66383 6.7536
66382 66381 12.9096
66381 66382 12.9096
66381 334339 10.656
334339 66381 10.656
334339 66385 12.348
66385 334339 12.348
66385 334337 26.4096
334337 66385 26.4096
334337 334341 14.3352
334341 334337 14.3352
334341 66387 13.6872
66387 334341 13.6872
66387 66568 6.3648
66568 66387 6.3648
66568 66891 4.6656
66891 66568 4.6656
66891 66386 11.6424
66386 66891 11.6424
66313 66003 26.5608
66003 66313 26.5608
66003 66002 7.6752
66002 66003 7.6752
66002 66000 8.6112
66000 66002 8.6112
66000 66001 20.4048
66001 66000 20.4048
66001 66008 10.4904
66008 66001 10.4904
66008 66006 20.5488
66006 66008 20.5488
66006 66007 6.7464
66007 66006 6.7464
66157 377311 7.2504
377311 66157 7.2504
66119 66597 19.0008
66597 66119 19.0008
66597 66105 15.4728
66105 66597 15.4728
66105 66377 31.3776
66377 66105 31.3776
66377 66106 23.4648
66106 66377 23.4648
66106 66107 9.8928
66107 66106 9.8928
66107 66108 16.884
66108 66107 16.884
66489 66487 17.9784
66487 66489 17.9784
66487 66488 4.3416
66488 66487 4.3416
66488 66475 16.056
66475 66488 16.056
66475 66476 3.3264
66476 66475 3.3264
66476 66477 4.3848
66477 66476 4.3848
66477 66474 21.348
66474 66477 21.348
66423 66419 18.8928
66419 66423 18.8928
66449 66450 14.8392
66450 66449 14.8392
66450 66451 21.3192
66451 66450 21.3192
66451 66452 20.0592
66452 66451 20.0592
66452 66446 14.5728
66446 66452 14.5728
66275 66274 5.5656
66274 66275 5.5656
66274 66276 22.7088
66276 66274 22.7088
66276 1192564 4.5504
1192564 66276 4.5504
1192564 1998608 8.5824
1998608 1192564 8.5824
1998608 66277 14.7816
66277 1998608 14.7816
66277 66271 27.468
66271 66277 27.468
66271 66273 29.808
66273 66271 29.808
66273 66272 9.4392
66272 66273 9.4392
66626 66627 6.4512
66627 66626 6.4512
65935 1192539 34.8696
1192539 65935 34.8696
1192539 65936 4.9608
65936 1192539 4.9608
65936 65933 2.8656
65933 65936 2.8656
65933 65937 8.1936
65937 65933 8.1936
65937 65934 7.9776
65934 65937 7.9776
65934 65946 9.8136
65946 65934 9.8136
65946 65947 10.3536
65947 65946 10.3536
65947 65944 9.648
65944 65947 9.648
65944 65945 11.5704
65945 65944 11.5704
65945 502812 14.364
502812 65945 14.364
502812 65942 13.0536
65942 502812 13.0536
65942 65943 10.7928
65943 65942 10.7928
65943 65940 13.0536
65940 65943 13.0536
65940 65941 11.448
65941 65940 11.448
65941 65952 10.7784
65952 65941 10.7784
65952 65935 8.8776
65935 65952 8.8776
66098 66480 24.804
