28719
1274614 1274615 1.9436
1274615 1274616 0.4432
1274616 1274617 0.5376
1274617 127204 0.7636
127204 604780 0.338
604780 1274618 0.4248
1274618 31302 2.4012
31302 222065 5.0408
222065 1274619 0.3704
1274619 1274621 0.5336
1274621 1274622 0.5632
1274622 1274620 0.8164
1274620 31303 0.262
31303 604783 0.2544
31309 1274583 0.5124
1274583 127213 1.5108
127213 1274335 1.7584
1274335 31310 1.98
31310 31311 1.0784
31311 31312 1.3784
27741 1274377 0.1872
1274377 1274378 0.5104
1274378 1274376 0.1092
1274376 1274374 0.1048
1274374 1274373 0.9524
1274373 1274375 0.1276
1274375 1274372 0.0752
1274372 1274371 0.0936
1274371 1274370 0.0868
1274370 1274369 0.088
1274369 1274368 0.1384
1274368 1274367 0.1848
1274367 1274366 0.1956
1274366 1274365 0.21
1274365 31504 0.1968
31504 1274364 0.1584
1274364 1274363 0.1652
1274363 1274362 0.1764
1274362 1274361 0.172
1274361 127217 0.144
127217 1274360 0.1884
1274360 1274359 0.1676
1274359 1274358 0.1516
1274358 1274357 0.1788
1274357 1274356 0.2764
1274356 1274355 0.2112
1274355 31505 0.3232
31505 1274354 0.2288
1274354 1274431 0.1332
1274431 1274432 0.0956
1274432 1274433 0.1568
1274433 31506 0.1316
31506 1317298 0.1784
1317298 1274436 0.226
1274436 1274434 0.154
1274434 1274435 0.1252
1274435 1274352 0.1356
1274352 1274353 0.1104
1274353 1274351 0.1272
1274351 1274350 0.1512
1274350 1274349 0.0964
1274349 1274348 0.114
1274348 1274347 0.1028
1274347 1274346 0.1256
1274346 1274345 0.102
1274345 1274344 0.1228
1274344 31507 0.0968
31507 1274343 0.1032
1274343 1274342 0.1024
1274342 1274341 0.0876
1274341 1274340 0.1176
1274340 1274339 0.1308
1274339 1274338 0.1328
1274338 31508 0.1196
31508 1317297 0.0756
1317297 31509 0.0636
31509 1274336 0.1884
1274336 1274651 0.1972
1274651 1274652 0.1924
1274652 1274653 0.2268
1274653 1274337 0.1696
1274337 1274654 0.1952
1274654 1274655 0.1644
1274655 31503 0.5808
32264 1316477 0.2208
1316477 1316488 0.836
1316488 1316478 0.3468
1316478 1316476 0.3772
1316476 459305 0.3476
459305 89483 0.2584
89483 459303 0.1972
459303 459304 0.1664
459304 1316479 0.1736
1316479 459306 0.2024
459306 1316480 0.1752
1316480 1316481 0.1788
1316481 1316487 0.2768
1316487 1316486 0.23
1316486 1316485 0.19
1316485 1316484 0.1884
1316484 1316483 0.1808
1316483 1316482 0.1684
1316482 1316475 0.176
1316475 1316474 0.2104
1316474 32265 0.2064
32265 459308 0.1996
459308 459310 0.1716
459310 1316473 0.1692
1316473 1316472 0.1816
1316472 459312 0.1616
459312 459314 0.1756
459314 1316471 0.1764
1316471 1316470 0.158
1316470 1316469 0.1492
1316469 459317 0.1456
459317 32267 0.1632
32267 459321 0.158
459321 459322 0.1684
459322 1316468 0.156
1316468 459324 0.1428
459324 1316467 0.1444
1316467 1316466 0.1468
1316466 459326 0.1728
459326 1316465 0.1716
1316465 32297 0.1484
32297 1316464 0.1384
1316464 1316463 0.1736
1316463 459329 0.1556
459329 1316462 0.1504
1316462 1316461 0.1588
1316461 1316460 0.1572
1316460 459332 0.1784
459332 459334 0.1612
459334 1316459 0.16
1316459 1316458 0.1536
1316458 32266 0.1972
32266 1316457 0.196
1316457 1316456 0.2012
1316456 459339 0.1836
459339 459341 0.1948
459341 1316455 0.15
1316455 32268 0.17
32268 1316454 0.1652
1316454 1316453 0.1624
1316453 1316452 0.1592
1316452 1316451 0.1976
1316451 1316450 0.1964
1316450 459340 0.2204
459340 1317067 0.106
1317067 459336 0.0844
459336 459333 0.208
459333 32298 0.2364
32298 459330 0.3548
459330 32269 0.8392
32269 1316449 0.158
1316449 1316448 0.8752
1316448 1316447 0.2176
1316447 1316446 0.2148
1316446 1316445 0.1792
1316445 1316444 0.1904
1316444 1316443 0.198
1316443 1316442 0.192
1316442 459337 0.1772
459337 459344 0.1984
459344 32270 0.162
32270 1316441 0.178
1316441 459347 0.15
459347 1316440 0.1348
1316440 459350 0.1864
459350 1316439 0.2072
1316439 1316438 0.17
1316438 459351 0.1612
459351 32271 0.1652
32271 1316437 0.1784
1316437 459355 0.1896
459355 1316436 0.1644
1316436 32272 0.1672
32272 1316435 0.1468
1316435 459357 0.1512
459357 1316434 0.1804
1316434 1316433 0.1492
1316433 1316432 0.16
1316432 459359 0.1424
459359 1316431 0.1776
1316431 1316430 0.1628
1316430 32273 0.1924
32273 1316429 0.1724
1316429 1316428 0.1836
1316428 1316427 0.1588
1316427 1316426 0.1612
1316426 1316425 0.1512
1316425 1316424 0.122
1316424 1316423 0.1444
1316423 1316422 0.1428
1316422 1316421 0.196
1316421 1316420 0.15
1316420 1316419 0.1808
1316419 459360 0.2052
459360 459358 0.2072
459358 459356 0.1968
459356 32274 0.2036
32274 459353 0.1692
459353 459352 0.2216
459352 32275 0.2172
32275 459348 0.2412
459348 32276 0.2096
32276 1316418 0.2336
1316418 1316417 0.26
1316417 459345 0.3248
459345 1317066 0.1604
1317066 459342 0.13
459342 459335 0.1572
459335 89485 0.2068
89485 459328 0.1844
459328 1316416 0.2312
1316416 459327 0.9232
459327 32277 1.324
32278 459318 0.3196
459318 1316390 0.6604
1316390 1316391 0.9032
1316391 1316393 0.1708
1316393 1316394 0.1808
1316394 1316395 0.1984
1316395 1316392 0.2232
1316392 459319 0.1488
459319 32279 0.23
32279 32280 0.2016
32280 459316 0.2528
459316 459315 0.2236
459315 32281 0.276
32281 459311 0.222
459311 32282 0.212
32282 459307 0.206
459307 459302 0.2128
459302 459300 0.2252
459300 1316396 0.1792
1316396 1316397 0.184
1316397 1316398 0.1852
1316398 1316399 0.2084
1316399 1316400 0.192
1316400 1316401 0.2112
1316401 32283 0.1884
32283 1316402 0.222
1316402 459296 0.158
459296 32284 0.2008
32284 1316403 0.186
1316403 459292 0.1912
459292 32285 0.218
32285 1316404 0.2196
1316404 459286 0.198
459286 459284 0.2068
459284 32286 0.2068
32286 1316405 0.1684
1316405 1316406 0.192
1316406 459278 0.1956
459278 1316407 0.1888
1316407 459277 0.1956
459277 1316408 0.2356
1316408 1316409 0.2052
1316409 1316410 0.204
1316410 32287 0.1888
32287 1316411 0.1932
1316411 459280 0.1888
459280 1316412 0.1668
1316412 459282 0.238
459282 32288 0.2424
32288 459288 0.21
459288 459290 0.2364
459290 1316413 0.284
1316413 1316414 0.2676
1316414 1317065 0.1188
1317065 1316415 0.1988
1316415 32289 1.3868
32289 1316388 0.146
1316388 1600180 0.5652
1600180 1316389 0.5656
1316389 1316387 0.2548
1316387 1316386 0.2812
1316386 1316385 0.3088
1316385 459289 0.2528
459289 459283 0.32
459283 459276 0.2792
459276 32290 0.2832
32290 459273 0.2912
459273 459270 0.2708
459270 459268 0.2852
459268 32291 0.2984
32291 1316384 0.2624
1316384 1316383 0.2404
1316383 1316382 0.2132
1316382 1316381 0.2436
1316381 459260 0.2428
459260 459258 0.2252
459258 459254 0.258
459254 32292 0.2464
32292 459251 0.306
459251 459252 0.274
459252 459253 0.2412
459253 1316380 0.2528
1316380 1316379 0.2204
1316379 459257 0.2388
459257 1316378 0.2396
1316378 32293 0.2772
32293 459265 0.2208
459265 459266 0.2708
459266 459269 0.224
459269 459271 0.226
459271 32294 0.2444
32294 459275 0.2424
459275 459281 0.2444
459281 1316377 0.2192
1316377 459285 0.3288
459285 32295 0.238
32295 1317064 0.1068
1317064 459293 0.1472
459293 459294 0.2576
459294 1316373 0.286
1316373 459297 0.182
459297 459299 0.1568
459299 1316372 0.33
1316372 1316374 0.3736
1316374 1316376 0.3532
1316376 1316375 0.2356
1316375 1316371 0.5848
1316371 32296 0.3176
22473 2015517 0.2428
22473 1273232 0.6012
1273232 1273242 0.6228
1273242 1273241 0.5504
1273241 22474 0.626
22474 1273243 1.6264
1273243 127255 0.5636
127255 1273244 1.2452
1273244 127267 0.6828
127267 1273543 2.17
1273543 27736 0.3188
27736 1273274 1.8704
1273274 1273273 0.6272
1273273 1273272 0.6968
1273272 1273271 0.4612
1273271 1273524 2.5312
1273524 31501 0.634
31501 1273517 0.6708
1273517 1274727 0.6564
1274727 1274728 1.2088
1274728 1274729 1.3992
1274729 27737 1.3964
27737 27738 7.8276
27738 127253 9.2712
127253 1274404 0.6892
1274404 1274730 0.4628
1274730 1274403 1.4984
1274403 1274401 0.2856
1274401 1274402 0.8756
1274402 1274400 0.3572
1274400 27739 0.3624
27739 1274395 0.2372
1274395 1274396 0.4516
1274396 1274397 0.4276
1274397 1274398 0.4112
1274398 1274399 0.5856
1274399 1274394 1.0312
1274394 1274393 0.8452
1274393 1274392 0.3196
1274392 1274391 0.6196
1274391 31502 0.5388
31502 1274390 0.4312
1274390 127221 0.8452
127221 1274389 0.5608
1274389 1274388 0.322
1274388 1274387 0.3432
1274387 1274386 0.5408
1274386 1274385 0.8836
1274385 27740 0.3816
27740 1274384 0.5376
1274384 1274383 0.43
1274383 1274382 0.2824
1274382 1274381 0.3916
1274381 1274380 0.2804
1274380 1274379 0.4076
1274379 127219 0.4236
127219 27741 0.2984
27741 1274658 3.1664
1274658 1274659 0.55
1274659 127218 0.64
127218 1274657 0.5796
1274657 1274656 0.802
1274656 31503 1.3692
31503 31309 3.1252
35791 1316489 0.4416
1316489 1316490 1.7952
1316490 1316491 1.3842
1316491 1316492 0.4206
1316492 1316493 0.3228
1316493 35792 0.3594
35792 459261 0.5706
459261 459263 0.5274
459263 459264 0.4842
459264 35793 0.483
35793 459259 0.5352
459259 1316494 0.573
1316494 1316495 0.5016
1316495 1316496 0.4284
1316496 459256 0.5856
459256 1317074 0.6036
1317074 35794 0.8442
35794 1316497 4.293
1316497 1316498 4.1784
1316498 459247 2.9826
459247 1316499 5.6016
1316499 1317069 2.1774
1317069 35795 0.1806
35795 459243 0.3792
459243 1316500 0.411
1316500 459242 0.5244
459242 459241 0.3642
459241 1316501 0.438
1316501 1316502 0.4074
1316502 1316503 1.4604
1316503 35796 0.477
39986 1240632 0.1256
1240632 1240631 0.3024
1240631 1240630 0.288
1240630 1240629 0.338
1240629 459366 0.3492
459366 39987 0.3576
39987 459367 0.606
459367 459369 1.1012
459369 39988 1.4032
39988 1316564 0.9376
1316564 1240628 0.1784
1240628 1240627 0.334
1240627 1240626 0.4164
1240626 1240625 0.3116
1240625 1240624 0.2432
1240624 1240623 0.2244
1240623 459371 0.1788
459371 459373 0.1956
459373 459375 0.168
459375 1240622 0.5608
1240622 1240621 0.1832
1240621 1240620 0.1324
1240620 1240619 0.1324
1240619 1240618 0.1792
1240618 1240617 0.1568
1240617 459377 0.204
459377 1240616 0.2144
1240616 1240615 0.1896
1240615 39989 0.2104
39989 459379 0.2156
459379 1240614 0.1884
1240614 459381 0.3988
459381 39990 0.3344
39990 459383 0.53
459383 39991 2.7044
39991 1240609 0.2832
1240609 1240610 0.3748
1240610 1240611 0.4036
1240611 1240612 0.272
1240612 1240613 0.2388
1240613 459385 0.2868
459385 459386 0.2584
459386 1240723 0.3044
1240723 1240562 0.43
1240562 39992 0.258
39992 1450139 0.9212
1450139 1240561 0.2432
1240561 604734 3.4632
604734 1240561 3.4632
604734 459384 2.0264
459384 604734 2.0264
459384 459382 0.9492
459382 459384 0.9492
1274445 1274444 0.8244
1274444 1274445 0.8244
1274444 1274443 0.7578
1274443 1274444 0.7578
1274443 1358356 0.4086
1358356 1274443 0.4086
1358356 1527397 0.2934
1527397 1358356 0.2934
1527397 1274442 1.431
1274442 1527397 1.431
1274442 1274441 0.765
1274441 1274442 0.765
1274441 1274440 0.8442
1274440 1274441 0.8442
1274440 1274439 1.638
1274439 1274440 1.638
1274439 40785 0.7938
40785 1274439 0.7938
40785 1274438 0.8226
1274438 40785 0.8226
1274438 1274437 1.008
1274437 1274438 1.008
1274437 40786 0.8442
40786 1274437 0.8442
40786 40787 0.9432
40787 40786 0.9432
40787 1274446 17.0154
1274446 40787 17.0154
1274446 40788 13.932
40788 1274446 13.932
40788 127246 0.954
127246 40788 0.954
127246 1274447 0.7686
1274447 127246 0.7686
1274447 1274448 0.7578
1274448 1274447 0.7578
1274448 1274449 0.9162
1274449 1274448 0.9162
1274449 40789 0.7056
40789 1274449 0.7056
40789 1274450 0.5292
1274450 40789 0.5292
1274450 40790 0.567
40790 1274450 0.567
40790 1274451 0.4914
1274451 40790 0.4914
1274451 40791 0.6498
40791 1274451 0.6498
40791 1274452 0.6984
1274452 40791 0.6984
1274452 1274453 0.6534
1274453 1274452 0.6534
1274453 1274454 0.6174
1274454 1274453 0.6174
1274454 1274455 0.558
1274455 1274454 0.558
1274455 1274456 0.6174
1274456 1274455 0.6174
1274456 1274457 0.5994
1274457 1274456 0.5994
1274457 1274458 0.351
1274458 1274457 0.351
1274458 1274459 0.5094
1274459 1274458 0.5094
1274459 1274460 0.4176
1274460 1274459 0.4176
1274460 1274461 0.4104
1274461 1274460 0.4104
1274461 40792 0.4212
40792 1274461 0.4212
40792 1274462 0.441
1274462 40792 0.441
1274462 1274463 0.5076
1274463 1274462 0.5076
1274463 1274464 0.5526
1274464 1274463 0.5526
1274464 1274465 0.594
1274465 1274464 0.594
1274465 1274723 1.512
1274723 1274465 1.512
225201 225199 6.4836
225199 225201 6.4836
225199 225202 16.7112
225202 225199 16.7112
225202 225200 15.3072
225200 225202 15.3072
225200 1880005 14.8248
1880005 225200 14.8248
1880005 225196 0.8964
225196 1880005 0.8964
225196 1880003 19.314
1880003 225196 19.314
1880003 225204 9.9648
225204 1880003 9.9648
59209 1317173 0.8688
1317173 59209 0.8688
1317173 1317144 1.0144
1317144 1317173 1.0144
1317144 1317145 0.946
1317145 1317144 0.946
1317145 127250 1.318
127250 1317145 1.318
127250 1317146 0.238
1317146 127250 0.238
1317146 1317161 0.4268
1317161 1317146 0.4268
1317161 606221 1.9064
606221 1317161 1.9064
606221 127251 1.6136
127251 606221 1.6136
127251 127249 2.2508
127249 127251 2.2508
127249 1317147 0.5932
1317147 127249 0.5932
1317147 1317148 0.3724
1317148 1317147 0.3724
1317148 1317149 0.2728
1317149 1317148 0.2728
1317149 127248 0.312
127248 1317149 0.312
127248 59210 3.49
59210 127248 3.49
59210 59211 2.8672
59211 59210 2.8672
59211 1317150 0.276
1317150 59211 0.276
1317150 1317151 0.3408
1317151 1317150 0.3408
1317151 1317153 0.5896
1317153 1317151 0.5896
1317153 1317152 1.1684
1317152 1317153 1.1684
1317152 1317154 3.1128
1317154 1317152 3.1128
1317154 59212 2.2852
59212 1317154 2.2852
59212 59229 6.1948
59229 59212 6.1948
59229 59213 1.9932
59213 59229 1.9932
59213 1317155 0.4148
1317155 59213 0.4148
1317155 262537 1.4588
262537 1317155 1.4588
262537 1317156 3.258
1317156 262537 3.258
1317156 1317157 1.7164
1317157 1317156 1.7164
1317157 1317158 1.8584
1317158 1317157 1.8584
1317158 59214 0.5288
59214 1317158 0.5288
59214 1317159 5.6792
1317159 59214 5.6792
1317159 1317160 4.7912
1317160 1317159 4.7912
1317160 262502 4.636
262502 1317160 4.636
262502 59215 15.678
59215 262502 15.678
59215 59216 23.4228
59216 59215 23.4228
59216 59217 49.4628
59217 59216 49.4628
59217 59219 10.4532
59219 59217 10.4532
59219 1520267 1.3728
1520267 59219 1.3728
1520267 59220 1.6152
59220 1520267 1.6152
59220 1520266 2.0604
1520266 59220 2.0604
1520266 59221 1.89
59221 1520266 1.89
59221 59222 10.2876
59222 59221 10.2876
59222 1520265 9.4008
1520265 59222 9.4008
1520265 59223 9.1056
59223 1520265 9.1056
59223 494068 3.5988
494068 59223 3.5988
494068 59224 3.93
59224 494068 3.93
59224 1520264 2.3664
1520264 59224 2.3664
1520264 59225 5.7336
59225 1520264 5.7336
59225 59226 6.9288
59226 59225 6.9288
59226 59227 18.7296
59227 59226 18.7296
59227 1899364 14.8092
1899364 59227 14.8092
1899364 59228 5.1456
59228 1899364 5.1456
59229 59230 25.5096
59230 59229 25.5096
59230 59231 32.292
59231 59230 32.292
59231 59232 25.5888
59232 59231 25.5888
59232 59233 113.5296
59233 59232 113.5296
59233 59234 100.2384
59234 59233 100.2384
59234 59235 82.9872
59235 59234 82.9872
59235 654892 32.4936
654892 59235 32.4936
654892 59236 29.2536
59236 654892 29.2536
59236 59237 103.2624
59237 59236 103.2624
59237 59238 54.5904
59238 59237 54.5904
59238 654889 28.1304
654889 59238 28.1304
654889 654891 42.3792
654891 654889 42.3792
654891 654890 6.8544
654890 654891 6.8544
654890 59239 20.5776
59239 654890 20.5776
59239 59240 67.7016
59240 59239 67.7016
59240 59241 40.4064
59241 59240 40.4064
59241 59242 27.5256
59242 59241 27.5256
59242 59243 35.2368
59243 59242 35.2368
59243 59244 97.9272
59244 59243 97.9272
59244 59245 45.9072
59245 59244 45.9072
59245 494092 9.432
494092 59245 9.432
494092 494093 54.1296
494093 494092 54.1296
494093 494095 36.288
494095 494093 36.288
494095 494096 13.9608
494096 494095 13.9608
494096 494097 7.4592
494097 494096 7.4592
494097 494094 96.9768
494094 494097 96.9768
65043 1235626 0.5994
1235626 65043 0.5994
1235626 1235627 0.4896
1235627 1235626 0.4896
1235627 1235628 0.711
1235628 1235627 0.711
22498 1273284 0.2044
1273284 1273283 1.4692
1273283 81032 0.198
81032 1273282 0.222
1273282 1273281 0.2384
1273281 1273280 0.2616
1273280 1273285 0.1152
1273285 81033 0.1132
81033 1273279 0.1932
1273279 1273278 0.162
1273278 81034 0.2156
81034 1273277 0.1684
1273277 1273276 0.1576
1273276 1287977 0.104
1287977 559066 0.086
559066 1273275 0.2
1273275 81035 0.1872
81035 81036 0.406
81036 559065 0.652
559065 559064 0.8828
559064 81037 1.7056
81037 81038 0.8984
81038 559062 0.7396
559062 559060 0.3212
22497 1273269 1.9992
1273269 559073 0.1964
559073 1277590 0.1204
1277590 559071 0.3404
559071 1591400 0.2016
1591400 559070 0.29
31312 1274286 1.4784
1274286 1274287 0.5848
1274287 1274288 0.4616
1274288 1274289 0.5456
1274289 127210 0.3948
127210 1274290 0.4632
1274290 1274291 0.3872
1274291 1274292 0.3312
1274292 1274293 0.3888
1274293 1274294 0.3872
1274294 31313 0.2128
31313 1274295 0.1604
1274295 1274296 0.1604
1274296 1274331 0.4104
1274331 1274332 0.2532
1274332 1274333 0.3152
1274333 1274334 0.3472
1274334 1274300 0.2892
1274300 1274299 0.3956
1274299 1274298 0.4136
1274298 1274297 0.2324
1274297 31314 0.2212
31314 1274301 0.2396
1274301 127209 0.2444
127209 1274302 0.2728
1274302 1274303 0.3132
1274303 1274304 0.2
1274304 1274305 0.2196
1274305 1274306 0.228
1274306 1274307 0.1584
1274307 1274308 0.2232
1274308 1274309 0.2816
1274309 1274310 0.2536
1274310 1274311 0.1988
1274311 31315 0.2668
31315 1274312 0.3168
1274312 1274313 0.276
1274313 1274314 0.1636
1274314 1274315 0.1748
1274315 1274316 0.1976
1274316 1274317 0.2292
1274317 1274318 0.1584
1274318 31316 0.1284
31316 1274320 0.2192
1274320 1274319 0.2452
1274319 1274321 0.3068
1274321 1274322 0.31
1274322 1274323 0.3748
1274323 1274324 0.4576
1274324 1274325 0.3684
1274325 1274326 0.462
1274326 1274327 0.314
1274327 1274328 0.2656
1274328 1274329 0.2468
1274329 1274330 0.4028
1274330 31317 0.6544
1043336 2016306 0.018
2016306 1043336 0.018
1043336 584101 3.8309
584101 1043336 3.8309
584101 90211 5.0595
90211 584101 5.0595
90211 584099 0.9741
584099 90211 0.9741
584099 584100 0.9041
584100 584099 0.9041
584100 584103 2.467
584103 584100 2.467
584103 584104 0.7421
584104 584103 0.7421
584104 90212 0.7251
90212 584104 0.7251
90212 584102 0.6372
584102 90212 0.6372
584102 90213 0.7673
90213 584102 0.7673
90213 584097 0.6007
584097 90213 0.6007
584097 90214 2.8522
90214 584097 2.8522
90214 584086 0.8434
584086 90214 0.8434
584086 584083 0.7982
584083 584086 0.7982
584083 584081 0.9987
584081 584083 0.9987
584081 90215 1.0491
90215 584081 1.0491
90215 584087 5.1603
584087 90215 5.1603
584087 584089 5.2005
584089 584087 5.2005
584089 90216 1.9692
90216 584089 1.9692
90216 584090 0.8486
584090 90216 0.8486
584090 584092 0.901
584092 584090 0.901
584092 584094 0.9329
584094 584092 0.9329
584094 90217 0.973
90217 584094 0.973
90217 340807 8.135
340807 90217 8.135
340807 584116 0.6835
584116 340807 0.6835
1991580 2016416 5.112
2016416 1991580 5.112
1991580 1991575 9.93
1991575 1991580 9.93
1991575 341094 13.02
341094 1991575 13.02
341094 1901451 4.5228
1901451 341094 4.5228
1901451 1896603 8.4348
1896603 1901451 8.4348
1896603 1901449 8.1336
1901449 1896603 8.1336
1901449 94874 7.9728
94874 1901449 7.9728
94874 1896616 7.6272
1896616 94874 7.6272
1896616 94875 1.2804
94875 1896616 1.2804
94875 94876 5.2344
94876 94875 5.2344
94876 94877 5.9928
94877 94876 5.9928
94877 1896612 1.584
1896612 94877 1.584
1896612 94878 4.4928
94878 1896612 4.4928
94878 94879 5.2404
94879 94878 5.2404
94879 94880 5.052
94880 94879 5.052
94880 94881 6.3816
94881 94880 6.3816
94881 94882 4.6164
94882 94881 4.6164
94882 94883 5.4516
94883 94882 5.4516
94883 94884 4.8576
94884 94883 4.8576
94884 94885 7.4484
94885 94884 7.4484
94885 94886 12.5172
94886 94885 12.5172
94886 94887 2.1564
94887 94886 2.1564
94887 94888 1.9716
94888 94887 1.9716
94888 94889 3.2268
94889 94888 3.2268
94889 341423 2.796
341423 94889 2.796
341423 94890 14.4264
94890 341423 14.4264
94890 341385 2.5332
341385 94890 2.5332
341385 94891 26.8248
94891 341385 26.8248
94890 340772 26.4276
340772 94890 26.4276
340772 94892 24.4692
94892 340772 24.4692
94892 94893 2.9412
94893 94892 2.9412
94893 94894 89.0892
94894 94893 89.0892
97426 1936010 17.8488
1936010 97426 17.8488
1936010 1936009 49.0896
1936009 1936010 49.0896
1936009 1936008 19.2816
1936008 1936009 19.2816
1936008 97430 19.1088
97430 1936008 19.1088
97430 1944013 210.348
1944013 97430 210.348
1944013 1857748 41.076
1857748 1944013 41.076
1857748 97431 91.6488
97431 1857748 91.6488
97431 1857755 45.4896
1857755 97431 45.4896
1857755 97432 72.6984
97432 1857755 72.6984
97432 97433 37.4256
97433 97432 37.4256
97433 1936022 132.7968
1936022 97433 132.7968
1936022 97434 51.588
97434 1936022 51.588
97434 1215476 32.7312
1215476 97434 32.7312
1215476 1215473 35.2296
1215473 1215476 35.2296
1215473 97435 33.84
97435 1215473 33.84
97435 97436 42.0984
97436 97435 42.0984
97436 97437 49.0248
97437 97436 49.0248
97437 1889400 11.808
1889400 97437 11.808
1889400 1215471 11.5344
1215471 1889400 11.5344
1215471 1849726 18.5616
1849726 1215471 18.5616
1849726 97438 35.244
97438 1849726 35.244
97438 97439 24.0912
97439 97438 24.0912
97439 97440 16.488
97440 97439 16.488
97440 1857772 11.2752
1857772 97440 11.2752
1857772 97441 13.896
97441 1857772 13.896
97441 1857771 13.068
1857771 97441 13.068
1857771 97442 11.844
97442 1857771 11.844
97442 1857770 20.772
1857770 97442 20.772
1857770 97443 19.0944
97443 1857770 19.0944
97443 97444 11.6712
97444 97443 11.6712
97444 97445 276.0264
97445 97444 276.0264
97445 1742366 37.8144
1742366 97445 37.8144
1742366 97446 30.1536
97446 1742366 30.1536
97446 1764291 23.436
1764291 97446 23.436
1764291 97447 22.8384
97447 1764291 22.8384
97447 97462 36.216
97462 97447 36.216
97462 97448 31.32
97448 97462 31.32
97448 97449 48.6144
97449 97448 48.6144
97449 97450 34.8048
97450 97449 34.8048
97450 97451 62.3952
97451 97450 62.3952
97451 97452 57.5136
97452 97451 57.5136
97452 97453 62.4312
97453 97452 62.4312
97453 97454 55.2456
97454 97453 55.2456
97454 97455 55.5984
97455 97454 55.5984
97455 97456 46.512
97456 97455 46.512
97458 97459 77.7744
97459 97458 77.7744
97459 97460 29.8512
97460 97459 29.8512
97460 1701553 82.1304
1701553 97460 82.1304
102723 102737 78.7068
102737 102723 78.7068
102737 102736 2.4516
102736 102737 2.4516
102736 1733171 2.5344
1733171 102736 2.5344
1733171 102735 6.318
102735 1733171 6.318
102735 1733170 5.6124
1733170 102735 5.6124
1733170 102734 5.5584
102734 1733170 5.5584
102734 1733169 4.3092
1733169 102734 4.3092
1733169 1733168 5.3928
1733168 1733169 5.3928
1733168 102733 3.24
102733 1733168 3.24
102733 102732 4.392
102732 102733 4.392
102732 102731 4.3596
102731 102732 4.3596
102731 1733167 3.5856
1733167 102731 3.5856
1733167 102730 3.996
102730 1733167 3.996
102730 1733165 3.0816
1733165 102730 3.0816
1733165 1733166 2.9376
1733166 1733165 2.9376
1733166 1733174 4.4244
1733174 1733166 4.4244
1733174 1733172 2.3436
1733172 1733174 2.3436
1733172 1733173 2.2032
1733173 1733172 2.2032
1733173 102729 2.5344
102729 1733173 2.5344
102729 102728 26.5716
102728 102729 26.5716
102728 1733164 5.4432
1733164 102728 5.4432
1733164 1733175 5.3136
1733175 1733164 5.3136
1733175 1733178 9.0396
1733178 1733175 9.0396
1733178 1733179 5.8644
1733179 1733178 5.8644
113858 127276 21.402
127276 113858 21.402
127276 113863 6.2226
113863 127276 6.2226
113863 482608 6.5538
482608 113863 6.5538
482608 127277 5.2992
127277 482608 5.2992
127277 113864 9.4788
113864 127277 9.4788
113864 113858 6.0318
113858 113864 6.0318
113858 2016634 4.8402
2016634 113858 4.8402
32302 1697189 1.1765
1697189 1697190 1.1383
1697190 1316777 1.184
1316777 629552 7.2742
629552 459229 0.6016
459229 32300 0.8557
32300 1980093 0.383
1980093 459228 0.4399
459228 1697198 0.7999
1697198 1697197 0.7427
32269 604686 0.5892
604686 32269 0.5892
604784 31305 0.5104
31305 1274626 0.458
1274626 1274627 0.2472
1274627 1274628 0.2988
1274628 1274629 0.2604
1274629 31306 0.2476
31306 1274630 0.306
1274630 127207 0.2536
127207 1274631 0.1396
1274631 1274649 0.2192
1274649 1274648 0.2836
1274648 1274646 1.046
1274646 1274647 0.144
1274647 1274645 0.1468
1274645 1274632 0.226
1274632 1274633 0.1724
1274633 127208 0.1712
127208 1274644 0.8324
1274644 1274643 0.2336
1274643 1274634 0.3704
1274634 127215 0.7204
127215 31307 0.3296
31307 31308 0.426
31308 1274635 5.5824
1274635 1274636 2.0472
1274636 127211 0.154
127211 1274637 1.244
1274637 27870 0.386
560956 1358349 0.3866
1358349 560956 0.3866
1358349 1274474 1.4933
1274474 1358349 1.4933
127222 127231 3.2141
127231 127222 3.2141
127231 127232 1.5314
127232 127231 1.5314
127232 1274479 0.2016
1274479 127232 0.2016
1274479 1274480 0.1908
1274480 1274479 0.1908
1274480 127230 0.2534
127230 1274480 0.2534
127230 1274481 0.2909
1274481 127230 0.2909
1274481 1274482 0.2095
1274482 1274481 0.2095
1274482 1274483 0.2167
1274483 1274482 0.2167
1274483 127229 0.2549
127229 1274483 0.2549
127229 1274484 0.2549
1274484 127229 0.2549
1274484 1274485 0.3298
1274485 1274484 0.3298
1274485 1274486 0.3254
1274486 1274485 0.3254
1274486 1274487 0.2664
1274487 1274486 0.2664
1274487 1274488 0.2887
1274488 1274487 0.2887
1274488 1274489 0.293
1274489 1274488 0.293
1274489 1274491 0.162
1274491 1274489 0.162
1274491 1274490 0.1145
1274490 1274491 0.1145
1274490 127228 0.4313
127228 1274490 0.4313
127228 1274492 0.2758
1274492 127228 0.2758
1274492 127227 0.3204
127227 1274492 0.3204
127227 1274493 0.3017
1274493 127227 0.3017
1274493 1274494 0.2902
1274494 1274493 0.2902
1274494 1274495 0.2506
1274495 1274494 0.2506
1274495 1274496 0.4212
1274496 1274495 0.4212
1274496 1274497 0.3823
1274497 1274496 0.3823
1274497 1274498 0.4356
1274498 1274497 0.4356
1274498 1274499 0.396
1274499 1274498 0.396
1274499 127226 0.4615
127226 1274499 0.4615
127226 127225 1.2046
127225 127226 1.2046
127242 127243 0.4496
127243 127238 0.1208
127238 1274513 0.13
1274513 1274514 0.126
1274514 1274515 0.1136
1274515 1274516 0.1204
1274516 1274517 0.1236
1274517 127237 0.1168
127237 1274518 0.1156
1274518 1274519 0.1188
1274519 1274520 0.1272
1274520 1274521 0.1468
1274521 127236 0.1204
127236 1274522 0.122
1274522 1274523 0.1344
1274523 127235 0.1272
127235 1274524 0.1424
1274524 1274525 0.094
1274525 1275210 0.0636
1275210 1274529 0.05
1274529 1274530 0.1144
1274530 1274531 0.1368
1274531 1274532 0.1976
1274532 1274731 0.1492
1274731 1274732 0.2148
1274732 1274533 0.8964
1274533 27876 0.1828
127239 1274579 1.0268
1274579 1274578 0.2444
1274578 1274577 0.2248
1274577 1274576 0.2128
1274576 1274575 0.2776
1274575 1274574 0.2448
1274574 1274572 0.1852
1274572 127240 0.2144
127240 1274571 0.1888
1274571 1274570 0.2252
1274570 1274569 0.1784
1274569 1274568 0.1912
1274568 127233 0.208
127233 1274573 0.4484
1274573 127234 0.2836
127234 127241 0.8016
127241 127242 0.3248
127258 1273245 0.7072
1273245 1273248 2.3988
1273248 1273246 0.7328
1273246 1273247 0.6148
1273247 81041 1.5664
22498 1287944 1.0722
1287944 22498 1.0722
22497 1273268 1.9548
1273268 559069 0.358
559069 1273267 0.8136
1273267 559067 1.0096
559067 27736 0.4392
482609 482608 10.0314
482608 482609 10.0314
1279190 1767071 0.9612
1767071 1279190 0.9612
1767071 1891434 10.98
1891434 1767071 10.98
1891434 1277569 1.1736
1277569 1891434 1.1736
1277569 483271 0.855
483271 1277569 0.855
483271 598956 2.52
598956 483271 2.52
598956 1277566 0.7794
1277566 598956 0.7794
1277566 1277568 1.3122
1277568 1277566 1.3122
1277568 483276 6.9714
483276 1277568 6.9714
483276 598990 1.8828
598990 483276 1.8828
598990 483283 8.1234
483283 598990 8.1234
127289 1277600 1.0602
1277600 127289 1.0602
1277600 519451 20.5902
519451 1277600 20.5902
519451 1443034 13.1058
1443034 519451 13.1058
1443034 1443035 0.6858
1443035 1443034 0.6858
1443035 1443036 0.5526
1443036 1443035 0.5526
1443036 1443032 0.6084
1443032 1443036 0.6084
1443032 519449 3.798
519449 1443032 3.798
519449 1443033 2.0736
1443033 519449 2.0736
1443033 519448 1.5768
519448 1443033 1.5768
519448 519447 1.2366
519447 519448 1.2366
519447 1279258 1.5552
1279258 519447 1.5552
1279258 519445 1.512
519445 1279258 1.512
519445 1279259 1.5156
1279259 519445 1.5156
1279259 519444 1.4652
519444 1279259 1.4652
519444 519443 4.221
519443 519444 4.221
519443 1279260 6.3954
1279260 519443 6.3954
1279260 519442 4.293
519442 1279260 4.293
519442 519441 4.1922
519441 519442 4.1922
519441 598936 1.386
598936 519441 1.386
598936 1279261 8.0982
1279261 598936 8.0982
1279261 1891433 1.1268
1891433 1279261 1.1268
1891433 516629 11.8314
516629 1891433 11.8314
35796 459240 1.3514
459240 35796 1.3514
459240 1316775 0.2344
1316775 459240 0.2344
32289 32301 1.6499
32301 32289 1.6499
32301 459272 1.0217
459272 32301 1.0217
459272 459267 0.6379
459267 459272 0.6379
459267 459262 0.5573
459262 459267 0.5573
459262 459255 0.508
459255 459262 0.508
459255 459250 0.3798
459250 459255 0.3798
459250 459249 0.6203
459249 459250 0.6203
459249 1316504 0.4878
1316504 459249 0.4878
1316504 459248 0.7769
459248 1316504 0.7769
459248 459246 0.3892
459246 459248 0.3892
459246 32303 0.7996
32303 459246 0.7996
32303 459245 0.2603
459245 32303 0.2603
459245 35796 2.6849
35796 459245 2.6849
560956 1274466 0.9588
1274466 560956 0.9588
186716 1342332 0.429
1342332 186716 0.429
1342332 1356552 0.3156
1356552 1342332 0.3156
1356552 424414 2.2638
424414 1356552 2.2638
424414 1905214 1.5906
1905214 424414 1.5906
1905214 186765 0.7224
186765 1905214 0.7224
186765 424415 1.8252
424415 186765 1.8252
424415 1520335 0.4704
1520335 424415 0.4704
1520335 424416 1.608
424416 1520335 1.608
424416 186756 1.68
186756 424416 1.68
186756 402683 2.7486
402683 186756 2.7486
402683 186717 4.1268
186717 402683 4.1268
186717 1888978 0.6102
1888978 186717 0.6102
1888978 1888979 0.4806
1888979 1888978 0.4806
1888979 1520328 0.6
1520328 1888979 0.6
1520328 186770 0.9012
186770 1520328 0.9012
186770 1461963 0.6852
1461963 186770 0.6852
1461963 342757 1.146
342757 1461963 1.146
342757 1358103 2.5032
1358103 342757 2.5032
1358103 1358118 5.1336
1358118 1358103 5.1336
1358118 1757276 0.5892
1757276 1358118 0.5892
1757276 1064775 0.1926
1064775 1757276 0.1926
1064775 1461952 11.844
1461952 1064775 11.844
1461952 186733 5.208
186733 1461952 5.208
186733 186721 7.1388
186721 186733 7.1388
186721 1904370 2.5656
1904370 186721 2.5656
1904370 1826935 0.8628
1826935 1904370 0.8628
440022 2017798 1.314
2017798 440022 1.314
440022 1228449 1.0683
1228449 440022 1.0683
1228449 1229145 0.7875
1229145 1228449 0.7875
1229145 1658013 0.7335
1658013 1229145 0.7335
1658013 1228455 0.4968
1228455 1658013 0.4968
1228455 1228454 0.981
1228454 1228455 0.981
1228454 1228453 1.6848
1228453 1228454 1.6848
1228453 1228456 2.0853
1228456 1228453 2.0853
1228456 300570 1.557
300570 1228456 1.557
300570 1295817 0.6093
1295817 300570 0.6093
1295817 1295795 1.0818
1295795 1295817 1.0818
1295795 1295796 0.8919
1295796 1295795 0.8919
1295796 1295797 0.9819
1295797 1295796 0.9819
1295797 1295798 0.7992
1295798 1295797 0.7992
1295798 2000236 3.636
2000236 1295798 3.636
2000236 1354385 1.0179
1354385 2000236 1.0179
1354385 1986117 4.4199
1986117 1354385 4.4199
1986117 1295816 1.2825
1295816 1986117 1.2825
1295816 1295815 1.0017
1295815 1295816 1.0017
225197 225201 21.0816
225201 225197 21.0816
225205 1356468 0.8772
1356468 225205 0.8772
1356468 1356467 0.3708
1356467 1356468 0.3708
1356467 225213 0.483
225213 1356467 0.483
225213 895535 1.7868
895535 225213 1.7868
895535 1370955 6.7026
1370955 895535 6.7026
1370955 895534 6.213
895534 1370955 6.213
895534 2014311 2.7372
2014311 895534 2.7372
2014311 1370938 1.47
1370938 2014311 1.47
1370938 1370954 3.9054
1370954 1370938 3.9054
1370954 225207 0.4224
225207 1370954 0.4224
225207 1370953 0.51
1370953 225207 0.51
1370953 225206 0.528
225206 1370953 0.528
225206 1370952 0.3732
1370952 225206 0.3732
1370952 895531 0.465
895531 1370952 0.465
895531 225211 0.4548
225211 895531 0.4548
225211 895532 3.5514
895532 225211 3.5514
895532 1370994 1.6308
1370994 895532 1.6308
1370994 895533 1.0218
895533 1370994 1.0218
895533 225209 1.7244
225209 895533 1.7244
186716 560992 0.3372
560992 186716 0.3372
560992 1356495 1.7814
1356495 560992 1.7814
97446 1764285 647.4384
1764285 97446 647.4384
225223 225225 145.1016
225225 225223 145.1016
225225 225217 194.0832
225217 225225 194.0832
225217 225228 279.5112
225228 225217 279.5112
225228 225218 47.1168
225218 225228 47.1168
225218 225216 80.2944
225216 225218 80.2944
225216 795941 63.252
795941 225216 63.252
1033464 97426 1.5012
97426 1033464 1.5012
262426 262427 4.7045
262427 262426 4.7045
262427 262428 4.0716
262428 262427 4.0716
262428 262429 3.2162
262429 262428 3.2162
262429 583909 0.9216
583909 262429 0.9216
583909 583920 8.19
583920 583909 8.19
583920 262430 5.6174
262430 583920 5.6174
262430 262431 1.3622
262431 262430 1.3622
262431 262432 1.4674
262432 262431 1.4674
262432 262433 1.4076
262433 262432 1.4076
262433 583943 3.1702
583943 262433 3.1702
583943 262434 4.3308
262434 583943 4.3308
262434 262435 6.7126
262435 262434 6.7126
262435 262436 5.8435
262436 262435 5.8435
262436 262437 1.535
262437 262436 1.535
262437 583975 2.9959
583975 262437 2.9959
583975 262438 5.1278
262438 583975 5.1278
262438 341131 2.8778
341131 262438 2.8778
341131 262439 1.6502
262439 341131 1.6502
262439 341169 2.5538
341169 262439 2.5538
341169 262440 10.7165
262440 341169 10.7165
262440 262441 2.8238
262441 262440 2.8238
262441 341234 1.4069
341234 262441 1.4069
341234 341108 10.831
341108 341234 10.831
341108 262442 7.4729
262442 341108 7.4729
262442 262443 1.1988
262443 262442 1.1988
262443 262444 4.1724
262444 262443 4.1724
262444 262445 20.2327
262445 262444 20.2327
262445 341290 3.8513
341290 262445 3.8513
341290 341358 1.7129
341358 341290 1.7129
341358 262446 1.6402
262446 341358 1.6402
262446 341309 0.3938
341309 262446 0.3938
341309 341312 5.549
341312 341309 5.549
341312 341178 3.5849
341178 341312 3.5849
341178 262447 9.4032
262447 341178 9.4032
262447 341257 0.8554
341257 262447 0.8554
341257 262448 14.207
262448 341257 14.207
262448 584028 5.4216
584028 262448 5.4216
584028 584038 4.2005
584038 584028 4.2005
584038 341281 0.6422
341281 584038 0.6422
341281 584056 6.6434
584056 341281 6.6434
584056 262449 0.8806
262449 584056 0.8806
262449 2018352 0.8726
2018352 262449 0.8726
262502 262503 17.7624
262503 262502 17.7624
262503 262504 12.8448
262504 262503 12.8448
262504 262505 9.9936
262505 262504 9.9936
262505 262506 20.0952
262506 262505 20.0952
262506 262507 20.6136
262507 262506 20.6136
262507 262508 28.0296
262508 262507 28.0296
262508 262509 24.8328
262509 262508 24.8328
262509 262510 46.7064
262510 262509 46.7064
262510 262511 29.6424
262511 262510 29.6424
262511 262512 9.1296
262512 262511 9.1296
262512 262513 18.8352
262513 262512 18.8352
262513 262514 18.324
262514 262513 18.324
262514 262515 5.4072
262515 262514 5.4072
262515 262516 33.264
262516 262515 33.264
262516 262517 43.236
262517 262516 43.236
262517 262518 12.7872
262518 262517 12.7872
262518 262519 33.0624
262519 262518 33.0624
262519 262520 19.7784
262520 262519 19.7784
262520 262521 29.6208
262521 262520 29.6208
262521 262522 13.9536
262522 262521 13.9536
262522 262523 16.3296
262523 262522 16.3296
262523 262524 18.7344
262524 262523 18.7344
262524 262525 38.3616
262525 262524 38.3616
262525 262526 12.4704
262526 262525 12.4704
262526 262527 17.4312
262527 262526 17.4312
262527 262528 21.9168
262528 262527 21.9168
262528 262529 22.0824
262529 262528 22.0824
262529 262530 32.3856
262530 262529 32.3856
262530 262531 20.3904
262531 262530 20.3904
262531 262532 18.6696
262532 262531 18.6696
262532 262533 20.3832
262533 262532 20.3832
262533 262534 17.9496
262534 262533 17.9496
262534 262535 11.1528
262535 262534 11.1528
262535 262536 8.8776
262536 262535 8.8776
262536 262537 17.2728
262537 262536 17.2728
59212 262538 12.24
262538 59212 12.24
262538 262539 25.92
262539 262538 25.92
262539 262540 35.856
262540 262539 35.856
262540 262541 21.9312
262541 262540 21.9312
262541 262542 9.1368
262542 262541 9.1368
262542 262543 12.6864
262543 262542 12.6864
262543 262544 4.9608
262544 262543 4.9608
262544 262545 8.28
262545 262544 8.28
262545 262546 23.436
262546 262545 23.436
262546 262547 22.3632
262547 262546 22.3632
262547 262548 29.952
262548 262547 29.952
262548 262549 106.2504
262549 262548 106.2504
262549 262550 25.524
262550 262549 25.524
262550 262551 11.1744
262551 262550 11.1744
262551 262552 25.4736
262552 262551 25.4736
262552 262553 14.9112
262553 262552 14.9112
262553 262554 8.6544
262554 262553 8.6544
262554 262555 4.104
262555 262554 4.104
262555 262556 6.5448
262556 262555 6.5448
262556 262557 6.9048
262557 262556 6.9048
262557 262558 4.3488
262558 262557 4.3488
262558 262559 8.6832
262559 262558 8.6832
262559 262560 11.4912
262560 262559 11.4912
262560 262561 12.7224
262561 262560 12.7224
262561 262562 35.8776
262562 262561 35.8776
262562 262563 16.1424
262563 262562 16.1424
262563 262564 13.572
262564 262563 13.572
262564 262565 16.9992
262565 262564 16.9992
262565 262566 32.22
262566 262565 32.22
262566 262567 21.9096
262567 262566 21.9096
262567 262568 15.6744
262568 262567 15.6744
262568 262569 13.3488
262569 262568 13.3488
262569 262570 19.0368
262570 262569 19.0368
262570 262571 12.4272
262571 262570 12.4272
262571 262572 19.5408
262572 262571 19.5408
262572 262573 11.3904
262573 262572 11.3904
262573 262574 8.8272
262574 262573 8.8272
262574 262575 11.7144
262575 262574 11.7144
262575 262576 12.312
262576 262575 12.312
262576 262577 16.5816
262577 262576 16.5816
262577 262578 17.6976
262578 262577 17.6976
262578 262579 9.4104
262579 262578 9.4104
262579 262580 19.1088
262580 262579 19.1088
262580 262581 17.5752
262581 262580 17.5752
262581 262582 65.6496
262582 262581 65.6496
262582 262583 2.5416
262583 262582 2.5416
262583 2018354 11.7576
2018354 262583 11.7576
22508 1273299 0.5751
1273299 22508 0.5751
1273299 690939 0.657
690939 1273299 0.657
22510 1287845 1.5219
1287845 22510 1.5219
127265 1273571 5.4918
1273571 127265 5.4918
1273571 1346352 2.4684
1346352 1273571 2.4684
1346352 1346336 0.861
1346336 1346352 0.861
1346336 1273570 0.693
1273570 1346336 0.693
1273570 1273298 1.0554
1273298 1273570 1.0554
1273298 1291168 4.2666
1291168 1273298 4.2666
1291168 1291169 3.1854
1291169 1291168 3.1854
22512 22513 2.3184
22513 22512 2.3184
22513 22514 2.7714
22514 22513 2.7714
22514 1273366 2.7966
1273366 22514 2.7966
1273366 1482320 0.1722
1482320 1273366 0.1722
65054 301609 3.0708
301609 65054 3.0708
301609 1235643 15.0516
1235643 301609 15.0516
1235643 1235642 8.3736
1235642 1235643 8.3736
1295798 2000229 0.783
2000229 1295798 0.783
2000229 1414769 0.6408
1414769 2000229 0.6408
1414769 440017 0.378
440017 1414769 0.378
440017 300569 5.0742
300569 440017 5.0742
300569 440020 12.0996
440020 300569 12.0996
300569 300568 3.4128
300568 300569 3.4128
300568 300567 15.5556
300567 300568 15.5556
300567 440018 8.0676
440018 300567 8.0676
440018 1414770 0.5652
1414770 440018 0.5652
1414770 2000233 0.5796
2000233 1414770 0.5796
2000233 300570 1.7316
300570 2000233 1.7316
1295815 2000226 0.9378
2000226 1295815 0.9378
2000226 1238394 0.4464
1238394 2000226 0.4464
1238394 483533 0.3546
483533 1238394 0.3546
483533 483534 10.1808
483534 483533 10.1808
483534 931945 4.7844
931945 483534 4.7844
931945 2018660 0.738
2018660 931945 0.738
300740 300750 21.2004
300750 300740 21.2004
300750 301544 15.9894
301544 300750 15.9894
301544 300727 15.7932
300727 301544 15.7932
300727 1235767 12.6576
1235767 300727 12.6576
1235767 1235659 1.6182
1235659 1235767 1.6182
1235659 300719 1.2942
300719 1235659 1.2942
300719 1235657 1.4274
1235657 300719 1.4274
1235657 1235766 0.6228
1235766 1235657 0.6228
1235766 300749 0.8046
300749 1235766 0.8046
300749 1235765 1.062
1235765 300749 1.062
1235765 1235658 1.1466
1235658 1235765 1.1466
1235658 300705 7.8426
300705 1235658 7.8426
300705 300803 10.6308
300803 300705 10.6308
1052762 1149727 1.0536
1149727 1052762 1.0536
1149727 1523743 1.0662
1523743 1149727 1.0662
1523743 1341444 2.4822
1341444 1523743 2.4822
1341444 300723 0.216
300723 1341444 0.216
300723 1407097 0.2208
1407097 300723 0.2208
1407097 300710 0.4206
300710 1407097 0.4206
300710 1265651 0.1914
1265651 300710 0.1914
1265651 1265652 0.2724
1265652 1265651 0.2724
1265652 1265653 0.2808
1265653 1265652 0.2808
1265653 300707 0.2886
300707 1265653 0.2886
300707 464771 1.5264
464771 300707 1.5264
