38269
1314052 780183 0.4958
780183 1314052 0.4958
780183 651751 1.4297
651751 780183 1.4297
651751 408792 7.8691
408792 651751 7.8691
408792 651760 3.6586
651760 408792 3.6586
651760 1018789 3.7779
1018789 651760 3.7779
1018789 1018787 1.0497
1018787 1018789 1.0497
1018787 780189 0.9787
780189 1018787 0.9787
780189 780188 2.3899
780188 780189 2.3899
780188 651671 3.3362
651671 780188 3.3362
651671 1849216 8.1231
1849216 651671 8.1231
1849216 651410 0.8655
651410 1849216 0.8655
651410 13436 0.3117
13436 651410 0.3117
13436 13435 1.188
13435 13436 1.188
13435 651647 1.0044
651647 13435 1.0044
651647 1849217 0.2546
1849217 651647 0.2546
1849217 1849220 0.9993
1849220 1849217 0.9993
1849220 651412 1.4621
651412 1849220 1.4621
651412 13437 1.2055
13437 651412 1.2055
13437 651414 1.2194
651414 13437 1.2194
651414 13438 1.1731
13438 651414 1.1731
13438 651413 1.2024
651413 13438 1.2024
651413 13439 1.8972
13439 651413 1.8972
13439 13440 2.9541
13440 13439 2.9541
13512 410110 1.776
410110 13512 1.776
410110 360344 2.04
360344 410110 2.04
360344 526220 1.9056
526220 360344 1.9056
526220 410113 1.1748
410113 526220 1.1748
410113 526228 7.6488
526228 410113 7.6488
526228 410114 0.8676
410114 526228 0.8676
410114 410116 7.128
410116 410114 7.128
410116 14875 2.8512
14875 410116 2.8512
14875 14876 8.1636
14876 14875 8.1636
14876 526339 6.5016
526339 14876 6.5016
526339 526356 2.622
526356 526339 2.622
526356 526368 1.8612
526368 526356 1.8612
526368 14877 3.78
14877 526368 3.78
14877 747060 2.6856
747060 14877 2.6856
747060 526390 0.8124
526390 747060 0.8124
526390 14878 3.288
14878 526390 3.288
14878 526411 1.962
526411 14878 1.962
27952 721083 0.6562
721083 27952 0.6562
721083 27953 0.7344
27953 721083 0.7344
27953 507393 8.8185
507393 27953 8.8185
507393 27954 3.6417
27954 507393 3.6417
27954 505162 3.8355
505162 27954 3.8355
505162 721082 1.7249
721082 505162 1.7249
721082 505149 3.366
505149 721082 3.366
505149 507281 3.0333
507281 505149 3.0333
507281 507279 4.5561
507279 507281 4.5561
507279 27955 2.573
27955 507279 2.573
27955 27956 1.2914
27956 27955 1.2914
27956 507277 1.4585
507277 27956 1.4585
507277 721086 3.1593
721086 507277 3.1593
721086 27957 1.3968
27957 721086 1.3968
27957 27958 1.8617
27958 27957 1.8617
27958 507272 2.0499
507272 27958 2.0499
507272 27959 2.0376
27959 507272 2.0376
27959 27960 1.4565
27960 27959 1.4565
27960 27961 0.9334
27961 27960 0.9334
27961 721077 0.5693
721077 27961 0.5693
721077 27962 0.4711
27962 721077 0.4711
27962 1015702 1.5305
1015702 27962 1.5305
1015702 27963 0.1846
27963 1015702 0.1846
27963 721081 0.7473
721081 27963 0.7473
721081 27964 0.3235
27964 721081 0.3235
27964 721089 0.4762
721089 27964 0.4762
721089 27965 0.6048
27965 721089 0.6048
27965 721088 0.6552
721088 27965 0.6552
721088 27966 0.8373
27966 721088 0.8373
31431 472752 5.3784
472752 31431 5.3784
472752 472751 9.1224
472751 472752 9.1224
472751 472753 9.72
472753 472751 9.72
472753 472754 13.6728
472754 472753 13.6728
472754 472755 20.5704
472755 472754 20.5704
472755 472756 11.0592
472756 472755 11.0592
472756 1009472 6.1056
1009472 472756 6.1056
1009472 27986 4.0896
27986 1009472 4.0896
27926 1519421 2.448
1519421 27926 2.448
1519421 31322 21.4214
31322 1519421 21.4214
31322 31323 12.0384
31323 31322 12.0384
31323 486225 1.0447
486225 31323 1.0447
486225 378112 2.0527
378112 486225 2.0527
31329 563225 0.2283
563225 31329 0.2283
563225 528135 0.3343
528135 563225 0.3343
528135 486235 0.9067
486235 528135 0.9067
486235 31330 1.4266
31330 486235 1.4266
31330 737758 0.4366
737758 31330 0.4366
737758 486237 4.625
486237 737758 4.625
486237 31331 4.6846
31331 486237 4.6846
31331 737731 10.9173
737731 31331 10.9173
737731 31332 1.4765
31332 737731 1.4765
31332 563266 1.0846
563266 31332 1.0846
563266 348391 0.593
348391 563266 0.593
27952 563278 0.6927
563278 27952 0.6927
563278 422174 0.0982
422174 563278 0.0982
422174 1798459 0.5781
1798459 422174 0.5781
1798459 422173 1.0769
422173 1798459 1.0769
422173 31338 2.7051
31338 422173 2.7051
31338 564156 1.6498
564156 31338 1.6498
564156 507404 0.1527
507404 564156 0.1527
507404 564154 0.2587
564154 507404 0.2587
564154 1103013 1.6838
1103013 564154 1.6838
1103013 31339 3.833
31339 1103013 3.833
31339 564146 1.1453
564146 31339 1.1453
564146 31340 0.5529
31340 564146 0.5529
31340 564147 0.6043
564147 31340 0.6043
564147 505176 1.0661
505176 564147 1.0661
505176 1605377 1.8879
1605377 505176 1.8879
1605377 1798137 2.0679
1798137 1605377 2.0679
1798137 1605366 1.8602
1605366 1798137 1.8602
1605366 366712 0.2371
366712 1605366 0.2371
366712 505180 3.8211
505180 366712 3.8211
505180 1605372 0.9591
1605372 505180 0.9591
1605372 919656 4.4059
919656 1605372 4.4059
919656 1605356 0.8542
1605356 919656 0.8542
1605356 1605359 0.2073
1605359 1605356 0.2073
1605359 505182 0.5261
505182 1605359 0.5261
505182 919659 0.5446
919659 505182 0.5446
919659 919662 1.8746
919662 919659 1.8746
919662 953003 0.5693
953003 919662 0.5693
953003 1605352 0.8666
1605352 953003 0.8666
1605352 504844 7.4031
504844 1605352 7.4031
31341 31345 0.5997
31345 31341 0.5997
31345 1605334 2.2335
1605334 31345 2.2335
1605334 504849 3.9677
504849 1605334 3.9677
504849 504834 6.0403
504834 504849 6.0403
504834 721497 9.7118
721497 504834 9.7118
721497 721509 0.9093
721509 721497 0.9093
721509 31346 0.8938
31346 721509 0.8938
31346 366713 0.307
366713 31346 0.307
366713 504776 0.3816
504776 366713 0.3816
504776 721498 0.4659
721498 504776 0.4659
721498 31347 0.4978
31347 721498 0.4978
31347 721495 2.5133
721495 31347 2.5133
721495 31348 0.6362
31348 721495 0.6362
31346 721499 2.6628
721499 31349 24.3156
31349 504855 13.6464
504855 721512 14.6664
31348 301496 0.2916
301496 31348 0.2916
301496 31350 1.3824
31350 301496 1.3824
31350 504798 0.7215
504798 31350 0.7215
504798 564160 0.1193
564160 504798 0.1193
564160 504813 3.4005
504813 564160 3.4005
504813 1816726 3.9389
1816726 504813 3.9389
1816726 504843 1.4343
504843 1816726 1.4343
504843 308179 3.671
308179 504843 3.671
308179 422225 1.0111
422225 308179 1.0111
422225 1342639 1.1073
1342639 422225 1.1073
1342639 564187 0.5724
564187 1342639 0.5724
564187 422227 1.1088
422227 564187 1.1088
422227 505098 0.5534
505098 422227 0.5534
505098 564193 0.5143
564193 505098 0.5143
564193 1340345 2.2881
1340345 564193 2.2881
1340345 505186 1.3402
505186 1340345 1.3402
505186 297176 0.6197
297176 505186 0.6197
297176 296368 1.7491
296368 297176 1.7491
296368 500136 3.5131
500136 296368 3.5131
500136 297158 0.5215
297158 500136 0.5215
297158 572511 3.6211
572511 297158 3.6211
572511 505462 0.4017
505462 572511 0.4017
505462 1703901 0.6151
1703901 505462 0.6151
1703901 197189 0.7565
197189 1703901 0.7565
197189 422233 2.755
422233 197189 2.755
422233 31351 0.4541
31351 422233 0.4541
31351 422234 1.1181
422234 31351 1.1181
422234 563446 3.2246
563446 422234 3.2246
563446 505259 3.1845
505259 563446 3.1845
505259 422236 1.3726
422236 505259 1.3726
422236 1060168 0.3852
1060168 422236 0.3852
1060168 1060170 0.5796
1060170 1060168 0.5796
297176 563444 1.9176
563444 297176 1.9176
563444 422231 1.614
422231 563444 1.614
422231 99854 5.5284
99854 422231 5.5284
99854 422230 2.538
422230 99854 2.538
422230 572506 4.2768
572506 422230 4.2768
572506 296369 1.296
296369 572506 1.296
296369 196899 3.9552
196899 296369 3.9552
196899 505442 3.8388
505442 196899 3.8388
505442 319450 8.4588
319450 505442 8.4588
319450 31353 0.7152
31353 319450 0.7152
477479 477480 4.9136
477480 477479 4.9136
477480 31354 2.1895
31354 477480 2.1895
31354 477481 0.7783
477481 31354 0.7783
477481 477482 0.6851
477482 477481 0.6851
477482 31355 0.7276
31355 477482 0.7276
31355 477483 0.4997
477483 31355 0.4997
477483 31356 0.5508
31356 477483 0.5508
31356 477484 0.3373
477484 31356 0.3373
477484 477485 0.4126
477485 477484 0.4126
477485 477486 0.3042
477486 477485 0.3042
477486 477487 0.4543
477487 477486 0.4543
477487 870644 0.0972
870644 477487 0.0972
870644 870646 0.3679
870646 870644 0.3679
870646 505500 0.7333
505500 870646 0.7333
505500 505501 0.3895
505501 505500 0.3895
477479 505459 1.111
505459 477479 1.111
505459 31357 1.507
31357 505459 1.507
31357 31358 3.6637
31358 31357 3.6637
31358 922357 0.7646
922357 31358 0.7646
922357 564775 1.0566
564775 922357 1.0566
564775 1816864 0.6995
1816864 564775 0.6995
1816864 1816732 0.6901
1816732 1816864 0.6901
1816732 564772 0.5764
564772 1816732 0.5764
564772 505094 1.7464
505094 564772 1.7464
505094 366709 0.9277
366709 505094 0.9277
366709 366708 0.5285
366708 366709 0.5285
366708 701621 2.1542
701621 366708 2.1542
701621 922355 1.4836
922355 701621 1.4836
922355 31361 0.3118
31361 922355 0.3118
31350 366714 1.2984
366714 31350 1.2984
366714 504801 3.4536
504801 366714 3.4536
504801 566222 7.3164
566222 504801 7.3164
566222 504835 3.222
504835 566222 3.222
504835 564183 14.2044
564183 504835 14.2044
564183 31342 30.6084
31342 564183 30.6084
31342 505112 9.3984
505112 31342 9.3984
505112 505115 20.7552
505115 505112 20.7552
721495 564157 0.323
564157 721495 0.323
564157 504735 1.0224
504735 564157 1.0224
504735 564545 2.0803
564545 504735 2.0803
564545 504769 2.0983
504769 564545 2.0983
504769 31366 0.3903
31366 504769 0.3903
31366 504758 6.8163
504758 31366 6.8163
504758 504754 3.4817
504754 504758 3.4817
504754 504723 2.8929
504723 504754 2.8929
504723 196900 3.2714
196900 504723 3.2714
196900 196901 2.0546
196901 196900 2.0546
196901 31367 5.1259
31367 196901 5.1259
456056 1444294 3.654
1444294 456056 3.654
1444294 1444293 2.5096
1444293 1444294 2.5096
1444293 504968 0.4442
504968 1444293 0.4442
504968 721085 1.8018
721085 504968 1.8018
721085 504977 4.1364
504977 721085 4.1364
504977 504978 0.7902
504978 504977 0.7902
504978 1798178 0.3247
1798178 504978 0.3247
1798178 565758 0.4334
565758 1798178 0.4334
565758 153900 0.5951
153900 565758 0.5951
153900 504981 1.1239
504981 153900 1.1239
504981 504993 8.5835
504993 504981 8.5835
504993 1444281 2.4649
1444281 504993 2.4649
1444281 965487 0.2239
965487 1444281 0.2239
965487 1444288 1.719
1444288 965487 1.719
1444288 505001 5.0879
505001 1444288 5.0879
505001 31359 1.5721
31359 505001 1.5721
507570 408518 4.7016
408518 507570 4.7016
408518 94156 7.02
94156 408518 7.02
94156 31404 3.378
31404 94156 3.378
31404 911254 0.2148
911254 31404 0.2148
911254 1004185 14.352
1004185 911254 14.352
1004185 713728 6.612
713728 1004185 6.612
713728 713729 6.2196
713729 713728 6.2196
713729 31411 9.4608
31411 713729 9.4608
31411 31412 4.0092
31412 31411 4.0092
31412 31421 6.1668
31421 31412 6.1668
31421 367893 4.6956
367893 31421 4.6956
367893 367905 2.106
367905 367893 2.106
367905 378138 1.8
378138 367905 1.8
378138 367895 0.5088
367895 378138 0.5088
367895 367899 3.348
367899 367895 3.348
367899 367898 2.8356
367898 367899 2.8356
31405 31414 24.0468
31414 31405 24.0468
31414 31415 3.318
31415 31414 3.318
31415 31416 6.3348
31416 31415 6.3348
31416 31417 10.0428
31417 31416 10.0428
31417 31418 8.8716
31418 31417 8.8716
31418 31419 2.9196
31419 31418 2.9196
31419 290590 22.0536
290590 31419 22.0536
31413 31420 6.9816
31420 31413 6.9816
31420 31416 4.8876
31416 31420 4.8876
31416 31421 18.4032
31421 31416 18.4032
31422 31423 18.0408
31423 31422 18.0408
31423 31424 26.052
31424 31423 26.052
31424 507608 0.5052
507608 31424 0.5052
507608 471932 19.14
471932 507608 19.14
471932 27996 10.038
27996 471932 10.038
27996 1009473 0.7524
1009473 27996 0.7524
1009473 27986 16.3908
27986 1009473 16.3908
27986 31425 17.4588
31425 27986 17.4588
31426 31427 28.2012
31427 31426 28.2012
31427 31428 18.2796
31428 31427 18.2796
31428 31429 24.2988
31429 31428 24.2988
31429 499506 4.3164
499506 31429 4.3164
499506 713727 3.3864
713727 499506 3.3864
713727 31430 21.7188
31430 713727 21.7188
31430 507606 26.964
507606 31430 26.964
507606 385661 0.7008
385661 507606 0.7008
385661 27997 27.876
27997 385661 27.876
27997 31431 13.488
31431 27997 13.488
94168 31435 10.086
31435 94168 10.086
31435 31427 17.7024
31427 31435 17.7024
31427 1827431 6.8472
1827431 31427 6.8472
1827431 1827432 6.72
1827432 1827431 6.72
1827432 1827424 4.0248
1827424 1827432 4.0248
1827424 27923 0.4344
27923 1827424 0.4344
31436 563219 1.3524
563219 31436 1.3524
563219 31426 5.1012
31426 563219 5.1012
31426 31438 5.3952
31438 31426 5.3952
31438 31437 12.564
31437 31438 12.564
31438 1552338 11.7144
1552338 31438 11.7144
1552338 31439 22.5852
31439 1552338 22.5852
31439 31440 29.6868
31440 31439 29.6868
31436 31441 35.0424
31441 31436 35.0424
31441 1344369 21.1524
1344369 31441 21.1524
1344369 31442 9.1044
31442 1344369 9.1044
31443 31444 3.9864
31444 31443 3.9864
31444 1827421 2.3232
1827421 31444 2.3232
1827421 31442 4.4376
31442 1827421 4.4376
31442 31440 11.3436
31440 31442 11.3436
31440 27925 9.6384
27925 31440 9.6384
737885 507550 1.3152
507550 737885 1.3152
507550 507551 3.3372
507551 507550 3.3372
507551 507552 5.8476
507552 507551 5.8476
507552 507555 5.6724
507555 507552 5.6724
507555 507556 7.83
507556 507555 7.83
507556 31445 8.2248
31445 507556 8.2248
31445 737886 6.8424
737886 31445 6.8424
737886 94166 14.826
94166 737886 14.826
94166 1631066 17.688
1631066 94166 17.688
1631066 1344371 2.2452
1344371 1631066 2.2452
1344371 31446 1.3116
31446 1344371 1.3116
31446 31447 1.2756
31447 31446 1.2756
31447 31448 0.8364
31448 31447 0.8364
31448 1344372 5.8356
1344372 31448 5.8356
1344372 31441 4.3968
31441 1344372 4.3968
31441 31439 11.2524
31439 31441 11.2524
31439 27924 11.766
27924 31439 11.766
31448 408507 31.6296
408507 31448 31.6296
408507 1131436 1.2948
1131436 408507 1.2948
1131436 31443 0.996
31443 1131436 0.996
31449 31452 25.9872
31452 31449 25.9872
31452 408517 26.7216
408517 31452 26.7216
408517 31453 6.0852
31453 408517 6.0852
31453 588963 1.0056
588963 31453 1.0056
588963 588962 0.8664
588962 588963 0.8664
588962 588961 1.5084
588961 588962 1.5084
588961 588960 1.9752
588960 588961 1.9752
588960 588959 1.5984
588959 588960 1.5984
31450 31454 25.6968
31454 31450 25.6968
31454 31455 29.4216
31455 31454 29.4216
31460 31452 12.486
31452 31460 12.486
31452 31454 11.082
31454 31452 11.082
31454 31464 12.0924
31464 31454 12.0924
31465 1237042 37.7928
1237042 31465 37.7928
1237042 31469 2.2824
31469 1237042 2.2824
31469 31470 40.446
31470 31469 40.446
31470 1237046 28.9296
1237046 31470 28.9296
1237046 31410 30.0276
31410 1237046 30.0276
27992 31470 20.5308
31470 27992 20.5308
31470 31471 19.986
31471 31470 19.986
31471 31472 15.3144
31472 31471 15.3144
31424 31466 11.3172
31466 31424 11.3172
31466 31474 13.5552
31474 31466 13.5552
31474 31471 13.7448
31471 31474 13.7448
31471 31409 24.6888
31409 31471 24.6888
31469 31474 21.684
31474 31469 21.684
31474 31473 16.5264
31473 31474 16.5264
31473 347127 5.9976
347127 31473 5.9976
347127 507587 6.5268
507587 347127 6.5268
507587 507580 12.498
507580 507587 12.498
312852 31475 12.7488
31475 312852 12.7488
31475 563248 7.9068
563248 31475 7.9068
563248 563249 4.0596
563249 563248 4.0596
563249 27921 4.7148
27921 563249 4.7148
27921 563250 0.8232
563250 27921 0.8232
563250 1382224 5.766
1382224 563250 5.766
37005 36995 1.6254
36995 37005 1.6254
36995 1443947 0.2257
1443947 36995 0.2257
1443947 688054 3.8516
688054 1443947 3.8516
688054 205290 4.2325
205290 688054 4.2325
205290 64765 6.6733
64765 205290 6.6733
496718 780191 0.252
780191 39027 10.4442
561233 561230 1.691
561230 561233 1.691
561230 561225 1.2374
561225 561230 1.2374
561225 561216 2.2598
561216 561225 2.2598
561216 991074 0.4875
991074 561216 0.4875
991074 561209 0.3559
561209 991074 0.3559
561209 780194 0.7977
780194 561209 0.7977
780194 480301 1.6179
480301 780194 1.6179
480301 195828 2.1091
195828 480301 2.1091
195828 561178 3.0806
561178 195828 3.0806
561178 496698 3.4195
496698 561178 3.4195
1570773 353828 35.0352
353828 1570773 35.0352
353828 353837 69.2064
353837 353828 69.2064
353837 1463438 30.3552
1463438 353837 30.3552
1463438 526439 31.4496
526439 1463438 31.4496
526439 526445 148.4136
526445 526439 148.4136
526445 318887 30.6936
318887 526445 30.6936
318887 1463371 5.004
1463371 318887 5.004
1463371 526447 21.5784
526447 1463371 21.5784
526447 526448 22.6656
526448 526447 22.6656
526448 1260118 7.3656
1260118 526448 7.3656
522866 39764 0.6342
39764 408768 0.4902
408768 780196 2.3616
780196 507459 5.5644
507459 40757 5.1678
40757 40472 3.6072
40472 408775 2.3334
199055 199054 0.804
199054 199050 1.4808
199050 199056 0.9138
199056 118175 1.0164
118175 506165 1.0788
506165 419419 1.2234
419419 1852103 0.4434
1852100 506133 0.1704
506133 229930 2.1726
229930 229931 2.2896
229931 229932 0.525
229932 780204 1.4886
780204 229933 1.833
199734 2015579 3.325
40236 911303 0.756
911303 40236 0.756
911303 477491 0.9962
477491 911303 0.9962
477491 477494 1.7157
477494 477491 1.7157
477494 508004 1.4955
508004 477494 1.4955
508004 477493 0.7318
477493 508004 0.7318
477493 36988 0.9437
36988 477493 0.9437
46041 1852717 0.6636
1852717 46041 0.6636
1852717 701672 1.7784
701672 1852717 1.7784
701672 46042 24.0048
46042 701672 24.0048
46042 199842 7.1352
199842 46042 7.1352
199842 46043 4.6152
46043 199842 4.6152
46043 650812 12.474
650812 46043 12.474
650812 650813 7.8828
650813 650812 7.8828
650813 650814 3.8904
650814 650813 3.8904
54958 326146 0.2858
326146 54958 0.2858
326146 326135 0.6192
326135 326146 0.6192
326135 54959 0.4716
54959 326135 0.4716
54959 326067 0.4363
326067 54959 0.4363
326067 54960 1.2262
54960 326067 1.2262
54960 54961 0.823
54961 54960 0.823
54961 326090 0.4716
326090 54961 0.4716
326090 326018 0.499
326018 326090 0.499
326018 54962 0.5623
54962 326018 0.5623
54962 54975 2.7871
54975 54962 2.7871
54975 325919 5.7967
325919 54975 5.7967
325919 326384 2.3868
326384 325919 2.3868
54964 1428068 29.9448
1428068 54964 29.9448
54965 326024 5.2848
326024 54965 5.2848
326024 1966657 4.5792
1966657 326024 4.5792
1966657 54966 60.6168
54966 1966657 60.6168
54966 325967 17.8488
325967 54966 17.8488
325967 54967 25.704
54967 325967 25.704
54967 326071 12.2544
326071 54967 12.2544
326071 54968 12.5496
54968 326071 12.5496
54968 325869 13.3632
325869 54968 13.3632
325869 326005 22.9536
326005 325869 22.9536
326005 325936 7.7616
325936 326005 7.7616
325936 325907 7.7616
325907 325936 7.7616
325907 54969 23.2704
54969 325907 23.2704
54969 54970 32.2704
54970 54969 32.2704
54970 326139 7.92
326139 54970 7.92
326139 54971 8.1504
54971 326139 8.1504
54971 325860 22.14
325860 54971 22.14
325860 54972 16.632
54972 325860 16.632
54972 326433 5.4792
326433 54972 5.4792
326433 326374 5.3352
326374 326433 5.3352
326374 54973 30.3264
54973 326374 30.3264
54973 54974 81.144
54974 54973 81.144
54974 54975 76.0824
54975 54974 76.0824
298623 1312349 1.2324
1312349 298623 1.2324
1312349 718348 4.92
718348 1312349 4.92
718348 1312350 6.5208
1312350 718348 6.5208
1312350 718349 8.6676
718349 1312350 8.6676
718349 718330 5.8152
718330 718349 5.8152
64765 36996 3.9481
36996 64765 3.9481
36996 500448 1.0404
500448 36996 1.0404
500448 422217 0.4997
422217 500448 0.4997
67634 480335 29.718
480335 67634 29.718
480335 506082 1.6596
506082 480335 1.6596
506082 355051 1.26
355051 506082 1.26
355051 67635 4.5324
67635 355051 4.5324
67635 506080 26.0784
506080 67635 26.0784
506080 480339 19.6164
480339 506080 19.6164
506182 506183 9.3348
506183 506182 9.3348
506183 674318 2.2068
674318 506183 2.2068
674318 612504 8.3736
612504 674318 8.3736
612504 199343 8.5248
199343 612504 8.5248
199343 199342 23.814
199342 199343 23.814
199342 612510 17.7408
612510 199342 17.7408
612510 199351 5.1192
199351 612510 5.1192
2015980 199351 1.3932
199351 2015980 1.3932
73189 617392 9.9144
617392 73189 9.9144
617392 73188 5.4144
73188 617392 5.4144
73188 1643733 2.1864
1643733 73188 2.1864
1643733 202657 5.382
202657 1643733 5.382
202657 73187 2.1204
73187 202657 2.1204
73187 73186 3.3792
73186 73187 3.3792
73186 487954 4.8348
487954 73186 4.8348
487954 713725 7.4748
713725 487954 7.4748
713725 73185 1.638
73185 713725 1.638
73185 713726 6.8184
713726 73185 6.8184
713726 73184 6.0516
73184 713726 6.0516
73184 507573 0.8844
507573 73184 0.8844
507573 911256 0.8784
911256 507573 0.8784
911256 737738 1.1688
737738 911256 1.1688
737738 31412 9.3648
31412 737738 9.3648
1239532 1239531 14.1552
1239531 1239532 14.1552
1239531 1818520 33.1992
1818520 1239531 33.1992
1818520 713720 30.7944
713720 1818520 30.7944
713720 496633 11.4912
496633 713720 11.4912
516667 516669 34.2528
516669 516667 34.2528
516669 119320 23.2644
119320 516669 23.2644
119320 516678 17.5488
516678 119320 17.5488
516678 74690 2.6724
74690 516678 2.6724
74690 516680 2.3268
516680 74690 2.3268
516680 1517058 7.6524
1517058 516680 7.6524
1517058 74691 8.1984
74691 1517058 8.1984
74692 516687 19.4304
516687 74692 19.4304
516687 195903 7.3152
195903 516687 7.3152
195903 195910 3.4536
195910 195903 3.4536
195910 572183 10.1532
572183 195910 10.1532
572183 74691 1.632
74691 572183 1.632
507624 74695 4.7009
74695 507624 4.7009
721076 721087 0.3759
721087 721076 0.3759
721087 27967 0.5693
27967 721087 0.5693
27967 721078 0.7509
721078 27967 0.7509
721078 27968 0.9679
27968 721078 0.9679
27968 27969 3.2487
27969 27968 3.2487
27969 27970 2.9875
27970 27969 2.9875
507622 507621 0.7416
507621 507622 0.7416
507621 507620 1.6027
507620 507621 1.6027
507620 507619 2.0851
507619 507620 2.0851
507619 74694 2.4466
74694 507619 2.4466
91745 507463 20.4912
507463 91745 20.4912
507463 507464 24.3576
507464 507463 24.3576
507464 507465 14.0904
507465 507464 14.0904
507465 119069 15.1128
119069 507465 15.1128
119069 745228 12.4344
745228 119069 12.4344
745228 507466 6.228
507466 745228 6.228
507466 91744 11.3184
91744 507466 11.3184
91744 91740 7.7976
91740 91744 7.7976
91740 1853338 17.532
1853338 91740 17.532
1853338 506838 9.5904
506838 1853338 9.5904
506838 506843 61.3872
506843 506838 61.3872
506843 745225 28.404
745225 506843 28.404
745225 745220 2.2464
745220 745225 2.2464
745220 658630 12.0672
658630 745220 12.0672
506844 2016322 0.4104
2016322 506844 0.4104
506844 95768 4.9968
95768 506844 4.9968
95768 1292089 1.5192
1292089 95768 1.5192
1292089 1290359 7.6752
1290359 1292089 7.6752
1290359 1292086 16.6752
1292086 1290359 16.6752
1292086 1292084 18.1944
1292084 1292086 18.1944
1292084 1292072 3.5712
1292072 1292084 3.5712
1292072 1202393 15.3432
1202393 1292072 15.3432
2016324 1202393 2.0664
1202393 2016324 2.0664
91740 334340 20.1816
334340 91740 20.1816
334340 91721 23.7888
91721 334340 23.7888
91721 1463558 43.8336
1463558 91721 43.8336
1463558 334338 44.9568
334338 1463558 44.9568
334338 354114 64.2672
354114 334338 64.2672
354114 91722 25.8408
91722 354114 25.8408
506844 1292091 6.444
1292091 506844 6.444
1292091 1292094 39.2112
1292094 1292091 39.2112
1292094 506835 2.2536
506835 1292094 2.2536
506835 506825 19.152
506825 506835 19.152
506825 506814 19.5192
506814 506825 19.5192
506814 506812 8.0424
506812 506814 8.0424
506812 506806 39.636
506806 506812 39.636
506806 506803 31.8312
506803 506806 31.8312
506803 506789 46.1016
506789 506803 46.1016
506789 506784 15.948
506784 506789 15.948
506784 506769 33.5736
506769 506784 33.5736
506769 659088 21.348
659088 506769 21.348
659088 506760 4.6872
506760 659088 4.6872
506760 506753 24.4656
506753 506760 24.4656
506753 408754 18.9216
408754 506753 18.9216
408754 408753 36.648
408753 408754 36.648
408753 151171 21.9456
151171 408753 21.9456
1292071 2016330 17.9136
2016330 1292071 17.9136
2016332 1292071 13.284
1292071 2016332 13.284
2016348 780173 0.1214
780173 2016348 0.1214
780173 727975 1.0661
727975 780173 1.0661
727975 509966 0.4737
509966 727975 0.4737
509966 780172 1.6421
780172 509966 1.6421
780172 535838 4.2501
535838 780172 4.2501
535838 509964 2.6352
509964 535838 2.6352
509964 509963 1.5583
509963 509964 1.5583
509963 418249 1.0106
418249 509963 1.0106
418249 418247 0.7709
418247 418249 0.7709
418247 509965 0.539
509965 418247 0.539
509965 13993 0.7467
13993 509965 0.7467
13993 509967 2.3086
509967 13993 2.3086
487979 487976 1.5696
487976 487979 1.5696
487976 713722 1.6678
713722 487976 1.6678
713722 701646 2.3374
701646 713722 2.3374
701646 487980 1.8545
487980 701646 1.8545
487980 701655 1.4395
701655 487980 1.4395
701655 701645 1.8129
701645 701655 1.8129
701645 487981 1.6025
487981 701645 1.6025
93386 93387 4.6632
93387 93386 4.6632
93387 330262 2.64
330262 93387 2.64
330262 330214 3.3168
330214 330262 3.3168
330214 330329 5.202
330329 330214 5.202
330329 330250 3.4056
330250 330329 3.4056
330250 93388 2.472
93388 330250 2.472
93388 330241 4.656
330241 93388 4.656
330241 330318 3.4992
330318 330241 3.4992
330318 330187 6.7068
330187 330318 6.7068
330187 93389 3.336
93389 330187 3.336
93389 93390 3.6
93390 93389 3.6
93411 160744 17.1516
160744 93411 17.1516
160744 93412 11.0796
93412 160744 11.0796
93412 441318 13.6224
441318 93412 13.6224
441318 441319 13.974
441319 441318 13.974
441319 93413 3.3264
93413 441319 3.3264
93413 330213 7.2012
330213 93413 7.2012
330213 504901 10.7148
504901 330213 10.7148
504901 441351 5.2056
441351 504901 5.2056
441351 441352 4.5096
441352 441351 4.5096
441352 93456 4.3272
93456 441352 4.3272
93456 826710 2.262
826710 93456 2.262
826710 153947 5.154
153947 826710 5.154
93393 441320 5.0316
441320 93393 5.0316
441320 93394 4.8564
93394 441320 4.8564
93394 330226 4.5072
330226 93394 4.5072
330226 93395 3.7224
93395 330226 3.7224
93395 330296 3.3288
330296 93395 3.3288
330296 93396 3.2508
93396 330296 3.2508
93396 330185 4.1988
330185 93396 4.1988
330185 93397 4.7088
93397 330185 4.7088
93397 330242 2.9148
330242 93397 2.9148
330242 330319 3.2112
330319 330242 3.2112
330319 330203 4.6464
330203 330319 4.6464
330203 330284 10.3392
330284 330203 10.3392
330284 2016378 2.3256
2016378 330284 2.3256
93420 2016380 0.9444
2016380 93420 0.9444
93420 330271 3.4776
330271 93420 3.4776
330271 441329 4.8384
441329 330271 4.8384
441329 330337 4.8
330337 441329 4.8
330337 1631092 4.578
1631092 330337 4.578
1631092 330257 4.8984
330257 1631092 4.8984
330257 93421 5.8404
93421 330257 5.8404
93421 330314 4.626
330314 93421 4.626
330314 330298 5.3436
330298 330314 5.3436
330298 330228 5.0652
330228 330298 5.0652
330228 330342 3.708
330342 330228 3.708
330342 516329 3.6648
516329 330342 3.6648
516329 441330 4.2012
441330 516329 4.2012
441330 441350 4.0728
441350 441330 4.0728
1467530 1805333 19.4328
1805333 1467530 19.4328
1805333 1805334 9.3168
1805334 1805333 9.3168
1805334 1009441 8.4024
1009441 1805334 8.4024
1009441 512834 34.4376
512834 1009441 34.4376
512834 512833 25.7184
512833 512834 25.7184
512833 1805345 137.6568
1805345 512833 137.6568
1805345 1009440 9.7488
1009440 1805345 9.7488
1009440 1805346 9.3888
1805346 1009440 9.3888
1805346 1805347 22.9104
1805347 1805346 22.9104
1805347 512832 19.1736
512832 1805347 19.1736
512832 1805348 20.16
1805348 512832 20.16
1805348 512831 22.4568
512831 1805348 22.4568
512831 1805351 14.0328
1805351 512831 14.0328
1805351 1805350 12.276
1805350 1805351 12.276
1805350 1805349 7.8408
1805349 1805350 7.8408
1805349 512830 10.3536
512830 1805349 10.3536
512830 1805352 7.3008
1805352 512830 7.3008
1805352 512829 7.4376
512829 1805352 7.4376
512829 512828 26.0712
512828 512829 26.0712
512828 518330 13.3488
518330 512828 13.3488
518330 512827 40.968
512827 518330 40.968
512827 512826 78.5736
512826 512827 78.5736
512826 1009438 6.0264
1009438 512826 6.0264
1009438 1860590 5.5368
1860590 1009438 5.5368
1860590 1860591 6.2352
1860591 1860590 6.2352
1860591 737775 14.0544
737775 1860591 14.0544
93741 93742 112.896
93742 93741 112.896
93742 93743 75.7368
93743 93742 75.7368
93743 946035 37.1232
946035 93743 37.1232
946035 93744 65.52
93744 946035 65.52
93744 554136 12.2184
554136 93744 12.2184
554136 486156 5.4072
486156 554136 5.4072
486156 486158 7.4232
486158 486156 7.4232
486158 93748 19.8072
93748 486158 19.8072
93748 486154 18.4248
486154 93748 18.4248
440426 286842 2.2716
286842 440426 2.2716
286842 486119 8.8776
486119 286842 8.8776
486119 486120 17.1
486120 486119 17.1
507172 512836 30.366
512836 507172 30.366
512836 721075 5.0652
721075 512836 5.0652
721075 512835 6.9912
512835 721075 6.9912
512835 357163 15.4692
357163 512835 15.4692
357163 721084 10.2276
721084 357163 10.2276
721084 93752 4.2948
93752 721084 4.2948
93752 357164 9.7416
357164 93752 9.7416
357164 737812 28.3068
737812 357164 28.3068
737812 1009439 3.726
1009439 737812 3.726
1009439 93753 20.8656
93753 1009439 20.8656
93753 1358258 3.5892
1358258 93753 3.5892
1358258 1358257 6.8904
1358257 1358258 6.8904
1358257 1358256 12.8772
1358256 1358257 12.8772
93736 408465 5.9976
408465 93736 5.9976
408465 93757 4.4448
93757 408465 4.4448
93757 93758 2.9712
93758 93757 2.9712
93758 93759 3.1452
93759 93758 3.1452
496697 496696 0.6717
496696 496697 0.6717
496696 205108 0.7406
205108 496696 0.7406
205108 496695 0.9694
496695 205108 0.9694
496695 205109 3.3187
205109 496695 3.3187
205109 496689 1.0306
496689 205109 1.0306
496689 650125 0.9576
650125 496689 0.9576
650125 561174 4.7067
561174 650125 4.7067
292042 496669 23.694
496669 292042 23.694
496669 1631071 3.1584
1631071 496669 3.1584
1631071 888288 17.4372
888288 1631071 17.4372
888288 496670 4.5288
496670 888288 4.5288
496670 888289 1.6848
888289 496670 1.6848
888289 888290 12.6708
888290 888289 12.6708
888290 195754 2.5128
195754 888290 2.5128
486222 408498 3.5364
408498 486222 3.5364
408498 408483 8.0664
408483 408498 8.0664
408483 507486 5.9724
507486 408483 5.9724
507486 1504339 3.3996
1504339 507486 3.3996
1504339 507481 2.28
507481 1504339 2.28
507481 408470 5.8908
408470 507481 5.8908
408470 507474 3.186
507474 408470 3.186
507474 94132 6.6588
94132 507474 6.6588
94132 507981 6.2868
507981 94132 6.2868
507981 507488 16.4676
507488 507981 16.4676
507488 94133 3.8508
94133 507488 3.8508
408478 408475 5.8212
408475 408478 5.8212
408475 408473 6.3324
408473 408475 6.3324
408473 408474 10.3104
408474 408473 10.3104
408474 408476 9.4176
408476 408474 9.4176
408476 408483 14.472
408483 408476 14.472
94164 408513 4.5792
408513 94164 4.5792
408513 408514 3.7896
408514 408513 3.7896
408514 707089 4.3824
707089 408514 4.3824
707089 94167 6.7968
94167 707089 6.7968
94167 94168 9.0468
94168 94167 9.0468
94168 507565 10.3644
507565 94168 10.3644
507565 31433 8.0532
31433 507565 8.0532
507581 367900 0.8964
367900 507581 0.8964
367900 348353 39.972
348353 367900 39.972
348353 507566 0.3156
507566 348353 0.3156
31461 348370 0.2568
348370 31461 0.2568
348370 508006 22.5948
508006 348370 22.5948
508006 367894 19.842
367894 508006 19.842
507538 507545 12.054
507545 507538 12.054
507545 507549 5.448
507549 507545 5.448
507549 31447 11.9736
31447 507549 11.9736
99852 487977 12.606
487977 99852 12.606
487977 31477 3.7848
31477 487977 3.7848
31477 99853 15.5292
99853 31477 15.5292
99853 1382226 7.2168
1382226 99853 7.2168
1382226 27999 8.0124
27999 1382226 8.0124
27999 697054 2.028
697054 27999 2.028
697054 312853 26.3868
312853 697054 26.3868
312853 487978 0.18
487978 312853 0.18
487978 312852 27.414
312852 487978 27.414
408841 408842 114.4368
408842 408841 114.4368
408842 408767 7.6464
408767 408842 7.6464
408767 526443 6.1992
526443 408767 6.1992
526443 526444 7.4016
526444 526443 7.4016
526444 408844 64.7352
408844 526444 64.7352
408844 408845 82.2744
408845 408844 82.2744
408845 408846 67.0392
408846 408845 67.0392
408846 353882 23.8608
353882 408846 23.8608
353882 647363 5.7024
647363 353882 5.7024
647363 112082 5.0256
112082 647363 5.0256
112082 112083 4.0608
112083 112082 4.0608
2016724 206234 0.081
206234 138879 3.5604
138879 408761 3.002
408761 495427 0.1793
495427 94960 0.0738
37002 1846142 3.8916
1846142 37002 3.8916
1846142 496703 32.1156
496703 1846142 32.1156
496703 870599 3.0672
870599 496703 3.0672
870599 496702 3.4308
496702 870599 3.4308
496702 496700 12.6072
496700 496702 12.6072
496700 1627429 4.14
1627429 496700 4.14
1627429 480300 3.474
480300 1627429 3.474
480300 870598 8.1828
870598 480300 8.1828
870598 496701 5.8284
496701 870598 5.8284
496701 496706 78.9732
496706 496701 78.9732
496706 480299 3.8088
480299 496706 3.8088
480299 480296 19.692
480296 480299 19.692
480296 496707 2.4408
496707 480296 2.4408
496707 480305 17.5536
480305 496707 17.5536
496686 1846131 2.682
1846131 496686 2.682
1846131 1431936 26.3016
1431936 1846131 26.3016
1431936 496688 12.3192
496688 1431936 12.3192
121120 121121 7.6212
121121 121120 7.6212
121121 121122 15.066
121122 121121 15.066
121122 121123 7.6212
121123 121122 7.6212
121123 493562 13.2876
493562 121123 13.2876
493562 121120 1.7784
121120 493562 1.7784
121120 121119 10.2528
121119 121120 10.2528
121119 121118 3.7044
121118 121119 3.7044
130663 435201 195.228
435201 130663 195.228
435201 1463622 243.2808
1463622 435201 243.2808
1463622 1850169 57.78
1850169 1463622 57.78
1850169 130662 14.652
130662 1850169 14.652
516351 516350 24.0192
516350 516351 24.0192
516350 441342 27.5436
441342 516350 27.5436
441342 516349 5.8212
516349 441342 5.8212
516349 441341 37.152
441341 516349 37.152
441341 516347 47.6316
516347 441341 47.6316
516347 516346 28.782
516346 516347 28.782
516346 516344 58.032
516344 516346 58.032
132208 132209 4.4244
132209 132208 4.4244
199959 199955 6.9156
199955 199959 6.9156
135077 726172 7.8696
726172 135077 7.8696
726172 1279086 5.7384
1279086 726172 5.7384
1279086 195886 3.456
195886 1279086 3.456
195886 1279085 2.6208
1279085 195886 2.6208
1279085 195880 3.7224
195880 1279085 3.7224
142003 1852709 5.1444
1852709 142003 5.1444
1852709 142004 2.1312
142004 1852709 2.1312
142004 142005 3.0996
142005 142004 3.0996
142005 142006 12.1896
142006 142005 12.1896
142004 184685 8.0676
184685 142004 8.0676
184685 142007 3.852
142007 184685 3.852
142005 142008 6.138
142008 142005 6.138
142008 142009 2.8944
142009 142008 2.8944
142009 142010 17.2764
142010 142009 17.2764
142010 701683 3.1248
701683 142010 3.1248
701683 701682 1.7388
701682 701683 1.7388
701682 142011 6.0264
142011 701682 6.0264
142002 1852756 2.3868
1852756 142002 2.3868
1852756 398015 9.9144
398015 1852756 9.9144
398015 398013 7.1712
398013 398015 7.1712
398013 398006 14.31
398006 398013 14.31
398006 142012 14.0832
142012 398006 14.0832
142012 398002 4.4676
398002 142012 4.4676
398002 480312 11.3832
480312 398002 11.3832
480312 142013 26.7552
142013 480312 26.7552
142013 480329 51.606
480329 142013 51.606
480329 480316 12.5856
480316 480329 12.5856
480316 480313 2.0484
480313 480316 2.0484
480313 480310 5.8248
480310 480313 5.8248
480310 480325 4.7772
480325 480310 4.7772
480325 888276 14.7564
888276 480325 14.7564
888276 888275 9.8496
888275 888276 9.8496
888275 480326 3.1716
480326 888275 3.1716
480326 480330 3.4344
480330 480326 3.4344
480330 480321 3.9276
480321 480330 3.9276
480321 480331 27.0288
480331 480321 27.0288
480331 888261 14.6628
888261 480331 14.6628
142015 1852710 4.32
1852710 142015 4.32
1852710 650856 20.2752
650856 1852710 20.2752
650856 184688 8.6076
184688 650856 8.6076
142014 142017 8.8308
142017 142014 8.8308
142017 142018 35.2656
142018 142017 35.2656
142017 142019 12.6072
142019 142017 12.6072
36994 146372 2.97
146372 146371 1.9872
146371 146370 2.475
146370 146369 3.1806
146369 508274 2.5452
146790 146791 10.3392
146791 146790 10.3392
146791 1852708 1.8792
1852708 146791 1.8792
1852708 146789 4.4964
146789 1852708 4.4964
1463536 1463537 17.9352
1463537 1463536 17.9352
1463537 1463538 11.5488
1463538 1463537 11.5488
1463538 1463539 20.916
1463539 1463538 20.916
1463539 1463540 29.8008
1463540 1463539 29.8008
1463540 1463541 22.4424
1463541 1463540 22.4424
1463541 1463542 15.7536
1463542 1463541 15.7536
1463542 147575 29.1312
147575 1463542 29.1312
147575 147568 20.808
147568 147575 20.808
147568 1264918 17.3592
1264918 147568 17.3592
147576 147578 10.5624
147578 147576 10.5624
147578 147528 24.6168
147528 147578 24.6168
147528 147529 22.7304
147529 147528 22.7304
147529 147530 8.028
147530 147529 8.028
147530 147531 5.9976
147531 147530 5.9976
147531 147532 10.7784
147532 147531 10.7784
147532 147533 40.5432
147533 147532 40.5432
147533 771015 6.9624
771015 147533 6.9624
506748 1088822 9.1224
1088822 506748 9.1224
1088822 669075 9.9648
669075 1088822 9.9648
669075 669076 25.236
669076 669075 25.236
669076 506749 9.3024
506749 669076 9.3024
506749 405007 28.9944
405007 506749 28.9944
79378 506757 18.504
506757 79378 18.504
506757 740143 7.6032
740143 506757 7.6032
740143 75078 22.5432
75078 740143 22.5432
75078 436105 3.456
436105 75078 3.456
436105 506748 6.1092
506748 436105 6.1092
326419 148833 0.7152
148833 326419 0.7152
148833 326341 0.7428
326341 148833 0.7428
326341 325971 4.0116
325971 326341 4.0116
325971 325903 5.8092
325903 325971 5.8092
325903 326068 7.254
326068 325903 7.254
326068 54957 2.664
54957 326068 2.664
54957 1519617 22.0908
1519617 54957 22.0908
148852 326276 2.3076
326276 148852 2.3076
326276 325863 20.0628
325863 326276 20.0628
325863 326096 21.942
326096 325863 21.942
326096 325996 30.5856
325996 326096 30.5856
325996 325928 37.674
325928 325996 37.674
325928 148835 4.1292
148835 325928 4.1292
148835 542454 41.4864
542454 148835 41.4864
542454 148836 39.96
148836 542454 39.96
148836 542453 4.2984
542453 148836 4.2984
542453 148837 3.1716
148837 542453 3.1716
148837 1504365 4.6368
1504365 148837 4.6368
1504365 148838 6.4584
148838 1504365 6.4584
326008 325875 13.1532
325875 326008 13.1532
325875 516267 11.904
516267 325875 11.904
326397 326414 19.3116
326414 326397 19.3116
326414 516268 13.3776
516268 326414 13.3776
2017194 1519193 0.2484
1519193 2017194 0.2484
1519193 1519194 3.8172
1519194 1519193 3.8172
1519194 54954 3.27
54954 1519194 3.27
54954 1519169 0.6444
1519169 54954 0.6444
1519169 325879 10.7208
325879 1519169 10.7208
325879 54955 1.2216
54955 325879 1.2216
54955 1519156 1.44
1519156 54955 1.44
325996 326062 42.6816
326062 325996 42.6816
326062 325859 32.3604
325859 326062 32.3604
325859 148851 10.5588
148851 325859 10.5588
148851 148837 3.9024
148837 148851 3.9024
506775 506779 3.0492
506779 506775 3.0492
506779 360433 4.4748
360433 506779 4.4748
360433 360431 3.5388
360431 360433 3.5388
360431 506797 10.3356
506797 360431 10.3356
506797 75085 3.4488
75085 506797 3.4488
75085 360449 6.3936
360449 75085 6.3936
360449 506819 21.8232
506819 360449 21.8232
506819 506836 16.0632
506836 506819 16.0632
506836 506833 11.1924
506833 506836 11.1924
506833 506831 5.2236
506831 506833 5.2236
506831 506827 6.8076
506827 506831 6.8076
2017202 506827 2.8872
506827 2017202 2.8872
2017204 506792 9.2808
506792 2017204 9.2808
506792 360439 14.7456
360439 506792 14.7456
360439 360440 30.7152
360440 360439 30.7152
360440 75085 17.856
75085 360440 17.856
506785 360434 9.576
360434 506785 9.576
360434 506792 17.5032
506792 360434 17.5032
2017206 506792 15.5952
506792 2017206 15.5952
617083 506128 24.984
506128 617083 24.984
506128 150687 24.372
150687 506128 24.372
150687 288585 90.1008
288585 150687 90.1008
288585 1230831 12.2832
1230831 288585 12.2832
1230831 311446 16.2792
311446 1230831 16.2792
311446 1230826 17.3304
1230826 311446 17.3304
1230826 506103 23.5224
506103 1230826 23.5224
506103 311448 16.092
311448 506103 16.092
311448 311443 13.1976
311443 311448 13.1976
311443 311442 15.6384
311442 311443 15.6384
311442 360375 14.472
360375 311442 14.472
199335 1733411 0.792
1733411 199335 0.792
1733411 1733412 0.7704
1733412 1733411 0.7704
1733412 1733410 4.2804
1733410 1733412 4.2804
1733410 1733409 0.8604
1733409 1733410 0.8604
1733409 199336 1.0512
199336 1733409 1.0512
2017218 199336 1.3032
199336 2017218 1.3032
311444 1230809 5.6448
1230809 311444 5.6448
1230809 1230810 16.128
1230810 1230809 16.128
1230810 506100 2.6208
506100 1230810 2.6208
506100 1230820 10.2528
1230820 506100 10.2528
1230820 288585 14.292
288585 1230820 14.292
288585 311441 24.3648
311441 288585 24.3648
211987 211988 7.596
211988 211987 7.596
211988 408753 2.3616
408753 211988 2.3616
360383 526431 22.824
526431 360383 22.824
526431 526433 16.9344
526433 526431 16.9344
526433 1343024 42.9048
1343024 526433 42.9048
1343024 360379 4.6944
360379 1343024 4.6944
360379 526428 16.5672
526428 360379 16.5672
526428 1259277 8.1936
1259277 526428 8.1936
1259277 1259302 14.94
1259302 1259277 14.94
1259302 526420 9.9216
526420 1259302 9.9216
526420 526410 31.896
526410 526420 31.896
526410 1258335 18.1656
