67823
18137 284328 0.7668
284328 18178 4.865
18178 18179 2.2057
18179 18180 1.9364
18180 927565 1.0328
927565 334866 1.1822
334866 334885 2.9531
334885 36502 4.7048
36502 927447 3.4988
927447 927443 0.8888
927443 927436 0.6368
927436 18181 1.6438
82747 1524044 0.6901
1524044 34863 0.6235
24227 563434 0.4443
563434 24227 0.4443
563434 210356 2.8641
210356 563434 2.8641
210356 1700580 5.1542
1700580 210356 5.1542
1700580 563439 3.8957
563439 1700580 3.8957
563439 563442 3.8859
563442 563439 3.8859
563442 280803 1.0702
280803 563442 1.0702
280803 1700574 6.6842
1700574 280803 6.6842
1700574 24230 0.7478
24230 1700574 0.7478
24230 1700573 0.6912
1700573 24230 0.6912
1700573 289641 8.4636
289641 1700573 8.4636
289641 60595 1.5639
60595 289641 1.5639
60595 657149 3.1994
657149 60595 3.1994
657149 280805 7.2298
280805 657149 7.2298
280805 289556 0.5981
289556 280805 0.5981
289556 681214 0.4778
681214 289556 0.4778
681214 289565 3.3557
289565 681214 3.3557
289565 24231 5.8202
24231 289565 5.8202
30355 2015463 13.609
2015463 30355 13.609
2015465 30355 6.3067
30355 2015465 6.3067
2012620 2012595 1.1772
2012595 2012620 1.1772
2012595 2012597 1.3767
2012597 2012595 1.3767
2012597 2012596 1.1942
2012596 2012597 1.1942
2012596 206340 2.1734
206340 2012596 2.1734
206340 31226 3.9749
31226 206340 3.9749
31226 31227 1.4436
31227 31226 1.4436
31227 1420470 0.4418
1420470 31227 0.4418
1420470 31228 0.8136
31228 1420470 0.8136
31228 116003 0.6701
116003 31228 0.6701
31511 188582 1.5942
188582 31511 1.5942
188582 1272962 0.4458
1272962 188582 0.4458
1272962 31512 0.795
31512 1272962 0.795
31512 1272963 0.6432
1272963 31512 0.6432
1272963 1272964 0.6774
1272964 1272963 0.6774
1272964 31513 0.9102
31513 1272964 0.9102
31513 1272965 0.8424
1272965 31513 0.8424
1272965 188573 0.873
188573 1272965 0.873
188573 1272966 0.8664
1272966 188573 0.8664
1272966 1272967 0.8226
1272967 1272966 0.8226
1272967 31514 0.327
31514 1272967 0.327
31514 1275473 0.3804
1275473 31514 0.3804
1275473 1272968 0.5058
1272968 1275473 0.5058
1272968 188585 0.6606
188585 1272968 0.6606
188585 1272969 0.7566
1272969 188585 0.7566
1272969 1272970 0.5298
1272970 1272969 0.5298
1272970 1272971 0.654
1272971 1272970 0.654
1272971 1272978 2.6106
1272978 1272971 2.6106
1272978 22452 0.8676
22452 1272978 0.8676
16039 1275434 0.6444
1275434 1275433 0.1652
1275433 1275432 0.7236
1275432 1275431 0.5748
1275431 31523 0.36
31523 1275435 0.0604
1275435 1275436 0.0656
1275436 188574 0.0796
188574 31524 0.1024
31524 188588 0.1056
188588 31525 0.1176
31525 188575 0.1292
188575 224751 0.1052
224751 1275437 0.0748
1275437 1275438 0.074
1275438 1275439 0.0984
1275439 1275440 0.1204
1275440 1275441 0.1056
1275441 1275445 0.108
1275445 1275446 0.0876
1275446 1275447 0.0932
1275447 1275448 0.0968
1275448 1275449 0.0936
1275449 1275450 0.094
1275450 1275444 0.1132
1275444 1275451 0.3264
1275451 1275452 0.41
1275452 31522 0.4996
31522 1359631 0.3928
1359631 1275455 0.2124
1275455 1275454 0.1732
1275454 1275453 0.2544
1275453 1275443 0.1816
1275443 1275442 0.2376
1275442 1275456 0.3616
1275456 1275458 0.4356
1275458 1275457 0.162
1275457 1275430 0.1592
1275430 31526 0.608
31526 1275429 0.6348
1275429 1275428 0.808
1275428 31527 0.734
31527 1275426 0.2056
1275426 1275476 0.51
1275476 1275427 0.2308
1275427 31528 0.846
22424 1272936 1.4058
1272936 188571 1.227
188571 188583 0.1536
188583 31529 0.2364
31529 1272938 0.2214
1272938 1272939 0.7098
1272939 1272937 0.168
1272937 1272940 1.581
1272940 1272990 0.6726
1272990 31530 0.9354
31530 31511 3.0462
31511 1272942 1.2756
1272942 31531 0.1232
31531 188589 0.1212
188589 31532 0.1508
31532 1272941 0.1436
1272941 1272943 0.1084
1272943 1272944 0.0944
1272944 1272945 0.092
1272945 188576 0.1268
188576 1272946 0.0888
1272946 1272947 0.0868
1272947 1272948 0.0924
1272948 1272949 0.0868
1272949 1272950 0.0912
1272950 31533 0.092
31533 1272951 0.0908
1272951 1272952 0.0836
1272952 188579 0.1008
188579 1272953 0.11
1272953 1272954 0.1704
1272954 1272955 0.1532
1272955 1272956 0.296
1272956 1272960 0.0744
1272960 1272957 0.1072
1272957 1272961 0.1124
1272961 1272958 0.116
1272958 1272959 0.7292
1272959 22425 0.1064
22412 1275654 0.2456
1275654 1275656 0.6396
1275656 1275655 0.202
1275655 1275653 0.2456
1275653 1275652 0.3296
1275652 1275651 0.4696
1275651 1275649 0.372
1275649 188538 0.5972
188538 31535 0.7808
31273 31274 0.3852
31274 1463799 0.6372
1463799 31275 0.8898
31275 188635 1.6188
188635 1641268 0.7674
1641268 188609 3.5688
188609 31276 1.4058
31276 1275708 0.2256
1275708 1275709 0.2484
1275709 1275710 0.2418
1275710 1275704 0.2136
1275704 1275703 0.2826
1275703 1275707 0.3612
1275707 31277 0.3084
22387 1641267 0.2988
1641267 1434981 0.2304
1434981 1434980 0.1956
1434980 1434979 0.4632
1434979 1434978 0.4218
1434978 1434983 1.5138
1434983 1435000 2.2806
1435000 31536 0.5808
31536 1434982 0.3912
1434982 1641264 0.492
1641264 1641265 0.5124
1641265 31537 0.4716
31537 31538 1.1682
31538 31539 1.4322
31539 31273 0.6624
22348 1276116 0.3096
1276116 1276117 1.6896
1276117 187819 1.998
187819 1276118 2.9544
1276118 187799 0.6762
187799 1276121 3.0996
1276121 187815 8.7054
187815 187803 1.4412
187803 173380 1.1352
34015 1276175 0.5624
1276175 1276174 0.2148
1276174 1276173 0.1144
1276173 1276171 1.4244
1276171 1276170 0.122
1276170 34004 0.1184
34004 1276169 0.144
1276169 1276168 0.13
1276168 1276167 0.1252
1276167 187804 0.1332
187804 1276166 0.1396
1276166 1276165 0.142
1276165 34005 0.1344
34005 1276164 0.1404
1276164 1276163 0.14
1276163 34006 0.1184
34006 1276162 0.1332
1276162 1276161 0.13
1276161 34007 0.1264
34007 1276160 0.1268
1276160 1276159 0.1144
1276159 1276158 0.1356
1276158 1276157 0.138
1276157 34008 0.1032
34008 34009 0.1196
34009 1359244 0.0952
1359244 1276153 0.0308
1276153 1276154 0.1368
1276154 1276152 0.1256
1276152 1276155 0.0972
1276155 1276150 0.1148
1276150 1276156 0.228
1276156 34016 0.3744
34018 34022 6.8769
34022 187822 0.3852
187822 34023 0.4014
34023 187807 0.3168
187807 34019 0.3195
34019 1276129 0.2664
1276129 1276130 0.342
1276130 34024 0.243
34024 1276131 0.3312
1276131 187812 0.3681
187812 1276132 0.3591
1276132 1276133 0.2529
1276133 1276134 0.3231
1276134 1276135 0.2286
1276135 34020 0.3249
34020 1276136 0.3177
1276136 1276137 0.3132
1276137 1276138 0.3546
1276138 1276139 0.2736
1276139 1276140 0.2682
1276140 1276141 0.2412
1276141 187826 0.369
187826 34025 0.4464
34025 1276124 0.27
1276124 34021 0.9207
34021 34010 4.4514
22352 34026 1.3416
34026 1276051 1.6136
1276051 1276050 0.368
1276050 1276049 0.276
1276049 558151 0.1912
558151 1276048 2.4068
1276048 1276047 0.2508
1276047 34027 0.2676
34027 1276046 0.3888
1276046 558150 0.4032
558150 558149 0.5992
558149 34028 0.4668
34028 34029 0.344
34029 558148 0.2612
558148 558147 0.4096
558147 34032 2.5128
34032 1435688 0.6844
1435688 1435687 0.384
1435687 1276015 0.774
1276015 34030 0.2156
34030 558145 0.522
558145 1435685 1.0084
1435685 188535 0.2904
188535 558140 0.3708
558140 558139 0.1696
558139 34031 0.1368
34031 558136 0.2272
558136 558134 0.312
558134 1435686 0.1892
1435686 126458 3.9316
34037 558128 2.7476
558128 34036 2.7076
34036 34033 1.9516
34033 34034 0.9124
34034 1276016 1.7788
1276016 558137 0.3028
558137 1276017 1.5812
1276017 1276018 0.438
1276018 1276058 0.4192
1276058 1276059 0.5628
1276059 1276060 1.0836
1276060 22356 0.5828
2015519 1272922 0.1476
1272922 188577 0.4172
188577 188591 1.7736
188591 1272919 0.684
1272919 1272920 0.584
1272920 1272921 0.3308
1272921 22421 0.9532
1011785 1011782 11.664
1011782 1011785 11.664
1011782 1011781 4.716
1011781 1011782 4.716
1011781 34926 7.6284
34926 1011781 7.6284
34926 263423 13.23
263423 34926 13.23
263423 1938359 1.0584
1938359 263423 1.0584
1938359 34931 8.6184
34931 1938359 8.6184
34931 34934 7.2468
34934 34931 7.2468
34934 1938366 8.3052
1938366 34934 8.3052
1938366 34927 9.2988
34927 1938366 9.2988
34927 34928 2.5452
34928 34927 2.5452
34928 34929 2.3796
34929 34928 2.3796
34929 1592132 2.4516
1592132 34929 2.4516
1592132 34930 2.628
34930 1592132 2.628
34931 34932 11.7216
34932 34931 11.7216
34932 34933 7.2504
34933 34932 7.2504
34933 34934 11.5164
34934 34933 11.5164
34936 34937 4.1976
34937 34936 4.1976
34937 34938 21.546
34938 34937 21.546
35048 35049 13.9392
35049 35048 13.9392
35049 292580 6.894
292580 35049 6.894
292580 35050 9.4572
35050 292580 9.4572
35030 591819 0.63
591819 593135 2.4732
593135 1308020 1.439
18181 927438 2.5458
927438 927446 0.8628
927446 927448 1.431
927448 18129 3.3504
18129 334875 1.9074
334875 927556 1.4526
927556 18130 1.7514
18130 334868 2.0142
334868 18131 1.1214
18131 334863 0.7188
334863 334882 0.5592
334882 334877 0.7086
334877 334872 0.8178
334872 18132 1.2882
18132 334871 2.172
334871 117693 2.046
117693 927586 1.779
927586 18133 2.1474
18133 334865 1.1274
334865 18134 1.7772
18134 334884 2.0964
334884 334879 1.8126
334879 18135 1.5858
18135 927591 4.3578
927591 18136 4.0704
18136 334874 1.2432
334874 334867 0.9702
334867 334862 1.2942
334862 334881 0.7554
334881 18137 1.218
41258 1857272 7.4304
1857272 41258 7.4304
1857272 492199 2.7144
492199 1857272 2.7144
492199 1857269 54.5976
1857269 492199 54.5976
1857269 504697 13.4064
504697 1857269 13.4064
504697 1857265 30.9816
1857265 504697 30.9816
1857265 1857262 24.9624
1857262 1857265 24.9624
1857262 1857256 15.9912
1857256 1857262 15.9912
1857256 1857263 15.3648
1857263 1857256 15.3648
1857263 47934 24.4944
47934 1857263 24.4944
1532296 47947 0.2424
47947 1532296 0.2424
47947 1247306 0.4728
1247306 47947 0.4728
1247306 191505 0.5004
191505 1247306 0.5004
191505 1247307 0.3834
1247307 191505 0.3834
1247307 1247308 0.2742
1247308 1247307 0.2742
1247308 247859 0.414
247859 1247308 0.414
247859 484563 0.2244
484563 247859 0.2244
484563 484562 0.141
484562 484563 0.141
484562 143426 0.3408
143426 484562 0.3408
143426 1991021 2.2206
1991021 143426 2.2206
1991021 1532302 0.3504
1532302 1991021 0.3504
1966773 605754 0.513
605754 123653 1.1488
123653 123661 2.9848
123661 1452831 3.8614
1452831 1452874 0.8784
1452874 712059 0.4097
712059 51258 0.5386
1966765 489414 1.0824
489414 682385 2.199
682385 682391 8.037
682391 233490 1.1748
233490 401293 0.4176
401293 1450810 1.4898
51267 641095 0.705
641095 97531 1.3248
97531 835789 3.6678
835789 835791 3.4386
835791 1456997 0.3804
51291 699219 0.7344
699219 51291 0.7344
699219 699220 5.724
699220 699219 5.724
699220 51264 7.2618
51264 699220 7.2618
51264 1456993 13.2654
1456993 51264 13.2654
1456993 51265 0.5292
51265 1456993 0.5292
51265 51266 6.282
51266 51265 6.282
51272 641070 0.2838
641070 51272 0.2838
641070 835585 0.8466
835585 641070 0.8466
835585 835583 0.2052
835583 835585 0.2052
835583 835584 1.6524
835584 835583 1.6524
835584 51273 0.5394
51273 835584 0.5394
51273 855716 1.683
855716 51273 1.683
855716 641058 1.0848
641058 855716 1.0848
641058 844606 0.2262
844606 641058 0.2262
844606 1457044 1.7724
1457044 844606 1.7724
1457044 51274 2.2134
51274 1457044 2.2134
51274 1019116 2.235
1019116 51274 2.235
51272 641995 0.3168
641995 51272 0.3168
641995 1457043 0.2052
1457043 641995 0.2052
1457043 835746 2.0148
835746 1457043 2.0148
835746 522023 3.243
522023 835746 3.243
522023 97530 4.0914
97530 522023 4.0914
97530 854884 2.7318
854884 97530 2.7318
854884 835735 2.3484
835735 854884 2.3484
835735 837004 2.5374
837004 835735 2.5374
837004 373045 0.4758
373045 837004 0.4758
373045 51276 0.7236
51276 373045 0.7236
51276 835731 1.11
835731 51276 1.11
835731 373044 0.2478
373044 835731 0.2478
51278 836698 0.3894
836698 51278 0.3894
836698 234987 5.8524
234987 836698 5.8524
234987 489426 9.9444
489426 234987 9.9444
489426 51270 0.5946
51270 489426 0.5946
51270 224754 3.8172
224754 51270 3.8172
224754 51277 10.9848
51277 224754 10.9848
693965 835643 4.6728
835643 693965 4.6728
835643 835653 7.236
835653 835643 7.236
835653 693967 1.98
693967 835653 1.98
693967 693968 4.0428
693968 693967 4.0428
693968 693969 17.8848
693969 693968 17.8848
693969 330082 7.5672
330082 693969 7.5672
330082 330095 3.2004
330095 330082 3.2004
330095 330089 2.8224
330089 330095 2.8224
330089 330086 2.6208
330086 330089 2.6208
330086 330084 4.1652
330084 330086 4.1652
330084 835640 0.8172
835640 330084 0.8172
835640 330080 2.0556
330080 835640 2.0556
330080 330094 21.9672
330094 330080 21.9672
330094 330087 4.572
330087 330094 4.572
330087 51277 15.2028
51277 330087 15.2028
51277 693965 14.7492
693965 51277 14.7492
693965 51279 15.9948
51279 693965 15.9948
1984228 835663 0.3666
835663 1984228 0.3666
835663 638675 0.837
638675 835663 0.837
638675 1984222 0.3978
1984222 638675 0.3978
1984222 1984226 1.446
1984226 1984222 1.446
51284 277487 5.985
277487 51284 5.985
277487 51265 5.061
51265 277487 5.061
51265 638679 12.693
638679 51265 12.693
638679 51267 0.4338
51267 638679 0.4338
51289 51293 2.6514
51293 51289 2.6514
51293 1457011 12.0528
1457011 51293 12.0528
1457011 51264 0.744
51264 1457011 0.744
51264 1457010 0.7146
1457010 51264 0.7146
1457010 699223 10.8342
699223 1457010 10.8342
699223 1457009 1.05
1457009 699223 1.05
1457009 1457004 0.2436
1457004 1457009 0.2436
1457004 51259 0.4644
51259 1457004 0.4644
51286 603769 1.8324
603769 51286 1.8324
603769 1457063 0.8748
1457063 603769 0.8748
1457063 855697 1.9782
855697 1457063 1.9782
855697 1546787 4.05
1546787 855697 4.05
51290 1457023 0.4404
1457023 51290 0.4404
1457023 1966878 12.6852
1966878 1457023 12.6852
1966878 51291 0.2118
51291 1966878 0.2118
51292 51293 11.8332
51293 51292 11.8332
51293 277483 9.7476
277483 51293 9.7476
277483 51295 12.078
51295 277483 12.078
51295 638667 4.278
638667 51295 4.278
638667 638672 1.6956
638672 638667 1.6956
638672 51284 1.0536
51284 638672 1.0536
51284 254323 5.5476
254323 51284 5.5476
254323 51294 4.92
51294 254323 4.92
51295 51296 12.6948
51296 51295 12.6948
51298 51294 3.2544
51294 51298 3.2544
51294 254322 3.3252
254322 51294 3.3252
254322 51297 8.6868
51297 254322 8.6868
51298 641045 0.5064
641045 51298 0.5064
641045 254321 9.0468
254321 641045 9.0468
254321 51299 9.9768
51299 254321 9.9768
51299 51300 11.2344
51300 51299 11.2344
51300 51301 3.8616
51301 51300 3.8616
51301 277482 6.1044
277482 51301 6.1044
277482 51318 4.6692
51318 277482 4.6692
51318 51302 26.9316
51302 51318 26.9316
51303 641993 2.412
641993 51303 2.412
641993 836695 2.4768
836695 641993 2.4768
836695 836696 4.626
836696 836695 4.626
836696 641039 0.9108
641039 836696 0.9108
641039 641992 2.5416
641992 641039 2.5416
641992 641036 14.202
641036 641992 14.202
641036 835457 0.6048
835457 641036 0.6048
835457 831522 4.9248
831522 835457 4.9248
831522 51304 7.416
51304 831522 7.416
51304 836969 6.8436
836969 51304 6.8436
836969 842648 29.3688
842648 836969 29.3688
842648 277484 1.2456
277484 842648 1.2456
51308 51302 1.9176
51302 51308 1.9176
51302 51307 9.4524
51307 51302 9.4524
51307 51309 3.1212
51309 51307 3.1212
51299 51310 16.1388
51310 51299 16.1388
51310 254307 9.6528
254307 51310 9.6528
254307 51311 20.214
51311 254307 20.214
51311 51312 12.3576
51312 51311 12.3576
51312 51313 4.3776
51313 51312 4.3776
51300 51314 16.14
51314 51300 16.14
51314 51315 9.3816
51315 51314 9.3816
51297 254319 9.2436
254319 51297 9.2436
254319 638665 0.6924
638665 254319 0.6924
638665 51310 9.1728
51310 638665 9.1728
51310 51314 8.586
51314 51310 8.586
51314 254318 11.6496
254318 51314 11.6496
254318 51305 5.1492
51305 254318 5.1492
51320 638674 6.552
638674 51320 6.552
638674 638669 5.3784
638669 638674 5.3784
638669 51319 4.248
51319 638669 4.248
51319 638666 6.1344
638666 51319 6.1344
638666 638663 1.6128
638663 638666 1.6128
638663 51318 9.2736
51318 638663 9.2736
51316 277481 1.8216
277481 51316 1.8216
277481 277485 2.7768
277485 277481 2.7768
277485 51306 3.3456
51306 277485 3.3456
51306 51307 18.5628
51307 51306 18.5628
51321 1701901 0.3294
1701901 51321 0.3294
1701901 51322 2.9646
51322 1701901 2.9646
51322 605725 1.6224
605725 51322 1.6224
605725 51323 0.8214
51323 605725 0.8214
51323 51324 14.3388
51324 51323 14.3388
51324 605729 0.8454
605729 51324 0.8454
605729 51325 0.981
51325 605729 0.981
51325 478753 1.4136
478753 51325 1.4136
478753 478754 0.7362
478754 478753 0.7362
478754 1709566 6.6042
1709566 478754 6.6042
1709566 1481804 0.3588
1481804 1709566 0.3588
1481804 51326 0.1602
51326 1481804 0.1602
51331 51328 5.3532
51328 51331 5.3532
51328 51330 14.124
51330 51328 14.124
478736 579252 1.0614
579252 478736 1.0614
579252 51332 5.877
51332 579252 5.877
51332 51335 7.3818
51335 51332 7.3818
51335 579271 4.3242
579271 51335 4.3242
579271 579276 1.6002
579276 579271 1.6002
579276 579281 13.5048
579281 579276 13.5048
579281 51333 1.2768
51333 579281 1.2768
51333 478746 1.2672
478746 51333 1.2672
478746 605687 16.4658
605687 478746 16.4658
605687 478747 15.288
478747 605687 15.288
478747 1444928 1.8156
1444928 478747 1.8156
1444928 1368480 1.5108
1368480 1444928 1.5108
1368480 478745 1.542
478745 1368480 1.542
478745 478737 3.3756
478737 478745 3.3756
478737 1459725 2.868
1459725 478737 2.868
1459725 478735 2.0382
478735 1459725 2.0382
478735 1444938 3.2352
1444938 478735 3.2352
1444938 531581 1.1922
531581 1444938 1.1922
51347 874810 2.8332
874810 51347 2.8332
874810 51337 3.1776
51337 874810 3.1776
51337 605767 8.0064
605767 51337 8.0064
605767 51342 0.5004
51342 605767 0.5004
51342 51344 4.3938
51344 51342 4.3938
51344 51339 5.6508
51339 51344 5.6508
51339 605774 3.7398
605774 51339 3.7398
605774 51338 1.5546
51338 605774 1.5546
51338 188595 2.511
188595 51338 2.511
188595 224761 1.896
224761 188595 1.896
224761 188633 0.6336
188633 224761 0.6336
51338 51353 67.2768
51353 51338 67.2768
51353 54386 15.7608
54386 51353 15.7608
54386 51350 6.2532
51350 54386 6.2532
51339 51340 35.4624
51340 51339 35.4624
51340 224755 3.576
224755 51340 3.576
224755 51341 6.7764
51341 224755 6.7764
51341 51352 1.0116
51352 51341 1.0116
51352 224760 3.444
224760 51352 3.444
224760 51346 7.722
51346 224760 7.722
188612 1275509 1.248
1275509 188612 1.248
1275509 605766 1.1568
605766 1275509 1.1568
605766 51342 1.0332
51342 605766 1.0332
51342 874820 17.0772
874820 51342 17.0772
874820 612889 4.8588
612889 874820 4.8588
612889 51343 12.0888
51343 612889 12.0888
51344 51345 35.7876
51345 51344 35.7876
51345 373062 1.5456
373062 51345 1.5456
373062 605782 5.6832
605782 373062 5.6832
605782 51341 2.0052
51341 605782 2.0052
51337 605759 0.9804
605759 51337 0.9804
605759 612880 2.0424
612880 605759 2.0424
612880 874798 8.3244
874798 612880 8.3244
874798 874809 4.4736
874809 874798 4.4736
874809 612884 6.1668
612884 874809 6.1668
612884 874931 0.3168
874931 612884 0.3168
874931 874799 0.5316
874799 874931 0.5316
874799 874801 4.2408
874801 874799 4.2408
874801 874808 6.9468
874808 874801 6.9468
874808 373059 0.5304
373059 874808 0.5304
373059 470620 3.4656
470620 373059 3.4656
470620 463246 20.2428
463246 470620 20.2428
51354 1625669 0.8766
1625669 51354 0.8766
1625669 1625671 7.3593
1625671 1625669 7.3593
1625671 1625667 13.3281
1625667 1625671 13.3281
1625667 322089 2.0385
322089 1625667 2.0385
51355 1625673 17.5032
1625673 51355 17.5032
1625673 1625674 0.4176
1625674 1625673 0.4176
1625674 1479243 0.5373
1479243 1625674 0.5373
1479243 51356 0.4041
51356 1479243 0.4041
51357 224753 13.4946
224753 51357 13.4946
224753 1625675 1.5651
1625675 224753 1.5651
1625675 1625676 0.2826
1625676 1625675 0.2826
1625676 1434975 0.3969
1434975 1625676 0.3969
1434975 51358 0.522
51358 1434975 0.522
51368 1320217 2.0495
1320217 1320213 0.3668
1320213 1274259 0.3064
1274259 1274260 1.5811
1274260 1320218 0.4586
1320218 123678 0.6491
123678 1320219 0.356
1320219 1274258 0.8276
1274258 51370 1.5347
51370 1274257 1.3813
1274257 1274256 1.2283
1274256 51383 1.1142
51383 1274255 2.7965
1274255 51369 5.1286
51369 51411 0.9968
126420 126421 1.2573
126421 383145 28.2312
383145 1452830 3.5334
1452830 383144 24.5934
383144 383143 8.2557
383143 126445 1.7604
51380 558047 0.2964
558047 1320254 0.4194
1320254 1320253 0.642
1320253 558045 0.3786
558045 51382 0.5898
51382 1320318 0.3756
51368 1320216 2.0598
1320216 1320215 1.4376
1320215 1320214 1.1568
1320214 123668 1.0128
123668 1320222 0.603
1320222 1320221 0.939
1320221 1320220 0.8394
1320220 123669 0.8316
123669 123670 0.7962
123670 1320223 0.9378
1320223 1320226 0.8196
1320226 1320225 0.8598
1320225 51384 0.8928
51384 1320224 0.7134
1320224 123671 1.0698
123671 123672 0.9018
123672 1320227 1.4874
1320227 558034 0.8322
558034 1320228 1.0362
1320228 558037 1.1088
558037 1320229 1.9344
1320229 1320230 2.3568
1320230 51387 1.6488
51387 51385 1.606
51385 558042 2.3224
558042 51386 2.462
51386 51379 3.9096
51379 123680 1.202
123680 558050 0.5162
558050 1320152 0.4032
1320152 123681 0.2473
123681 1320153 0.3715
1320153 558052 1.0865
558052 1320154 0.6124
1320154 51375 0.5645
51375 51374 1.0008
51374 1320155 0.338
1320155 558057 0.3859
558057 123682 0.342
123682 1320156 0.4676
1320156 1320157 0.5472
1320157 558060 0.473
558060 1320158 0.4957
1320158 123683 0.6343
123683 1292000 1.3651
1292000 1320159 0.8438
1320159 558061 1.3234
558061 1320161 1.4645
1320161 51373 2.4466
51381 51389 3.0444
51389 558031 7.7838
558031 1320248 0.6114
1320248 51390 2.3754
31283 31284 2.946
31284 31285 0.9332
31285 1294315 0.5232
1294315 31286 0.448
2015749 31292 0.1472
31292 1320266 0.3356
1320266 1294280 0.3792
1294280 31293 0.384
31293 1320267 0.3764
1320267 31294 0.4496
31294 1320268 0.3324
1320268 1320269 0.6284
1320269 1294281 0.7628
1294281 31295 1.9256
31295 793208 0.8972
793208 31296 0.5352
31296 1294316 0.3996
1294316 1294317 0.45
1294317 31297 1.0864
51397 1294291 0.3264
1294291 1320236 1.3668
1320236 1320235 0.2572
1320235 1294287 0.2308
1294287 1294288 0.3188
1294288 1294289 0.2352
1294289 1294290 0.2852
1294290 1320237 0.2444
1320237 51398 0.2936
51398 1294286 0.2512
1294286 51399 0.2812
51399 1294285 0.2788
1294285 1294284 0.2872
1294284 1294283 0.3168
1294283 51400 0.29
51400 51401 0.38
51401 51402 0.3748
51402 1294282 0.33
1294282 51403 0.4684
51403 1294294 0.2356
1294294 1294295 0.302
1294295 51404 0.4172
51404 1294296 0.4
1294296 1294297 0.3952
1294297 1294298 0.304
1294298 1294299 0.4188
1294299 1294300 0.3304
2015751 1294300 0.4076
51408 1294305 0.474
1294305 123677 0.4328
123677 1294309 0.486
1294309 1294308 0.4724
1294308 51409 0.8236
51409 51410 2.9772
51410 558030 3.8238
558030 1320231 2.0856
1320231 558033 2.3892
558033 558036 3.1776
558036 51387 4.9176
51385 1320258 2.3106
1320258 1320257 0.5688
1320257 1320256 0.4704
1320256 51411 3.5658
51412 1320212 0.5514
1320212 1320211 2.2974
1320211 1320210 0.5754
1320210 1320209 0.39
1320209 1320208 0.4164
1320208 51413 0.3234
51413 1320207 0.3768
1320207 1320206 0.3312
1320206 51414 0.3714
51414 1320205 0.2814
1320205 1320204 0.3114
1320204 1320203 0.3354
1320203 51415 0.3084
51415 1320202 0.2892
1320202 1320201 0.2172
1320201 1320200 0.2442
1320200 1320199 0.3012
1320199 123673 0.2928
123673 1320198 0.285
1320198 1320271 0.1374
1320271 1320197 0.1404
1320197 1320196 0.2802
1320196 1320195 0.3012
1320195 1320194 0.2988
1320194 123674 0.2628
123674 1320193 0.273
1320193 1320192 0.2214
1320192 1320191 0.2532
1320191 1320190 0.2688
1320190 1320189 0.2742
1320189 51416 0.3198
51416 1320188 0.2424
1320188 1320187 0.201
1320187 1320186 0.2226
1320186 1320185 0.243
1320185 1320184 0.2436
1320184 1320183 0.2406
1320183 51417 0.2622
51417 1320285 0.1614
54385 51346 8.6844
51346 54385 8.6844
51346 54386 16.1736
54386 51346 16.1736
59601 59602 3.3091
59602 59601 3.3091
59602 248893 0.8791
248893 59602 0.8791
248893 248916 1.003
248916 248893 1.003
248916 59603 2.5934
59603 248916 2.5934
59603 248905 0.8662
248905 59603 0.8662
248905 59604 1.031
59604 248905 1.031
59604 981464 3.2818
981464 59604 3.2818
981464 248915 4.6577
248915 981464 4.6577
248915 248896 7.9898
248896 248915 7.9898
248896 59605 9.7733
59605 248896 9.7733
59605 248919 1.2492
248919 59605 1.2492
248919 249090 0.4802
249090 248919 0.4802
249090 248903 1.2823
248903 249090 1.2823
248903 248895 1.7921
248895 248903 1.7921
248895 59606 3.0478
59606 248895 3.0478
59606 1419670 0.913
1419670 59606 0.913
1419670 981478 4.4258
981478 1419670 4.4258
981478 981445 4.4014
981445 981478 4.4014
981445 981444 2.8591
981444 981445 2.8591
981444 1419695 1.0742
1419695 981444 1.0742
1419695 981436 5.7355
981436 1419695 5.7355
981436 981433 6.5722
981433 981436 6.5722
981433 193414 0.923
193414 981433 0.923
193414 1419721 0.841
1419721 193414 0.841
1419721 981472 1.5358
981472 1419721 1.5358
981472 1419709 0.8042
1419709 981472 0.8042
1419709 1419700 1.6582
1419700 1419709 1.6582
1419700 59582 2.9045
59582 1419700 2.9045
59582 1419707 0.4378
1419707 59582 0.4378
1419707 1419854 5.3928
1419854 1419707 5.3928
1419854 1419858 1.0814
1419858 1419854 1.0814
1419858 981471 1.926
981471 1419858 1.926
981471 1419723 0.8734
1419723 981471 0.8734
1419723 166073 5.8982
166073 1419723 5.8982
728218 728219 14.6232
728219 728218 14.6232
728219 728221 9.792
728221 728219 9.792
728221 728231 11.4408
728231 728221 11.4408
59586 981428 15.0048
981428 59586 15.0048
981428 59587 11.4984
59587 981428 11.4984
59587 59581 6.9336
59581 59587 6.9336
59581 1200741 3.2868
1200741 59581 3.2868
1200741 1419908 3.3444
1419908 1200741 3.3444
1419908 981426 11.0124
981426 1419908 11.0124
981426 1419707 32.9148
1419707 981426 32.9148
59598 59599 35.9568
59599 59598 35.9568
59599 59879 91.3176
59879 59599 91.3176
59879 59859 42.588
59859 59879 42.588
1184666 1184665 6.7536
1184665 1184666 6.7536
1184665 59600 42.9228
59600 1184665 42.9228
59600 1419914 6.7932
1419914 59600 6.7932
1419914 1419915 28.0044
1419915 1419914 28.0044
1419915 1419916 9.4068
1419916 1419915 9.4068
1419916 1419917 24.0768
1419917 1419916 24.0768
59859 314697 14.328
314697 59859 14.328
314697 59860 71.9496
59860 314697 71.9496
59876 59877 12.5964
59877 59876 12.5964
59877 1461146 27.5688
1461146 59877 27.5688
1461146 313935 21.42
313935 1461146 21.42
313935 1261217 21.6144
1261217 313935 21.6144
1261217 1261220 21.7944
1261220 1261217 21.7944
1261220 59878 13.7232
59878 1261220 13.7232
59878 927478 8.1684
927478 59878 8.1684
927478 1261219 39.1716
1261219 927478 39.1716
1261219 927486 22.626
927486 1261219 22.626
284328 1461177 2.047
1461177 284328 2.047
1461177 59897 1.7107
59897 1461177 1.7107
59897 284316 1.3363
284316 59897 1.3363
284316 59896 1.0339
59896 284316 1.0339
59896 59895 6.485
59895 59896 6.485
59895 59894 2.6561
59894 59895 2.6561
59894 59893 4.1242
59893 59894 4.1242
59893 284319 2.6618
284319 59893 2.6618
284319 314685 0.8294
314685 284319 0.8294
314685 59892 0.9799
59892 314685 0.9799
59892 284323 1.769
284323 59892 1.769
284323 59891 1.8626
59891 284323 1.8626
59891 284327 1.26
284327 59891 1.26
284327 59890 1.1398
59890 284327 1.1398
59890 59889 2.1643
59889 59890 2.1643
59889 314770 1.1347
314770 59889 1.1347
314770 59888 2.7418
59888 314770 2.7418
59888 927537 1.1736
927537 59888 1.1736
927537 59887 1.0361
59887 927537 1.0361
59887 59886 3.7958
59886 59887 3.7958
59886 582525 1.2931
582525 59886 1.2931
582525 582524 2.5171
582524 582525 2.5171
582524 59885 0.5242
59885 582524 0.5242
728230 1451725 6.8472
1451725 728230 6.8472
1451725 59902 8.7768
59902 1451725 8.7768
59902 59903 10.584
59903 59902 10.584
59903 59904 41.1768
59904 59903 41.1768
59904 1409377 8.3808
1409377 59904 8.3808
1409377 1409378 5.3136
1409378 1409377 5.3136
1409378 59905 1.3176
59905 1409378 1.3176
59905 59906 5.1264
59906 59905 5.1264
59906 1451728 9.9648
1451728 59906 9.9648
1451728 59907 8.7768
59907 1451728 8.7768
59907 59908 14.3136
59908 59907 14.3136
60494 60493 38.4264
60493 60494 38.4264
60588 289558 34.074
289558 60587 17.9352
60587 657224 6.5556
657224 267622 22.3272
267622 681214 9.5652
657153 1665955 17.0892
1665955 1659659 6.9984
1659659 1645965 20.9844
1645965 267626 19.0368
267626 60592 29.2896
728230 728228 13.6512
728228 728230 13.6512
728228 1451724 6.5304
1451724 728228 6.5304
67346 67347 4.5302
67347 67346 4.5302
67347 67348 2.0974
67348 67347 2.0974
67348 318896 10.9519
318896 67348 10.9519
318896 320095 2.0225
320095 318896 2.0225
320095 385364 3.5885
385364 320095 3.5885
385364 377817 3.8506
377817 385364 3.8506
377817 377818 1.7921
377818 377817 1.7921
377818 304483 2.2968
304483 377818 2.2968
304483 318806 2.939
318806 304483 2.939
318806 377819 1.1218
377819 318806 1.1218
377819 304392 2.2169
304392 377819 2.2169
304392 318867 2.8238
318867 304392 2.8238
318867 304487 1.8641
304487 318867 1.8641
304487 304433 2.1319
304433 304487 2.1319
304433 304460 2.8073
304460 304433 2.8073
304460 304455 4.2538
304455 304460 4.2538
304455 67349 11.2363
67349 304455 11.2363
20769 558020 1.1417
558020 20769 1.1417
558020 1412213 0.323
1412213 558020 0.323
1412213 80239 4.9567
80239 1412213 4.9567
188253 1476034 0.4014
1476034 1476032 0.1663
1476032 1463859 0.2326
1463859 1476033 0.5256
1476033 188254 1.0674
188254 189681 0.5422
189681 281157 0.5778
281157 80242 0.5342
80242 1463890 2.8231
1463890 1463913 0.868
1463913 80243 1.4785
80243 189701 2.952
189701 80244 2.2846
80244 1877705 0.2344
1877705 807040 0.2048
807040 80245 4.4856
80245 557997 0.6538
557997 281162 1.373
281162 281167 1.2553
281167 80246 1.9451
80246 188274 1.1509
188274 558000 0.6095
558000 80247 0.7484
80247 558002 0.7853
558002 558003 0.5565
558003 294015 0.5333
294015 80250 1.9137
80250 558008 0.9149
558008 80251 0.9895
80240 80256 2.0099
80256 557999 1.0314
557999 1081406 0.41
1081406 281163 0.7978
85855 85854 4.0236
85854 85855 4.0236
85854 557417 1.092
557417 85854 1.092
557417 85853 1.0788
85853 557417 1.0788
85853 557416 2.0412
557416 85853 2.0412
557416 313329 2.4984
313329 557416 2.4984
313329 313350 0.8304
313350 313329 0.8304
313350 557413 1.1856
557413 313350 1.1856
557413 292592 0.9312
292592 557413 0.9312
81241 187831 0.243
187831 81241 0.243
187831 1476156 0.4122
1476156 187831 0.4122
1476156 662830 7.0596
662830 1476156 7.0596
662830 704300 2.2833
704300 662830 2.2833
704300 662837 1.0071
662837 704300 1.0071
662837 662831 1.9611
662831 662837 1.9611
662831 900883 9.7524
900883 662831 9.7524
900883 2016152 0.6516
2016152 900883 0.6516
82746 557426 0.2772
557426 557429 0.2056
557429 304410 0.1847
304410 557427 0.2052
557427 557425 0.1868
557425 34864 0.3125
34868 557431 0.2095
557431 557433 0.1436
557433 557434 0.1458
557434 304382 0.1958
304382 82747 0.4468
34924 82746 1.4882
20803 82748 3.0396
82748 20803 3.0396
82748 247231 2.4444
247231 82748 2.4444
247231 82749 1.5708
82749 247231 1.5708
82749 82750 3.7524
82750 82749 3.7524
82750 82751 2.0268
82751 82750 2.0268
82751 82752 9.4716
82752 82751 9.4716
82752 82753 9.5028
82753 82752 9.5028
82753 82754 11.1708
82754 82753 11.1708
82754 247228 4.4376
247228 82754 4.4376
247228 82763 5.3988
82763 247228 5.3988
82763 247245 1.0332
247245 82763 1.0332
247245 247229 9.6912
247229 247245 9.6912
20806 304500 2.7456
304500 20806 2.7456
304500 304428 1.2648
304428 304500 1.2648
304428 82755 0.8208
82755 304428 0.8208
82755 82756 8.3184
82756 82755 8.3184
82756 82757 6.6168
82757 82756 6.6168
82757 82758 5.6616
82758 82757 5.6616
82758 82759 9.4368
82759 82758 9.4368
82759 82760 8.7312
82760 82759 8.7312
82760 82761 2.6328
82761 82760 2.6328
82761 1102252 1.4208
1102252 82761 1.4208
1102252 1102251 5.6436
1102251 1102252 5.6436
1102251 82762 1.0896
82762 1102251 1.0896
82762 1102250 6.3588
1102250 82762 6.3588
1102250 82763 7.0392
82763 1102250 7.0392
1486129 1486130 13.9572
1486130 1486129 13.9572
1486130 1486131 4.464
1486131 1486130 4.464
1486131 1486132 7.2036
1486132 1486131 7.2036
1486132 82748 7.0992
82748 1486132 7.0992
82748 82764 27.0432
82764 82748 27.0432
82764 82765 5.8032
82765 82764 5.8032
82765 82755 25.1856
82755 82765 25.1856
82750 82756 18.9588
82756 82750 18.9588
82751 82766 51.768
82766 82751 51.768
82752 82758 51.5916
82758 82752 51.5916
82758 1528614 17.2188
1528614 82758 17.2188
82767 82788 3.0648
82788 82767 3.0648
82788 82769 10.9176
82769 82788 10.9176
82769 82749 11.4948
82749 82769 11.4948
82768 82769 8.4012
82769 82768 8.4012
82769 82770 10.9056
82770 82769 10.9056
82770 82771 3.6684
82771 82770 3.6684
82771 82772 2.2764
82772 82771 2.2764
82772 82773 2.7984
82773 82772 2.7984
82773 82793 7.5312
82793 82773 7.5312
82793 82774 7.1988
82774 82793 7.1988
82773 82782 9.8244
82782 82773 9.8244
82782 82777 28.4184
82777 82782 28.4184
82777 82775 3.5856
82775 82777 3.5856
82775 82776 3.708
82776 82775 3.708
82777 82778 3.6612
82778 82777 3.6612
82778 82779 4.6044
82779 82778 4.6044
82779 1446529 12.0168
1446529 82779 12.0168
1446529 82780 1.2888
82780 1446529 1.2888
82780 1446530 2.5848
1446530 82780 2.5848
1446530 82781 4.1076
82781 1446530 4.1076
82781 82804 13.9248
82804 82781 13.9248
82804 82805 5.4756
82805 82804 5.4756
82805 82793 18.1836
82793 82805 18.1836
82782 82783 14.0076
82783 82782 14.0076
82783 82784 19.7856
82784 82783 19.7856
82785 82787 4.242
82787 82785 4.242
82787 82770 10.8936
82770 82787 10.8936
82786 82787 5.5308
82787 82786 5.5308
82787 82788 10.716
82788 82787 10.716
82788 82789 10.7988
82789 82788 10.7988
82790 82789 6.1848
82789 82790 6.1848
82789 82791 5.8068
82791 82789 5.8068
82791 82792 14.1156
82792 82791 14.1156
82753 82759 52.0848
82759 82753 52.0848
82801 82802 10.4724
82802 749411 6.3504
749411 82803 3.7908
82804 82774 4.0428
82774 82804 4.0428
82834 1086671 1.8987
1086671 82834 1.8987
1086671 921656 3.3526
921656 1086671 3.3526
921656 921653 3.059
921653 921656 3.059
921653 921638 1.7727
921638 921653 1.7727
921638 1487769 0.6177
1487769 921638 0.6177
1487769 235363 0.5796
235363 1487769 0.5796
235363 921916 2.5082
921916 235363 2.5082
921916 1086672 0.3163
1086672 921916 0.3163
1086672 263102 1.5938
263102 1086672 1.5938
263102 82833 4.3478
82833 263102 4.3478
35057 334599 1.4388
334599 35057 1.4388
334599 1540609 2.874
1540609 334599 2.874
1540609 101339 17.9196
101339 1540609 17.9196
101339 82836 31.176
82836 101339 31.176
313309 313343 14.2452
313343 313309 14.2452
313343 313322 14.9208
313322 313343 14.9208
313322 85856 3.1752
85856 313322 3.1752
85856 85855 20.2632
85855 85856 20.2632
85855 85857 5.022
85857 85855 5.022
16524 1412268 1.2744
1412268 16524 1.2744
1412268 749361 2.2008
749361 1412268 2.2008
749361 1788743 14.4972
1788743 749361 14.4972
1788743 85858 4.7928
85858 1788743 4.7928
85858 749328 4.2828
749328 85858 4.2828
749328 749325 0.936
749325 749328 0.936
749325 85859 0.9108
85859 749325 0.9108
85859 186687 7.4748
186687 85859 7.4748
85860 1340040 56.736
1340040 85860 56.736
1340040 1340022 18.6336
1340022 1340040 18.6336
1340022 554420 62.352
554420 1340022 62.352
554420 180795 69.8904
180795 554420 69.8904
85862 1412101 13.8024
1412101 85862 13.8024
1412101 1406837 34.6968
1406837 1412101 34.6968
1406837 1434814 9.0576
1434814 1406837 9.0576
1434814 1434816 16.3512
1434816 1434814 16.3512
1434816 1434818 16.236
1434818 1434816 16.236
1434818 1406834 5.688
1406834 1434818 5.688
1406834 1434812 7.2
1434812 1406834 7.2
1434812 1412104 14.7456
1412104 1434812 14.7456
1412104 1434787 13.2336
1434787 1412104 13.2336
1434787 1434784 15.804
1434784 1434787 15.804
1434784 1412106 15.6384
1412106 1434784 15.6384
1412106 209683 43.3008
209683 1412106 43.3008
209683 85863 31.3344
85863 209683 31.3344
85863 1452222 3.204
1452222 85863 3.204
1452222 1385394 1.9584
1385394 1452222 1.9584
1385394 1452223 2.0808
1452223 1385394 2.0808
1452223 1412120 14.004
1412120 1452223 14.004
1412120 1385395 2.1384
1385395 1412120 2.1384
1308026 1732851 1.4004
1732851 1308026 1.4004
1732851 1411952 0.1728
1411952 1732851 0.1728
1411952 1308000 1.7676
1308000 1411952 1.7676
1308000 1732883 4.2828
1732883 1308000 4.2828
1732883 85864 1.98
85864 1732883 1.98
85864 85865 2.568
85865 85864 2.568
85865 974775 12.954
974775 85865 12.954
20733 405177 11.9628
405177 20733 11.9628
405177 313355 3.5604
313355 405177 3.5604
313355 85866 2.8584
85866 313355 2.8584
85866 313331 39.3192
313331 85866 39.3192
313331 85867 51.3612
85867 313331 51.3612
85867 1912432 40.482
1912432 85867 40.482
1184762 621319 3.1104
621319 1184762 3.1104
85872 1448996 12.8832
1448996 85872 12.8832
1448996 1926371 0.3888
1926371 1448996 0.3888
1926371 927497 1.1808
927497 1926371 1.1808
91530 1276195 1.6032
1276195 1276194 0.4374
1276194 91531 0.9486
91531 1276193 0.4302
1276193 187800 0.4386
187800 1276192 0.546
1276192 91532 0.3474
91532 1476061 0.8484
1476061 1476075 0.4476
1476075 1476074 0.423
1476074 187813 0.3768
187813 1476060 0.3852
1476060 1476073 0.3258
1476073 187808 0.279
187808 34013 0.3156
34010 34011 7.2936
34011 1276187 0.369
1276187 1276188 0.405
1276188 1276186 0.3159
1276186 1276185 0.3537
1276185 34012 0.4194
34012 1276184 0.2457
1276184 560965 0.2268
560965 187810 0.3114
51289 97525 11.7192
97525 51289 11.7192
97525 97526 5.778
97526 97525 5.778
97528 97529 11.2188
97529 97528 11.2188
97531 641981 2.9052
641981 97531 2.9052
641981 836964 4.7052
836964 641981 4.7052
836964 641103 6.1668
641103 836964 6.1668
641103 97532 20.9916
97532 641103 20.9916
97532 641984 8.658
641984 97532 8.658
641984 97533 4.5396
97533 641984 4.5396
39465 1276196 1.238
1276196 1476072 0.892
1476072 1476071 0.8296
1476071 22345 1.516
22345 1276197 1.7556
1276197 1276198 0.6924
1276198 187814 0.97
187814 1276199 0.7684
1276199 1276120 0.6056
1276120 1276114 0.474
1276114 22347 0.4244
22347 1276113 0.3156
1276113 1276112 1.0476
1276112 1276111 0.446
1276111 187821 1.2312
187821 1276079 1.7864
1276079 187818 1.9044
187818 1308287 4.398
1308287 1276076 5.0868
1276076 126499 3.9004
126499 390583 1.9572
390583 870055 1.4936
870055 342036 5.3072
342036 1954542 1.6876
1954542 22349 1.6088
22349 552603 1.1212
552603 1276066 0.9008
1276066 1276065 0.8448
1276065 1276064 0.5784
1276064 552601 0.454
552601 22350 0.2232
22350 1276063 0.2008
1276063 1276071 2.924
1276071 1276072 4.5812
1276072 1276073 3.1396
1276073 22352 6.3208
22348 187796 1.4736
187796 1276119 0.9644
1276119 187797 1.1896
187797 1276200 1.4572
1276200 22346 1.6196
22346 187802 1.9488
187802 1276172 0.3952
1276172 34015 0.5348
22366 1275743 0.5484
1275743 1275741 0.5876
1275741 188536 1.4144
188536 1276052 0.6756
1276052 1276053 1.0896
1276053 98003 0.2316
98003 1276055 0.2748
1276055 1276054 1.41
1276054 98004 0.562
98004 1276057 6.4776
1276057 22386 0.6328
22389 1446440 1.683
22382 1434934 0.8658
1434934 278799 0.1998
278799 1434935 0.3108
1434935 1434936 0.7218
1434936 188534 1.1346
188534 278817 2.0796
278817 1457455 0.9498
1457455 98005 0.8478
98005 1457456 1.0008
1457456 188543 7.41
188543 188537 1.4346
22366 188545 0.3332
188545 1275735 0.6396
1275735 1275736 1.4444
1275736 1275731 0.9692
1275731 1275730 1.0764
1275730 22367 0.7996
22367 188539 0.8072
188539 1275729 1.0084
1275729 22368 1.0864
22368 1275719 0.274
1275719 1275720 0.4052
1275720 1275722 1.226
1275722 1275721 0.586
1275721 22369 0.7552
22369 1275688 1.7324
1275688 22370 0.3284
22370 22375 2.4368
22375 1275683 1.714
1275683 22376 0.292
22376 1275687 1.3848
1275687 1275670 1.238
1275670 22377 0.6844
22377 1275665 0.4004
1275665 1275666 2.1816
1275666 22396 0.3004
22396 1275660 0.1796
1275660 1275659 0.9348
1275659 1275658 0.3096
1275658 16033 3.8612
22374 1275749 0.4892
1275749 1275750 0.596
1275750 1275751 1.1428
1275751 188533 0.6144
188533 1275747 1.2332
1275747 1275746 0.6832
1275746 1275745 0.59
1275745 22362 0.3568
22386 1276056 0.6084
1276056 1275698 0.4221
1275698 1275697 0.3285
1275697 22387 0.2466
22382 1275715 0.3501
1275715 1434933 0.594
1434933 1434932 0.4698
1434932 1275714 0.4329
1275714 1275713 0.3744
1275713 22383 0.3816
16033 1275645 1.8944
1275645 1275644 1.8864
1275644 188641 3.6128
22412 1275657 1.8848
1275657 22413 1.4644
22413 1275667 0.4788
1275667 1275668 1.4548
1275668 1275669 0.6552
1275669 1275664 0.244
1275664 22378 0.4164
22378 1275686 1.5408
1275686 22379 1.8512
22379 1275685 0.2676
1275685 1275684 0.3044
1275684 22380 1.8964
22380 1275690 0.4008
1275690 1275689 1.7048
1275689 22371 0.206
22371 1275723 1.3212
1275723 1275724 0.9376
1275724 1275725 0.6036
1275725 278802 0.8288
278802 22372 0.8088
22372 1275728 0.4488
1275728 1275727 1.0064
1275727 1275726 0.758
1275726 188544 0.5392
188544 1275734 0.6756
1275734 1275733 1.1996
1275733 22373 0.5376
22373 1275732 0.3656
1275732 1275739 0.5976
1275739 1275738 0.6252
1275738 1275737 0.4076
