22182
27879 1271831 1.8054
1271831 1271830 0.8028
1271830 1271807 0.648
1271807 1271806 0.6948
1271806 560963 0.6282
560963 560962 4.3002
560962 560964 1.278
16046 1271851 2.8376
1271851 22456 0.64
22456 1271850 1.9304
1271850 1273004 0.1988
1273004 1271848 0.2028
1271848 1271852 0.2772
1271852 1273005 0.7116
1273005 1273006 0.3264
1273006 1271853 0.3008
1271853 1271849 0.2944
1271849 22457 0.4576
22457 1271847 1.1316
1271847 1271846 0.3664
1271846 22458 0.6068
22458 1271845 2.9832
1271845 22459 3.0704
22459 1271844 4.4408
1271844 1271857 2.2268
1271857 22460 1.7884
22460 22461 3.8344
22461 22469 4.6516
22469 1273221 6.6928
1273221 1273222 2.5408
1273222 1273216 0.6616
1273216 22470 0.9332
22470 1273215 0.9756
1273215 22471 1.0352
22471 22472 3.282
22472 1273234 4.0312
1273234 1273233 1.0804
2015517 1273233 0.4004
22465 1271856 2.8524
1271856 22466 2.8832
22466 1271912 0.4264
1271912 1271854 0.5064
1271854 1271855 0.7048
1271855 1271934 0.4768
1271934 1271935 0.856
1271935 22467 0.3108
22467 1272930 0.4632
1272930 1272929 0.658
1272929 1272928 0.5248
1272928 1271936 0.5348
1271936 1272927 0.856
1272927 22468 0.9712
22468 22453 3.452
22453 22454 4.1328
22454 22455 4.2308
22455 1272925 1.1496
1272925 1272926 1.0116
1272926 1272924 0.7156
1272924 22420 0.7476
22420 1272923 0.4336
1272923 2015519 1.0172
22464 22465 8.4936
32317 90209 4.424
90209 32317 4.424
90209 1980139 2.5164
1980139 90209 2.5164
1980139 1344380 1.7986
1344380 1980139 1.7986
1344380 1980138 1.6477
1980138 1344380 1.6477
1980138 32316 1.0836
32316 1980138 1.0836
32316 1344379 1.2841
1344379 32316 1.2841
1344379 1344378 1.0202
1344378 1344379 1.0202
1344378 57036 0.806
57036 1344378 0.806
1294314 1320259 0.3372
1320259 31287 0.344
31287 1294310 0.4076
1294310 1294311 0.4052
1294311 31288 0.426
31288 1294312 0.412
1294312 1320260 0.4552
1320260 1294313 0.3584
1294313 31289 0.4504
31289 1320264 0.4884
1320264 1320261 0.3644
1320261 1320262 0.3944
1320262 522324 0.3816
522324 31290 0.5236
31290 1320263 0.394
1320263 31291 0.338
31291 1320265 0.3904
1320265 1294278 0.402
1294278 1294279 0.3256
1294279 2015749 0.1932
51405 2015751 0.3096
51405 1294301 0.332
1294301 1294292 0.4928
1294292 51406 0.738
51406 1320232 0.3108
1320232 1294302 0.3044
1294302 1294304 0.2952
1294304 1294293 0.358
1294293 51407 0.3008
51407 1294303 0.2888
1294303 1294307 0.416
1294307 1320233 0.3264
1320233 1320234 0.4508
1320234 1294306 0.2968
57037 32317 1.724
32317 57037 1.724
104327 116250 2.4271
116250 104327 2.4271
116250 116249 84.425
116249 116250 84.425
116249 80681 1.3687
80681 116249 1.3687
80681 614871 1.9426
614871 80681 1.9426
614871 598503 21.7001
598503 614871 21.7001
598503 80682 16.6262
80682 598503 16.6262
80682 598177 10.0829
598177 80682 10.0829
598177 598121 5.5015
598121 598177 5.5015
598121 80683 9.324
80683 598121 9.324
80683 80684 15.6881
80684 80683 15.6881
80684 2014681 18.0216
2014681 80684 18.0216
2014681 80685 10.2564
80685 2014681 10.2564
80685 80686 10.9044
80686 80685 10.9044
80686 87760 21.6821
87760 80686 21.6821
598442 598422 2.3604
598422 598442 2.3604
598422 598420 0.918
598420 598422 0.918
598420 598418 0.9084
598418 598420 0.9084
598418 598391 7.7208
598391 598418 7.7208
598391 598388 0.612
598388 598391 0.612
598388 80738 0.636
80738 598388 0.636
80738 80737 11.2344
80737 80738 11.2344
80737 80816 12.3
80816 80737 12.3
80816 80736 12.0312
80736 80816 12.0312
80736 598021 2.76
598021 80736 2.76
598021 597997 1.2708
597997 598021 1.2708
597997 597993 0.3096
597993 597997 0.3096
597993 597940 2.6184
597940 597993 2.6184
597940 80735 2.3292
80735 597940 2.3292
80735 80734 2.2428
80734 80735 2.2428
80734 597899 1.5576
597899 80734 1.5576
597899 80733 1.0992
80733 597899 1.0992
80733 597888 1.1568
597888 80733 1.1568
597888 80732 0.552
80732 597888 0.552
80732 80731 2.2404
80731 80732 2.2404
80731 80730 3.678
80730 80731 3.678
80730 597868 3.9888
597868 80730 3.9888
597868 597865 3.0444
597865 597868 3.0444
597865 597862 1.8948
597862 597865 1.8948
597862 597860 0.6852
597860 597862 0.6852
597860 80729 2.2908
80729 597860 2.2908
80729 597856 0.2952
597856 80729 0.2952
597856 80728 1.9092
80728 597856 1.9092
80728 597855 1.1388
597855 80728 1.1388
597855 597854 4.9284
597854 597855 4.9284
597854 597849 4.1136
597849 597854 4.1136
597849 597848 1.3572
597848 597849 1.3572
597848 80727 2.3844
80727 597848 2.3844
80727 597847 2.1636
597847 80727 2.1636
597847 597845 1.8444
597845 597847 1.8444
597845 597846 1.524
597846 597845 1.524
597846 80726 1.9548
80726 597846 1.9548
80726 597853 1.188
597853 80726 1.188
597853 80725 1.8192
80725 597853 1.8192
80725 80724 1.8084
80724 80725 1.8084
80724 597870 2.7024
597870 80724 2.7024
597870 80723 1.5624
80723 597870 1.5624
80723 597879 1.4412
597879 80723 1.4412
597879 597886 2.0724
597886 597879 2.0724
597886 597893 1.4664
597893 597886 1.4664
597893 597897 1.5564
597897 597893 1.5564
597897 597904 1.122
597904 597897 1.122
597904 80722 1.308
80722 597904 1.308
80722 597907 0.906
597907 80722 0.906
597907 597910 1.8648
597910 597907 1.8648
597910 597918 2.8824
597918 597910 2.8824
597918 597919 0.6672
597919 597918 0.6672
597919 597922 2.8752
597922 597919 2.8752
597922 80721 3.1296
80721 597922 3.1296
80721 597932 2.9868
597932 80721 2.9868
597932 597935 3.0672
597935 597932 3.0672
597935 80720 6.3168
80720 597935 6.3168
80720 597937 1.0044
597937 80720 1.0044
597937 597938 1.7496
597938 597937 1.7496
597938 597939 2.2584
597939 597938 2.2584
597939 80719 2.3208
80719 597939 2.3208
80719 597936 2.2596
597936 80719 2.2596
597936 80718 2.292
80718 597936 2.292
80718 116248 5.742
116248 80718 5.742
80717 80716 2.028
80716 80717 2.028
80716 80692 9.8028
80692 80716 9.8028
80692 80696 3.3336
80696 80692 3.3336
80696 80697 2.6028
80697 80696 2.6028
80697 80698 1.4316
80698 80697 1.4316
80698 80699 1.536
80699 80698 1.536
80699 80700 1.5792
80700 80699 1.5792
80700 80701 1.9488
80701 80700 1.9488
80701 80702 2.3916
80702 80701 2.3916
80702 598136 2.0952
598136 80702 2.0952
598136 598154 2.724
598154 598136 2.724
598154 1495792 0.8172
1495792 598154 0.8172
1495792 598161 1.578
598161 1495792 1.578
598161 80695 3.4752
80695 598161 3.4752
80695 598262 5.1924
598262 80695 5.1924
598262 598272 1.3896
598272 598262 1.3896
598272 80703 1.8972
80703 598272 1.8972
80703 80704 1.8024
80704 80703 1.8024
80704 80705 1.6536
80705 80704 1.6536
80705 80706 1.35
80706 80705 1.35
80706 80707 1.6344
80707 80706 1.6344
80707 80708 2.604
80708 80707 2.604
80708 80709 1.2276
80709 80708 1.2276
80709 80682 2.1972
80682 80709 2.1972
80710 80711 1.0548
80711 80710 1.0548
80711 80712 1.0284
80712 80711 1.0284
80712 80713 0.6732
80713 80712 0.6732
80713 80714 0.9108
80714 80713 0.9108
80693 80715 6.0564
80715 80693 6.0564
80737 80739 8.5404
80739 80737 8.5404
80739 598319 3.6288
598319 80739 3.6288
598319 80740 3.0228
80740 598319 3.0228
80740 598358 2.868
598358 80740 2.868
598358 80741 3.0132
80741 598358 3.0132
80741 80742 3.0216
80742 80741 3.0216
80742 80743 3.8928
80743 80742 3.8928
80743 598390 4.0476
598390 80743 4.0476
598390 80744 3.7956
80744 598390 3.7956
80744 80745 3.9792
80745 80744 3.9792
80745 80746 3.3144
80746 80745 3.3144
80746 598371 3.114
598371 80746 3.114
598371 598357 2.8764
598357 598371 2.8764
598357 80747 2.712
80747 598357 2.712
80747 80748 6.2892
80748 80747 6.2892
80748 80749 6.6312
80749 80748 6.6312
80749 598270 0.9276
598270 80749 0.9276
598270 80750 4.5456
80750 598270 4.5456
80750 80751 3.126
80751 80750 3.126
80751 598251 1.5996
598251 80751 1.5996
598251 80752 2.064
80752 598251 2.064
80752 598236 1.2552
598236 80752 1.2552
598236 598225 2.9748
598225 598236 2.9748
598225 80753 1.428
80753 598225 1.428
80753 598195 5.0316
598195 80753 5.0316
598195 80754 1.2624
80754 598195 1.2624
80754 80755 6.1308
80755 80754 6.1308
80755 598181 4.2252
598181 80755 4.2252
598181 80756 1.7016
80756 598181 1.7016
80756 598178 1.4904
598178 80756 1.4904
598178 598180 5.5944
598180 598178 5.5944
598180 598182 3.3036
598182 598180 3.3036
598182 80757 1.7568
80757 598182 1.7568
80757 598176 3.8784
598176 80757 3.8784
598176 598173 3.7008
598173 598176 3.7008
598173 80758 4.0452
80758 598173 4.0452
80759 80766 3.3084
80766 80759 3.3084
80766 597829 1.9044
597829 80766 1.9044
597829 597827 1.9068
597827 597829 1.9068
597827 597825 2.2524
597825 597827 2.2524
597825 597822 3.462
597822 597825 3.462
597822 597819 2.8524
597819 597822 2.8524
597819 597818 0.6108
597818 597819 0.6108
597818 80765 4.7184
80765 597818 4.7184
80765 597812 1.9332
597812 80765 1.9332
597812 597808 3.7944
597808 597812 3.7944
597808 597807 0.822
597807 597808 0.822
597807 597805 2.2332
597805 597807 2.2332
597805 597804 1.7052
597804 597805 1.7052
597804 597803 0.87
597803 597804 0.87
597803 80767 1.02
80767 597803 1.02
80767 597798 2.3964
597798 80767 2.3964
597798 597794 1.1436
597794 597798 1.1436
597794 80768 8.8164
80768 597794 8.8164
80768 80769 1.5924
80769 80768 1.5924
80769 80770 1.5816
80770 80769 1.5816
80770 80771 1.7028
80771 80770 1.7028
80771 80772 1.6272
80772 80771 1.6272
80772 80773 1.4376
80773 80772 1.4376
80773 597780 1.2144
597780 80773 1.2144
597780 80774 1.2024
80774 597780 1.2024
80774 1762654 5.5632
1762654 80774 5.5632
1762654 80805 6.324
80805 1762654 6.324
80805 1762652 1.7844
1762652 80805 1.7844
1762652 1762650 8.094
1762650 1762652 8.094
1762650 1123186 2.5956
1123186 1762650 2.5956
1123186 80784 1.0404
80784 1123186 1.0404
80793 80792 11.8296
80792 80793 11.8296
80792 80791 12.63
80791 80792 12.63
80791 80790 6.774
80790 80791 6.774
80790 80789 5.4516
80789 80790 5.4516
80789 80774 6.7836
80774 80789 6.7836
80774 80775 3.414
80775 80774 3.414
80775 80776 2.6436
80776 80775 2.6436
80776 597828 3.1548
597828 80776 3.1548
597828 80727 3.678
80727 597828 3.678
80727 597892 4.3464
597892 80727 4.3464
597892 597920 2.3532
597920 597892 2.3532
597920 80777 3.9408
80777 597920 3.9408
80777 80778 2.4348
80778 80777 2.4348
80778 80779 2.5044
80779 80778 2.5044
80779 598059 1.476
598059 80779 1.476
598059 598107 2.1876
598107 598059 2.1876
598107 80780 1.6008
80780 598107 1.6008
80780 598132 2.3868
598132 80780 2.3868
598132 80781 2.0856
80781 598132 2.0856
80781 598162 3.552
598162 80781 3.552
598162 598718 0.9456
598718 598162 0.9456
598718 80782 2.664
80782 598718 2.664
80782 80783 5.1024
80783 80782 5.1024
80783 80748 3.642
80748 80783 3.642
80794 80781 15.6372
80781 80794 15.6372
80781 598151 3.5568
598151 80781 3.5568
598151 80795 3.006
80795 598151 3.006
80795 598153 2.7324
598153 80795 2.7324
598153 80796 2.9892
80796 598153 2.9892
80796 598152 3.1164
598152 80796 3.1164
598152 80797 3.2496
80797 598152 3.2496
80797 598149 2.754
598149 80797 2.754
598149 80818 3.168
80818 598149 3.168
80818 598125 3.6324
598125 80818 3.6324
598125 598120 3.8232
598120 598125 3.8232
598120 598111 3.6492
598111 598120 3.6492
598111 80798 3.1968
80798 598111 3.1968
80798 80736 3.6108
80736 80798 3.6108
80722 598042 9.648
598042 80722 9.648
598042 80799 2.7612
80799 598042 2.7612
80721 597946 3.0324
597946 80721 3.0324
597946 597956 0.3312
597956 597946 0.3312
597956 598033 3.2124
598033 597956 3.2124
598033 80800 2.5344
80800 598033 2.5344
80720 597966 2.424
597966 80720 2.424
597966 598008 1.5564
598008 597966 1.5564
598008 80801 4.7004
80801 598008 4.7004
80784 80807 4.0042
80807 80784 4.0042
80807 1992948 0.3122
1992948 80807 0.3122
1992948 597740 0.9139
597740 1992948 0.9139
597740 80802 1.2286
80802 597740 1.2286
80802 1992947 0.9273
1992947 80802 0.9273
1992947 80803 2.2716
80803 1992947 2.2716
80803 309380 5.3697
309380 80803 5.3697
309380 309378 5.0945
309378 309380 5.0945
309378 309404 0.6444
309404 309378 0.6444
309404 80804 5.1768
80804 309404 5.1768
80804 597727 0.7097
597727 80804 0.7097
597727 597726 1.5819
597726 597727 1.5819
597726 1992946 0.7154
1992946 597726 0.7154
1992946 87759 2.1209
87759 1992946 2.1209
87759 1896207 3.1253
1896207 87759 3.1253
1896207 309386 0.2613
309386 1896207 0.2613
309386 1992945 9.5143
1992945 309386 9.5143
1992945 501665 2.8923
501665 1992945 2.8923
501665 1992944 1.7157
1992944 501665 1.7157
1992944 1992925 1.9157
1992925 1992944 1.9157
1992925 1992924 1.1335
1992924 1992925 1.1335
1992924 87760 0.8763
87760 1992924 0.8763
87760 87788 1.0985
87788 87760 1.0985
87788 1992926 2.7998
1992926 87788 2.7998
1992926 1992927 5.3738
1992927 1992926 5.3738
1992927 87761 8.208
87761 1992927 8.208
87761 87762 8.0151
87762 87761 8.0151
87762 1992928 2.7561
1992928 87762 2.7561
1992928 1992917 3.3506
1992917 1992928 3.3506
1992917 87763 0.7992
87763 1992917 0.7992
87763 674732 3.2817
674732 87763 3.2817
674732 1992936 0.3801
1992936 674732 0.3801
1992936 674731 0.3924
674731 1992936 0.3924
674731 1992937 0.2751
1992937 674731 0.2751
1992937 1992938 0.2921
1992938 1992937 0.2921
1992938 1992939 0.5673
1992939 1992938 0.5673
1992939 87764 0.7447
87764 1992939 0.7447
87764 1694667 1.3279
1694667 87764 1.3279
1694667 1992916 1.6581
1992916 1694667 1.6581
1992916 87765 0.5832
87765 1992916 0.5832
87765 1992943 0.288
1992943 87765 0.288
1992943 1104171 1.7481
1104171 1992943 1.7481
1104171 1992933 2.6758
1992933 1104171 2.6758
1992933 1585146 2.7643
1585146 1992933 2.7643
1585146 1992932 1.0975
1992932 1585146 1.0975
1992932 1992931 1.3243
1992931 1992932 1.3243
1992931 1992930 2.7653
1992930 1992931 2.7653
1992930 1694627 2.6542
1694627 1992930 2.6542
1694627 1992929 1.6483
1992929 1694627 1.6483
1992929 1694628 1.6534
1694628 1992929 1.6534
1694628 87766 3.1649
87766 1694628 3.1649
87766 1992918 0.3903
1992918 87766 0.3903
1992918 1992919 0.3055
1992919 1992918 0.3055
1992919 87784 0.3189
87784 1992919 0.3189
87784 1992920 0.3934
1992920 87784 0.3934
1992920 87767 0.5158
87767 1992920 0.5158
87767 1992921 0.3569
1992921 87767 0.3569
1992921 1992922 0.5781
1992922 1992921 0.5781
1992922 87768 0.6938
87768 1992922 0.6938
87768 87769 5.2406
87769 87768 5.2406
87769 1992911 0.2962
1992911 87769 0.2962
1992911 1992910 0.343
1992910 1992911 0.343
1992910 1992909 0.3471
1992909 1992910 0.3471
1992909 1992912 0.3739
1992912 1992909 0.3739
1992912 87770 0.2772
87770 1992912 0.2772
87770 1694607 0.3559
1694607 87770 0.3559
1694607 1992913 0.8491
1992913 1694607 0.8491
1992913 87771 1.0409
87771 1992913 1.0409
87771 1992914 0.4073
1992914 87771 0.4073
1992914 87772 0.4202
87772 1992914 0.4202
87772 1694664 0.413
1694664 87772 0.413
1694664 87773 1.7383
87773 1694664 1.7383
87773 1992915 0.8398
1992915 87773 0.8398
1992915 87774 0.9093
87774 1992915 0.9093
87774 1992908 0.5971
1992908 87774 0.5971
1992908 115757 2.7381
115757 1992908 2.7381
115757 87775 4.8425
87775 115757 4.8425
87775 87776 0.6912
87776 87775 0.6912
80805 597746 4.8936
597746 80805 4.8936
597746 80806 4.6128
80806 597746 4.6128
80806 80807 14.2212
80807 80806 14.2212
80808 80757 9.7044
80757 80808 9.7044
80809 598327 0.6804
598327 80809 0.6804
598327 598274 3.9828
598274 598327 3.9828
598274 598259 2.2812
598259 598274 2.2812
598259 598250 2.058
598250 598259 2.058
598250 80754 3.072
80754 598250 3.072
80810 598339 4.5996
598339 80810 4.5996
598339 80749 5.5212
80749 598339 5.5212
80811 598416 1.5936
598416 80811 1.5936
598416 598389 4.2084
598389 598416 4.2084
598389 598376 1.0896
598376 598389 1.0896
598376 598355 1.188
598355 598376 1.188
598355 80747 0.9432
80747 598355 0.9432
80812 80752 8.8584
80752 80812 8.8584
80813 80745 10.0332
80745 80813 10.0332
80814 80743 9.636
80743 80814 9.636
80815 80816 12.3588
80816 80815 12.3588
80817 598150 7.7496
598150 80817 7.7496
598150 598148 0.9132
598148 598150 0.9132
598148 80818 0.768
80818 598148 0.768
80819 80796 5.7336
80796 80819 5.7336
80820 597925 5.5752
597925 80820 5.5752
597925 80729 6.5844
80729 597925 6.5844
80821 597928 2.7756
597928 80821 2.7756
597928 597911 1.4508
597911 597928 1.4508
597911 80730 3.6024
80730 597911 3.6024
80830 597987 2.0244
597987 80830 2.0244
597987 597990 0.8808
597990 597987 0.8808
597990 598000 4.752
598000 597990 4.752
598000 598006 0.8124
598006 598000 0.8124
598006 598010 2.9988
598010 598006 2.9988
598010 80778 3.0084
80778 598010 3.0084
80693 80714 3.8628
80714 80693 3.8628
80714 80694 18.2988
80694 80714 18.2988
80694 598198 2.4744
598198 80694 2.4744
598198 80695 2.8152
80695 598198 2.8152
598275 598268 1.6824
598268 598275 1.6824
598268 598255 1.0032
598255 598268 1.0032
598255 598241 2.238
598241 598255 2.238
598241 598207 1.7832
598207 598241 1.7832
598207 598184 1.9932
598184 598207 1.9932
598184 80758 1.2744
80758 598184 1.2744
80758 598156 2.4972
598156 80758 2.4972
598156 598138 3.51
598138 598156 3.51
598138 598082 5.6676
598082 598138 5.6676
598082 598045 2.6844
598045 598082 2.6844
598045 598027 1.686
598027 598045 1.686
598027 597943 3.678
597943 598027 3.678
597943 80718 2.1312
80718 597943 2.1312
80718 597905 2.5236
597905 80718 2.5236
597905 597850 5.0604
597850 597905 5.0604
597850 80759 4.1472
80759 597850 4.1472
80759 597823 0.4596
597823 80759 0.4596
597823 597797 4.0212
597797 597823 4.0212
597797 597778 4.9452
597778 597797 4.9452
597778 80760 1.146
80760 597778 1.146
80760 80761 1.0788
80761 80760 1.0788
80761 597771 0.7416
597771 80761 0.7416
597771 80762 0.9552
80762 597771 0.9552
80762 597762 2.19
597762 80762 2.19
597762 597760 1.572
597760 597762 1.572
597760 597754 4.7556
597754 597760 4.7556
597754 597750 2.1708
597750 597754 2.1708
597750 597749 1.0224
597749 597750 1.0224
597749 80763 0.9048
80763 597749 0.9048
80763 597756 0.912
597756 80763 0.912
597756 597770 2.5812
597770 597756 2.5812
597770 80764 4.7736
80764 597770 4.7736
80764 597784 1.332
597784 80764 1.332
597784 597790 1.2108
597790 597784 1.2108
597790 597801 1.65
597801 597790 1.65
597801 80765 2.262
80765 597801 2.262
81029 1273226 0.5532
1273226 1273227 1.54
1273227 1273228 0.9024
1273228 1273229 1.3384
1273229 1273225 2.0644
1273225 81030 4.744
22431 1273007 0.237
1273007 1273011 0.8916
1273011 1273010 0.4404
1273010 1273009 0.4932
1273009 1273001 3.645
1273001 81049 1.7478
81049 81050 3.276
81050 81051 4.1526
81051 1273002 3.5616
1273002 1272013 1.0668
1272013 1273003 0.7356
1273003 81052 1.8744
81052 1272012 2.454
1272012 81053 0.5436
81053 1271974 0.8814
1271974 27888 1.8762
27883 127264 0.4496
127264 1271927 0.4868
1271927 1271928 0.2012
1271928 1271970 0.1408
1271970 1271929 0.2236
1271929 1271930 0.3212
1271930 1271939 0.3004
32328 941200 0.7046
941200 32328 0.7046
941200 1622961 0.2042
1622961 941200 0.2042
1622961 1697096 0.4011
1697096 1622961 0.4011
1697096 1980153 2.3817
1980153 1697096 2.3817
1980153 341016 0.8367
341016 1980153 0.8367
341016 1697098 2.3493
1697098 341016 2.3493
1697098 83615 0.4762
83615 1697098 0.4762
83615 1980152 2.0638
1980152 83615 2.0638
1980152 83616 4.9937
83616 1980152 4.9937
83616 340937 1.2101
340937 83616 1.2101
340937 83617 2.5863
83617 340937 2.5863
83617 83618 5.0271
83618 83617 5.0271
83618 83619 2.7483
83619 83618 2.7483
115605 84985 6.0624
84985 115605 6.0624
84985 115611 0.7596
115611 84985 0.7596
87783 1992907 27.4308
1992907 87783 27.4308
1992907 87780 1.7952
87780 1992907 1.7952
87765 116242 5.55
116242 87765 5.55
87787 1694661 1.8996
1694661 87787 1.8996
1694661 87788 0.6732
87788 1694661 0.6732
80784 309393 5.5434
309393 80784 5.5434
309393 80785 2.2146
80785 309393 2.2146
80785 309407 1.5954
309407 80785 1.5954
309407 597738 1.5696
597738 309407 1.5696
597738 80786 1.4034
80786 597738 1.4034
80786 597735 3.0102
597735 80786 3.0102
597735 80787 2.946
80787 597735 2.946
80787 80788 2.1594
80788 80787 2.1594
80788 597729 1.5228
597729 80788 1.5228
597729 87789 2.0472
87789 597729 2.0472
87789 87790 1.59
87790 87789 1.59
87790 597728 0.8976
597728 87790 0.8976
597728 87791 0.984
87791 597728 0.984
87791 87792 1.3824
87792 87791 1.3824
87792 1992952 0.327
1992952 87792 0.327
1992952 1992950 1.4508
1992950 1992952 1.4508
1992950 121885 1.2522
121885 1992950 1.2522
121885 1992953 0.5586
1992953 121885 0.5586
1992953 2016252 0.6996
2016252 1992953 0.6996
90209 1155684 4.014
1155684 90209 4.014
1155684 341101 12.0276
341101 1155684 12.0276
341101 90210 5.9256
90210 341101 5.9256
90210 341014 15.6384
341014 90210 15.6384
341014 341071 22.518
341071 341014 22.518
2016306 59701 2.0067
59701 2016306 2.0067
94873 1043342 1.032
1043342 94873 1.032
2016416 1043342 0.7488
1043342 2016416 0.7488
27879 560960 1.038
22431 16046 6.634
80681 104307 52.9416
104307 80681 52.9416
84582 1694712 0.594
1694712 84582 0.594
1694712 104308 2.6057
104308 1694712 2.6057
104308 104309 2.2766
104309 104308 2.2766
104309 104310 3.834
104310 104309 3.834
104310 1175216 1.5343
1175216 104310 1.5343
1175216 104325 1.1023
104325 1175216 1.1023
104325 104326 3.2537
104326 104325 3.2537
104326 104327 3.5712
104327 104326 3.5712
104327 116251 9.1195
116251 104327 9.1195
104323 104328 66.5496
104328 104323 66.5496
104328 104329 39.5928
104329 104328 39.5928
104329 104330 80.28
104330 104329 80.28
104341 1694726 0.4234
1694726 104341 0.4234
1694726 1149640 2.1485
1149640 1694726 2.1485
1149640 1248772 11.1254
1248772 1149640 11.1254
1248772 147942 3.7922
147942 1248772 3.7922
147942 147943 6.7342
147943 147942 6.7342
147943 1248768 1.489
1248768 147943 1.489
1248768 147944 2.8714
147944 1248768 2.8714
147944 1248769 2.3126
1248769 147944 2.3126
1248769 1304228 0.2203
1304228 1248769 0.2203
1304228 1149377 1.7964
1149377 1304228 1.7964
1149377 147961 0.751
147961 1149377 0.751
84570 1181423 6.174
1181423 84570 6.174
1181423 954510 7.0985
954510 1181423 7.0985
954510 1149682 0.7783
1149682 954510 0.7783
1149682 104351 12.9852
104351 1149682 12.9852
104351 104352 6.6456
104352 104351 6.6456
104352 104353 2.0038
104353 104352 2.0038
104353 104354 4.1962
104354 104353 4.1962
104354 104355 3.4034
104355 104354 3.4034
104355 104356 9.6948
104356 104355 9.6948
104356 954442 2.0894
954442 104356 2.0894
954442 104357 1.1484
104357 954442 1.1484
104357 104358 5.2222
104358 104357 5.2222
104358 104359 7.7321
104359 104358 7.7321
104359 954501 0.995
954501 104359 0.995
104363 616512 4.4554
616512 104363 4.4554
616512 104364 12.7325
104364 616512 12.7325
104364 104365 3.6576
104365 104364 3.6576
104365 359340 4.9334
359340 104365 4.9334
359340 104366 3.3019
104366 359340 3.3019
104366 104367 4.1983
104367 104366 4.1983
104367 1176156 1.8814
1176156 104367 1.8814
1176156 104368 2.9988
104368 1176156 2.9988
104368 104369 5.4324
104369 104368 5.4324
104369 104370 2.767
104370 104369 2.767
104370 1103173 0.1015
1103173 104370 0.1015
1103173 104371 1.8446
104371 1103173 1.8446
104371 104372 2.1031
104372 104371 2.1031
104372 104373 2.9448
104373 104372 2.9448
104373 763943 5.4324
763943 104373 5.4324
763943 104374 5.1624
104374 763943 5.1624
104374 104375 3.9384
104375 104374 3.9384
104375 104376 2.6143
104376 104375 2.6143
104376 104377 2.4401
104377 104376 2.4401
104377 1103977 1.3147
1103977 104377 1.3147
1103977 761549 2.5949
761549 1103977 2.5949
761549 309458 4.3373
309458 761549 4.3373
309458 275526 8.059
275526 309458 8.059
275526 1175877 3.0722
1175877 275526 3.0722
1175877 104378 5.8255
104378 1175877 5.8255
104378 104379 1.4782
104379 104378 1.4782
104379 104380 1.2809
104380 104379 1.2809
104380 1175879 0.3974
1175879 104380 0.3974
1175879 104381 6.3065
104381 1175879 6.3065
104381 104382 1.2031
104382 104381 1.2031
104382 309469 5.683
309469 104382 5.683
309469 104383 1.7777
104383 309469 1.7777
104383 1175878 0.9864
1175878 104383 0.9864
1175878 251945 1.0001
251945 1175878 1.0001
251945 104384 2.9585
104384 251945 2.9585
104384 104385 4.3574
104385 104384 4.3574
104385 491305 5.7989
491305 104385 5.7989
491305 104386 1.71
104386 491305 1.71
104386 104387 4.8067
104387 104386 4.8067
104387 2016538 1.6726
2016538 104387 1.6726
104363 298944 5.9436
298944 104363 5.9436
298944 104396 2.6292
104396 298944 2.6292
104396 104397 9.684
104397 104396 9.684
104397 616505 1.5948
616505 104397 1.5948
616505 298989 1.8672
298989 616505 1.8672
298989 616502 1.2252
616502 298989 1.2252
616502 104398 1.0764
104398 616502 1.0764
104398 104399 1.812
104399 104398 1.812
104399 104400 0.9744
104400 104399 0.9744
104400 104401 1.3368
104401 104400 1.3368
104401 104402 1.116
104402 104401 1.116
104402 104403 5.3988
104403 104402 5.3988
104403 104404 12.8604
104404 104403 12.8604
104404 104405 6.8952
104405 104404 6.8952
104405 104406 10.422
104406 104405 10.422
104406 616513 1.1712
616513 104406 1.1712
616513 104407 1.26
104407 616513 1.26
104407 104408 3.8016
104408 104407 3.8016
104408 104409 3.2076
104409 104408 3.2076
104409 104410 6.9684
104410 104409 6.9684
104410 104411 4.0212
104411 104410 4.0212
104411 104412 2.7324
104412 104411 2.7324
104412 104413 1.5564
104413 104412 1.5564
104413 616559 1.0416
616559 104413 1.0416
616559 616562 1.0224
616562 616559 1.0224
616562 104414 1.3764
104414 616562 1.3764
104414 616568 6.4536
616568 104414 6.4536
616568 104415 6.6876
104415 616568 6.6876
104415 104416 3.0132
104416 104415 3.0132
104416 104417 2.46
104417 104416 2.46
104363 1448239 4.4863
1448239 104363 4.4863
1448239 299005 5.0335
299005 1448239 5.0335
299005 104424 11.9196
104424 299005 11.9196
104424 298961 5.9638
298961 104424 5.9638
298961 104417 12.1867
104417 298961 12.1867
115660 1889861 6.642
1889861 115660 6.642
1889861 115667 2.1396
115667 1889861 2.1396
115667 115617 4.6284
115617 115667 4.6284
115617 127383 3.6324
127383 115617 3.6324
127383 115618 2.676
115618 127383 2.676
115618 115619 3.618
115619 115618 3.618
115619 115620 4.1556
115620 115619 4.1556
115620 115621 9.6624
115621 115620 9.6624
115621 1107226 8.1336
1107226 115621 8.1336
1107226 903845 3.5832
903845 1107226 3.5832
903845 1085617 11.8248
1085617 903845 11.8248
941592 115700 39.7716
115700 941592 39.7716
115700 127408 12.714
127408 115700 12.714
127408 127407 2.1216
127407 127408 2.1216
127407 322088 1.1364
322088 127407 1.1364
322088 127406 4.4808
127406 322088 4.4808
127406 127411 9.3084
127411 127406 9.3084
115620 903849 1.3896
903849 115620 1.3896
903849 1107229 10.9008
1107229 903849 10.9008
1107229 1397148 1.4268
1397148 1107229 1.4268
1397148 1107224 2.3148
1107224 1397148 2.3148
1107224 1397149 5.07
1397149 1107224 5.07
1397149 1397150 9.6168
1397150 1397149 9.6168
1397150 115700 3.408
115700 1397150 3.408
115633 115652 6.252
115652 115633 6.252
115652 115653 13.3128
115653 115652 13.3128
115653 115612 11.5188
115612 115653 11.5188
115613 115614 10.1808
115614 115613 10.1808
115614 115615 19.9152
115615 115614 19.9152
115615 115616 24.048
115616 115615 24.048
115616 115604 22.5432
115604 115616 22.5432
115604 115605 8.2152
115605 115604 8.2152
115610 115608 3.882
115608 115610 3.882
115611 248058 23.556
248058 115611 23.556
248058 593772 11.2764
593772 248058 11.2764
593772 115610 12.7992
115610 593772 12.7992
115621 115624 16.4088
115624 115621 16.4088
2016666 115669 11.9352
115669 2016666 11.9352
1468826 1468825 6.072
1468825 1468826 6.072
1468825 115669 3.4116
115669 1468825 3.4116
115669 115665 5.8908
115665 115669 5.8908
115665 115661 11.0592
115661 115665 11.0592
115661 115664 4.6944
115664 115661 4.6944
115664 115666 3.4812
115666 115664 3.4812
115666 115654 9.084
115654 115666 9.084
115654 115655 1.9176
115655 115654 1.9176
115655 115657 1.7388
115657 115655 1.7388
115657 115658 4.572
115658 115657 4.572
115658 115659 5.478
115659 115658 5.478
2016668 115662 10.5504
115662 2016668 10.5504
115662 115665 7.1244
115665 115662 7.1244
2016670 115646 2.8656
115646 2016670 2.8656
115646 2016672 67.2984
2016672 115646 67.2984
1388268 2016674 6.0048
2016674 1388268 6.0048
1388268 1388269 7.0128
1388269 1388268 7.0128
1388269 1388270 5.6628
1388270 1388269 5.6628
115659 115660 4.3584
115660 115659 4.3584
115662 115663 30.7296
115663 115662 30.7296
115663 115656 66.42
115656 115663 66.42
115702 127409 3.384
127409 115702 3.384
127409 162232 1.6632
162232 127409 1.6632
162232 115701 14.7924
115701 162232 14.7924
115701 1895193 3.1032
1895193 115701 3.1032
1895193 1895183 27.1764
1895183 1895193 27.1764
1895183 115668 38.2212
115668 1895183 38.2212
115668 127388 5.6772
127388 115668 5.6772
127388 127389 5.1192
127389 127388 5.1192
127389 127390 22.788
127390 127389 22.788
127390 127391 10.1916
127391 127390 10.1916
127391 127392 20.9556
127392 127391 20.9556
127392 127393 15.6348
127393 127392 15.6348
127393 127394 4.2696
127394 127393 4.2696
127394 127395 18.4176
127395 127394 18.4176
127395 1388272 16.9272
1388272 127395 16.9272
1388272 127396 6.0804
127396 1388272 6.0804
115610 115745 6.2832
115745 115610 6.2832
115745 1085616 0.36
1085616 115745 0.36
1085616 115741 7.026
115741 1085616 7.026
115741 115742 4.044
115742 115741 4.044
115742 940971 1.3272
940971 115742 1.3272
940971 115743 9.5412
115743 940971 9.5412
115743 115744 3.6468
115744 115743 3.6468
115744 115758 2.6532
115758 115744 2.6532
115758 115759 4.3188
115759 115758 4.3188
115702 84480 1.2636
84480 115702 1.2636
84480 84481 2.7072
84481 84480 2.7072
84481 84482 3.1745
84482 84481 3.1745
84482 1139881 0.6235
1139881 84482 0.6235
1139881 84483 1.6546
84483 1139881 1.6546
84483 115777 1.5214
115777 84483 1.5214
115777 127403 1.5991
127403 115777 1.5991
127403 115778 2.6978
115778 127403 2.6978
115778 115779 3.6497
115779 115778 3.6497
115779 115780 2.695
115780 115779 2.695
115780 1895166 3.3941
1895166 115780 3.3941
1895166 115768 0.5206
115768 1895166 0.5206
115768 115770 6.4642
115770 115768 6.4642
115775 115765 35.9712
115765 115775 35.9712
115765 115766 12.4668
115766 115765 12.4668
115766 115767 7.5096
115767 115766 7.5096
115767 941589 7.3728
941589 115767 7.3728
941589 941588 6.6456
941588 941589 6.6456
941588 941587 11.1336
941587 941588 11.1336
115769 115771 24.2172
115771 115769 24.2172
115771 115761 70.92
115761 115771 70.92
115761 115762 3.3768
115762 115761 3.3768
115762 115763 9.666
115763 115762 9.666
84475 2016678 2.2752
2016678 84475 2.2752
84475 84476 4.7136
84476 84475 4.7136
84476 84477 8.7108
84477 84476 8.7108
84477 84478 5.3712
84478 84477 5.3712
84478 84479 5.3868
84479 84478 5.3868
84479 115702 8.3376
115702 84479 8.3376
32313 32312 6.7892
32312 32313 6.7892
32312 1896693 0.5576
1896693 32312 0.5576
1896693 1980148 0.6404
1980148 1896693 0.6404
1980148 483717 0.8831
483717 1980148 0.8831
483717 1444485 1.085
1444485 483717 1.085
1444485 1622968 0.9752
1622968 1444485 0.9752
1622968 32311 0.6617
32311 1622968 0.6617
32311 1622966 0.4133
1622966 32311 0.4133
1622966 40796 0.4334
40796 1622966 0.4334
40796 121911 1.0699
121911 40796 1.0699
121911 1980149 1.1905
1980149 121911 1.1905
1980149 1697099 0.0853
1697099 1980149 0.0853
1697099 32329 1.2917
32329 1697099 1.2917
32329 340971 1.4652
340971 32329 1.4652
340971 483694 13.9388
483694 340971 13.9388
483694 1980151 0.392
1980151 483694 0.392
1980151 1622962 1.7946
1622962 1980151 1.7946
1622962 1980150 1.8004
1980150 1622962 1.8004
1980150 1697093 2.5942
1697093 1980150 2.5942
1697093 1697084 1.6038
1697084 1697093 1.6038
1697084 1417186 1.2028
1417186 1697084 1.2028
397244 1980134 1.4918
1980134 397244 1.4918
1980134 1622994 1.7827
1622994 1980134 1.7827
1622994 1980135 1.8061
1980135 1622994 1.8061
1980135 32330 1.7989
32330 1980135 1.7989
32330 1444506 1.494
1444506 32330 1.494
1444506 1697037 1.4144
1697037 1444506 1.4144
1697037 336814 1.3471
336814 1697037 1.3471
336814 610042 1.6153
610042 336814 1.6153
610042 1338147 9.2498
1338147 610042 9.2498
1980127 873840 2.2598
873840 1980127 2.2598
873840 1697151 1.7578
1697151 873840 1.7578
1697151 1669419 0.8229
1669419 1697151 0.8229
1669419 342425 0.5446
342425 1669419 0.5446
342425 59707 5.7183
59707 342425 5.7183
59707 1980123 1.5156
1980123 59707 1.5156
1980123 610056 2.4773
610056 1980123 2.4773
610056 1697150 0.3106
1697150 610056 0.3106
1697150 1669422 0.811
1669422 1697150 0.811
1669422 1980124 1.5495
1980124 1669422 1.5495
1980124 342370 1.7491
342370 1980124 1.7491
342370 341091 3.7851
341091 342370 3.7851
341091 341041 5.7975
341041 341091 5.7975
341041 1291383 1.0841
1291383 341041 1.0841
1291383 41661 0.9375
41661 1291383 0.9375
41661 1980120 0.6099
1980120 41661 0.6099
1980120 342379 1.1649
342379 1980120 1.1649
342379 1291381 2.0314
1291381 342379 2.0314
1291381 1980121 0.4161
1980121 1291381 0.4161
1980121 1980122 0.7935
1980122 1980121 0.7935
1980122 94872 1.3526
94872 1980122 1.3526
94872 1669420 0.8614
1669420 94872 0.8614
1669420 341099 2.8975
341099 1669420 2.8975
341099 1980119 2.3817
1980119 341099 2.3817
1980119 341082 0.0843
341082 1980119 0.0843
341082 41662 2.7211
41662 341082 2.7211
41662 403984 1.349
403984 41662 1.349
403984 1980118 3.0662
1980118 403984 3.0662
1980118 1980126 0.5086
1980126 1980118 0.5086
1980126 1291380 3.5619
1291380 1980126 3.5619
1291380 1669421 2.5581
1669421 1291380 2.5581
1669421 59705 5.0482
59705 1669421 5.0482
59705 41663 0.7123
41663 59705 0.7123
41663 262452 0.5991
262452 41663 0.5991
262452 59706 0.4515
59706 262452 0.4515
59706 59704 0.8177
59704 59706 0.8177
59704 59703 4.4825
59703 59704 4.4825
59703 410206 0.9041
410206 59703 0.9041
410206 41664 0.6783
41664 410206 0.6783
41664 410207 0.5415
410207 41664 0.5415
410207 59702 0.7509
59702 410207 0.7509
59702 59699 2.0885
59699 59702 2.0885
59699 410208 0.9355
410208 59699 0.9355
410208 59700 0.7493
59700 410208 0.7493
59700 410209 0.6994
410209 59700 0.6994
410209 1980125 0.5847
1980125 410209 0.5847
1980125 59701 0.5467
59701 1980125 0.5467
59701 1043341 3.2945
1043341 59701 3.2945
1043341 584119 3.7671
584119 1043341 3.7671
584119 41665 1.5053
41665 584119 1.5053
41665 340940 3.259
340940 41665 3.259
340940 410233 1.7378
410233 340940 1.7378
32328 1155667 0.9189
1155667 32328 0.9189
1155667 1697095 0.6102
1697095 1155667 0.6102
1697095 340923 16.2108
340923 1697095 16.2108
340923 1980155 1.5264
1980155 340923 1.5264
1980155 32327 0.3438
32327 1980155 0.3438
32327 407095 2.0232
407095 32327 2.0232
407095 1980154 7.8795
1980154 407095 7.8795
1980154 32326 4.671
32326 1980154 4.671
32326 1980159 1.1412
1980159 32326 1.1412
1980159 1980158 0.9927
1980158 1980159 0.9927
1980158 1980157 0.7695
1980157 1980158 0.7695
1980157 1980156 0.4014
1980156 1980157 0.4014
1980156 32325 0.3429
32325 1980156 0.3429
32325 1980160 0.2534
1980160 32325 0.2534
1980160 1980162 0.2484
1980162 1980160 0.2484
1980162 1980161 0.2628
1980161 1980162 0.2628
1980161 32324 0.2635
32324 1980161 0.2635
32324 32323 3.6742
32323 32324 3.6742
32323 405553 0.5263
405553 32323 0.5263
405553 32322 0.945
32322 405553 0.945
32322 360954 2.2464
360954 32322 2.2464
116242 87785 7.3908
87785 116242 7.3908
87785 115776 47.3388
115776 87785 47.3388
115776 115786 25.1868
115786 115776 25.1868
115786 115787 2.0496
115787 115786 2.0496
115787 115781 3.06
115781 115787 3.06
115781 115782 4.686
115782 115781 4.686
115782 115783 2.0304
115783 115782 2.0304
115783 115784 3.7152
115784 115783 3.7152
115784 115772 21.2388
115772 115784 21.2388
115772 115773 4.1808
115773 115772 4.1808
115773 115774 4.8888
115774 115773 4.8888
115774 87786 4.7892
87786 115774 4.7892
115753 87776 1.0231
87776 115753 1.0231
116239 116233 39.6876
116233 116239 39.6876
116243 116244 4.0104
116244 116243 4.0104
116244 116245 12.6168
116245 116244 12.6168
116245 116246 1.2096
116246 116245 1.2096
116246 116240 9.198
116240 116246 9.198
116240 116241 2.1636
116241 116240 2.1636
87766 116227 0.8006
116227 87766 0.8006
116227 116228 8.7278
116228 116227 8.7278
116228 116229 1.3488
116229 116228 1.3488
116229 116230 0.8088
116230 116229 0.8088
116230 116231 1.062
116231 116230 1.062
116231 116232 1.464
116232 116231 1.464
116232 116233 3.7836
116233 116232 3.7836
116233 116234 7.3392
116234 116233 7.3392
116234 116235 0.8196
116235 116234 0.8196
116235 116236 0.9348
116236 116235 0.9348
116236 116237 39.6564
116237 116236 39.6564
116237 116239 7.9308
116239 116237 7.9308
116239 116243 8.0052
116243 116239 8.0052
116243 116238 17.5548
116238 116243 17.5548
116238 116229 18.21
116229 116238 18.21
104310 1175219 1.9051
1175219 104310 1.9051
1175219 1176163 1.553
1176163 1175219 1.553
1176163 104311 0.99
104311 1176163 0.99
104311 1175218 1.7071
1175218 104311 1.7071
1175218 1175215 1.0454
1175215 1175218 1.0454
1175215 104312 2.7619
104312 1175215 2.7619
104312 104313 6.8918
104313 104312 6.8918
104313 104314 3.9355
104314 104313 3.9355
104314 1175222 1.6726
1175222 104314 1.6726
1175222 1175223 1.1239
1175223 1175222 1.1239
1175223 104315 1.9512
104315 1175223 1.9512
104315 104316 4.2494
104316 104315 4.2494
104316 104317 3.1248
104317 104316 3.1248
104317 104318 3.8815
104318 104317 3.8815
104318 104319 3.9168
104319 104318 3.9168
116247 80687 1.9752
80687 116247 1.9752
80687 80688 1.7268
80688 80687 1.7268
80688 80689 1.4004
80689 80688 1.4004
80689 597895 1.0452
597895 80689 1.0452
597895 80690 1.3044
80690 597895 1.3044
80690 80691 1.7328
80691 80690 1.7328
80691 597914 1.4808
597914 80691 1.4808
597914 80692 2.5188
80692 597914 2.5188
80692 80710 24.8052
80710 80692 24.8052
80710 80693 3.45
80693 80710 3.45
116248 80683 3.276
80683 116248 3.276
80683 116247 3.4692
116247 80683 3.4692
121863 121864 9.8784
121864 121863 9.8784
121864 121865 5.4864
121865 121864 5.4864
121865 121866 2.8584
121866 121865 2.8584
121866 121844 3.3264
121844 121866 3.3264
121844 121845 4.7772
121845 121844 4.7772
121845 121846 8.7696
121846 121845 8.7696
121846 121847 7.3836
121847 121846 7.3836
121847 292442 12.7692
292442 121847 12.7692
292442 292448 26.802
292448 292442 26.802
292448 1266918 11.7576
1266918 292448 11.7576
1266918 292432 11.8872
292432 1266918 11.8872
292432 1266917 15.7032
1266917 292432 15.7032
1266917 1266915 4.2372
1266915 1266917 4.2372
1266915 1266914 24.9408
1266914 1266915 24.9408
121865 121867 5.8176
121867 121865 5.8176
121867 121848 21.2472
121848 121867 21.2472
121848 121849 5.1408
121849 121848 5.1408
121849 121850 4.2912
121850 121849 4.2912
121850 121851 8.0136
121851 121850 8.0136
121851 121852 9.1656
121852 121851 9.1656
121852 121853 3.0816
121853 121852 3.0816
121853 121854 3.708
121854 121853 3.708
121854 121855 4.7664
121855 121854 4.7664
59729 396697 8.1
396697 59729 8.1
396697 396694 16.722
396694 396697 16.722
396694 396693 26.2548
396693 396694 26.2548
396693 396688 14.4684
396688 396693 14.4684
396688 396684 8.8632
396684 396688 8.8632
396684 396680 25.452
396680 396684 25.452
396680 396675 26.046
396675 396680 26.046
396675 396674 7.704
396674 396675 7.704
396674 396677 31.1292
396677 396674 31.1292
121892 1155677 1.2312
1155677 121892 1.2312
1155677 1697060 1.3896
1697060 1155677 1.3896
1697060 121890 23.7312
121890 1697060 23.7312
121890 121891 5.7074
121891 121890 5.7074
121891 941348 22.9363
941348 121891 22.9363
941348 121887 0.7668
121887 941348 0.7668
121887 121888 5.5253
121888 121887 5.5253
121888 121889 6.9768
121889 121888 6.9768
121889 1685566 4.6512
1685566 121889 4.6512
1685566 941338 28.6078
941338 1685566 28.6078
941338 121886 0.594
121886 941338 0.594
121886 811022 11.8584
811022 121886 11.8584
811022 811021 14.737
811021 811022 14.737
811021 811020 6.7104
811020 811021 6.7104
811020 811019 8.7379
811019 811020 8.7379
811019 1889425 3.4315
1889425 811019 3.4315
1889425 811018 3.4769
811018 1889425 3.4769
811018 1889438 0.2038
1889438 811018 0.2038
1889438 811017 2.6914
811017 1889438 2.6914
811017 811015 5.6844
811015 811017 5.6844
811015 811014 15.2892
811014 811015 15.2892
941195 1444427 1.6308
1444427 941195 1.6308
1444427 121895 13.0284
121895 1444427 13.0284
121895 121896 6.0804
121896 121895 6.0804
121896 121897 10.4328
121897 121896 10.4328
121897 121898 10.5984
121898 121897 10.5984
121898 121899 6.3468
121899 121898 6.3468
121899 121900 20.5704
121900 121899 20.5704
121900 121901 5.328
121901 121900 5.328
121901 121902 4.104
121902 121901 4.104
121902 121903 23.9868
121903 121902 23.9868
121903 121904 3.0456
121904 121903 3.0456
121904 121905 14.8104
121905 121904 14.8104
121905 121906 6.1416
121906 121905 6.1416
121906 341086 16.0416
341086 121906 16.0416
341086 391813 15.318
391813 341086 15.318
391813 121907 1.8108
121907 391813 1.8108
121907 1266909 12.4956
1266909 121907 12.4956
1266909 340918 12.8196
340918 1266909 12.8196
340918 1266908 9.3384
1266908 340918 9.3384
1266908 340928 148.4892
340928 1266908 148.4892
340928 340944 4.7844
340944 340928 4.7844
32311 941193 1.0723
941193 32311 1.0723
941193 1622960 0.5786
