66705
451919 594842 0.7394
594842 13522 0.3816
13522 594841 0.4615
594841 389430 0.3614
389430 594840 0.2995
594840 594839 0.3431
594839 389428 0.301
389428 594838 0.2509
594838 13523 0.3438
13523 594837 0.3247
16431 292753 0.7282
292753 292779 0.721
292779 926661 0.7169
926661 292766 1.0656
16433 286460 1.3042
286460 286470 0.9031
286470 292763 0.6994
292763 286463 0.8486
286463 16434 1.2477
1056855 16438 0.7812
16438 16441 1.0771
16441 16439 0.9364
16439 16440 0.464
16440 854525 0.3082
854525 2015357 1.2956
23513 484588 3.4819
484588 23513 3.4819
484588 23514 2.2932
23514 484588 2.2932
23514 23515 2.5589
23515 23514 2.5589
23515 23516 1.9541
23516 23515 1.9541
23516 23517 1.5725
23517 23516 1.5725
23517 286556 2.2457
286556 23517 2.2457
286556 577205 3.0982
577205 286556 3.0982
577205 23518 0.8611
23518 577205 0.8611
23518 1133891 1.453
1133891 23518 1.453
1133891 23519 7.1251
23519 1133891 7.1251
23519 23520 6.4922
23520 23519 6.4922
23520 292772 7.9315
292772 23520 7.9315
292772 1070555 1.3997
1070555 292772 1.3997
1070555 1015152 1.7006
1015152 1070555 1.7006
1015152 27076 2.5351
27076 1015152 2.5351
26137 593240 1.6464
593240 10142 1.8888
10142 10143 1.875
10143 389442 1.0764
389442 389441 1.0926
389441 389440 1.0194
389440 10144 1.0398
10144 389444 2.9724
389444 10145 6.1116
10145 575094 1.98
575094 10146 2.2374
10146 1995717 2.3064
1995717 10147 1.662
10147 10148 6.2148
13524 13525 0.8989
13525 13524 0.8989
13525 592910 0.3614
592910 13525 0.3614
592910 592835 0.6797
592835 592910 0.6797
592835 592907 0.6134
592907 592835 0.6134
592907 41164 1.0919
41164 592907 1.0919
41164 594678 0.4723
594678 41164 0.4723
594678 593107 0.3262
593107 594678 0.3262
593107 13526 0.7398
13526 593107 0.7398
13526 1645152 1.0537
1645152 13526 1.0537
1645152 41165 0.2228
41165 1645152 0.2228
41165 230813 1.2798
230813 41165 1.2798
230813 593117 0.5098
593117 230813 0.5098
593117 1645153 0.8359
1645153 593117 0.8359
1645153 41166 1.1336
41166 1645153 1.1336
41166 13527 5.6675
13527 41166 5.6675
13527 593215 1.2503
593215 13527 1.2503
26682 292757 1.1067
292757 26683 0.6943
26683 926659 0.5997
926659 292769 0.5225
292769 16431 0.6614
23510 292777 1.0145
292777 23510 1.0145
292777 292771 1.4983
292771 292777 1.4983
292771 23502 0.977
23502 292771 0.977
23502 1660740 0.6005
1660740 23502 0.6005
1660740 1044610 0.1519
1044610 1660740 0.1519
1044610 389422 0.3161
389422 1044610 0.3161
389422 16430 1.1851
16430 389422 1.1851
16430 1044609 3.0773
1044609 16430 3.0773
1044609 16437 0.229
16437 1044609 0.229
23510 23503 1.2348
23503 23510 1.2348
23503 23504 5.2733
23504 23503 5.2733
23504 23505 2.317
23505 23504 2.317
23505 292748 1.2974
292748 23505 1.2974
292748 292770 1.867
292770 292748 1.867
292770 1787452 0.9425
1787452 292770 0.9425
16437 26684 4.9269
26684 16437 4.9269
26686 389424 3.5214
389424 389423 5.103
389423 26687 4.2624
26687 389438 5.1258
389438 593238 3.6996
593238 389436 3.5976
389436 26688 1.9938
26688 389435 1.6548
389435 26689 0.7812
26689 593237 0.8304
593237 26690 1.0062
26690 593231 1.3026
593231 26140 1.4058
230857 27025 23.3784
27025 230857 23.3784
27025 595157 35.7912
595157 27025 35.7912
595157 595158 32.2128
595158 595157 32.2128
595158 595159 23.2056
595159 595158 23.2056
595159 595160 20.0736
595160 595159 20.0736
595160 27026 18.7344
27026 595160 18.7344
27026 595491 92.1024
595491 27026 92.1024
595491 595161 22.5072
595161 595491 22.5072
595161 286547 7.5168
286547 595161 7.5168
286547 595492 6.1992
595492 286547 6.1992
595492 27027 6.9264
27027 595492 6.9264
27027 27028 17.8992
27028 27027 17.8992
27028 27029 42.4224
27029 27028 42.4224
27033 1056866 1.5264
1056866 27033 1.5264
1056866 27034 2.9076
27034 1056866 2.9076
27034 230850 4.7064
230850 27034 4.7064
230850 1133834 3.0864
1133834 230850 3.0864
1133834 230857 2.7396
230857 1133834 2.7396
230857 596659 9.0732
596659 230857 9.0732
596659 596658 0.8196
596658 596659 0.8196
596658 596657 0.8376
596657 596658 0.8376
596657 27035 1.7472
27035 596657 1.7472
27035 27030 1.7436
27030 27035 1.7436
27030 596735 1.6704
596735 27030 1.6704
27036 27037 1.8382
27037 27036 1.8382
27037 594513 0.9022
594513 27037 0.9022
594513 27038 2.7785
27038 594513 2.7785
27038 593225 1.0958
593225 27038 1.0958
593225 1133845 0.5602
1133845 593225 0.5602
1133845 605536 2.1017
605536 1133845 2.1017
605536 230833 1.4306
230833 605536 1.4306
230833 1133851 6.1049
1133851 230833 6.1049
1133851 1133857 0.9144
1133857 1133851 0.9144
1133857 593111 2.8872
593111 1133857 2.8872
593111 594471 3.3322
594471 593111 3.3322
594471 594490 2.8274
594490 594471 2.8274
594490 1133862 1.1945
1133862 594490 1.1945
1133862 594496 0.9986
594496 1133862 0.9986
594496 594497 0.9778
594497 594496 0.9778
594497 1133861 1.1873
1133861 594497 1.1873
1133861 27039 0.9526
27039 1133861 0.9526
27039 594503 0.4594
594503 27039 0.4594
594503 574962 7.3771
574962 594503 7.3771
574962 574504 0.6588
574504 574962 0.6588
574504 27040 7.9322
27040 574504 7.9322
27040 574994 4.6829
574994 27040 4.6829
574994 575007 8.3657
575007 574994 8.3657
575007 574131 1.7676
574131 575007 1.7676
574131 574132 3.1651
574132 574131 3.1651
574132 27050 0.7625
27050 574132 0.7625
27040 574985 4.9824
574985 27040 4.9824
574985 574512 4.2653
574512 574985 4.2653
574512 800605 1.0368
800605 574512 1.0368
800605 575061 3.4265
575061 800605 3.4265
575061 1663216 0.9187
1663216 575061 0.9187
1663216 574509 0.2678
574509 1663216 0.2678
574509 671469 1.0202
671469 574509 1.0202
671469 671466 2.3638
671466 671469 2.3638
671466 671465 0.7999
671465 671466 0.7999
671465 671463 0.5292
671463 671465 0.5292
671463 27041 6.5657
27041 671463 6.5657
27041 1099145 2.0657
1099145 27041 2.0657
1099145 520259 1.4357
520259 1099145 1.4357
520259 27042 9.2671
27042 520259 9.2671
27042 27043 2.9102
27043 27042 2.9102
27043 27044 3.2306
27044 27043 3.2306
27044 27045 4.8406
27045 27044 4.8406
27045 27046 2.1456
27046 27045 2.1456
27046 2015409 1.3601
2015409 27046 1.3601
27050 574114 0.5544
574114 27050 0.5544
574114 574115 0.6684
574115 574114 0.6684
574115 574984 1.44
574984 574115 1.44
574984 45653 1.4064
45653 574984 1.4064
45653 27058 1.1724
27058 45653 1.1724
27058 1823741 1.044
1823741 27058 1.044
1823741 1823740 0.4968
1823740 1823741 0.4968
1823740 572946 0.8904
572946 1823740 0.8904
572946 1424776 8.6808
1424776 572946 8.6808
1424776 27054 4.5252
27054 1424776 4.5252
27054 1424775 2.1612
1424775 27054 2.1612
27054 572926 21.2796
572926 27054 21.2796
572926 27055 21.5064
27055 572926 21.5064
27055 27056 8.9388
27056 27055 8.9388
27056 572945 20.3076
572945 27056 20.3076
572945 27057 11.268
27057 572945 11.268
27058 27059 15.3756
27059 27058 15.3756
27059 572929 3.7656
572929 27059 3.7656
572929 572930 4.7844
572930 572929 4.7844
572930 27060 4.3632
27060 572930 4.3632
27060 27068 12.0132
27068 27060 12.0132
27068 573515 4.338
573515 27068 4.338
573515 573516 4.4316
573516 573515 4.4316
573516 27061 11.1456
27061 573516 11.1456
27059 286544 13.8528
286544 27059 13.8528
286544 572932 31.2048
572932 286544 31.2048
572932 572933 16.1568
572933 572932 16.1568
572933 286494 14.9436
286494 572933 14.9436
286494 573507 3.2472
573507 286494 3.2472
573507 286532 11.6028
286532 573507 11.6028
286532 573508 2.1276
573508 286532 2.1276
573508 572938 2.1672
572938 573508 2.1672
572938 573509 1.8972
573509 572938 1.8972
573509 573510 1.4688
573510 573509 1.4688
573510 286572 1.5696
286572 573510 1.5696
286572 573511 1.404
573511 286572 1.404
573511 573512 1.4364
573512 573511 1.4364
573512 286510 2.5992
286510 573512 2.5992
286510 573513 4.9068
573513 286510 4.9068
573513 286535 4.7484
286535 573513 4.7484
286535 573514 2.6856
573514 286535 2.6856
573514 27067 2.07
27067 573514 2.07
27067 572937 23.2632
572937 27067 23.2632
572937 286482 22.8852
286482 572937 22.8852
286482 27068 46.53
27068 286482 46.53
27065 286497 3.852
286497 27065 3.852
286497 286562 27.9972
286562 286497 27.9972
286562 286520 9.5508
286520 286562 9.5508
286520 27069 3.3012
27069 286520 3.3012
286523 1582005 78.5088
1582005 286523 78.5088
1582005 286479 6.0696
286479 1582005 6.0696
27077 1056117 5.7456
1056117 27077 5.7456
1056117 27078 7.9488
27078 1056117 7.9488
27078 312716 9.918
312716 27078 9.918
312716 1056115 5.2416
1056115 312716 5.2416
1056115 27079 5.508
27079 1056115 5.508
27079 574109 9.4284
574109 27079 9.4284
574109 1478133 5.7312
1478133 574109 5.7312
1478133 27080 2.8404
27080 1478133 2.8404
27080 574110 12.0168
574110 27080 12.0168
574110 1529066 19.1376
1529066 574110 19.1376
1529066 27081 1.4436
27081 1529066 1.4436
389420 596720 4.23
596720 389420 4.23
596720 389418 2.97
389418 596720 2.97
389418 389411 19.0548
389411 389418 19.0548
389411 23522 7.6068
23522 389411 7.6068
23522 389410 9.918
389410 23522 9.918
389410 596717 3.4704
596717 389410 3.4704
596717 27082 4.0536
27082 596717 4.0536
27082 27083 5.9076
27083 27082 5.9076
27083 23523 5.4432
23523 27083 5.4432
27084 589397 24.6744
589397 589398 5.472
589398 1590967 6.0192
1590967 575098 5.8932
27411 27412 2.2776
27412 27411 2.2776
27412 27423 5.7972
27423 27412 5.7972
27423 956468 4.1028
956468 27423 4.1028
956468 44113 4.854
44113 956468 4.854
44113 27415 10.6296
27415 44113 10.6296
27415 27417 10.578
27417 27415 10.578
27417 27413 10.8144
27413 27417 10.8144
27413 956477 3.726
956477 27413 3.726
956477 1633640 1.0644
1633640 956477 1.0644
1633640 956476 1.0572
956476 1633640 1.0572
956476 956478 0.9516
956478 956476 0.9516
956478 1633639 5.37
1633639 956478 5.37
1633639 1633638 1.3812
1633638 1633639 1.3812
27414 27419 8.2788
27419 27414 8.2788
27419 1633641 1.4112
1633641 27419 1.4112
1633641 1633642 26.298
1633642 1633641 26.298
1633642 44113 31.0812
44113 1633642 31.0812
721522 1634006 20.0268
1634006 721522 20.0268
1634006 1410112 1.3656
1410112 1634006 1.3656
27416 27417 57.3792
27417 27416 57.3792
27418 27419 10.5072
27419 27418 10.5072
27419 27420 10.5996
27420 27419 10.5996
27420 27416 10.602
27416 27420 10.602
27416 27421 10.6092
27421 27416 10.6092
27421 27413 56.0616
27413 27421 56.0616
27422 27418 6.8832
27418 27422 6.8832
27418 1633643 14.0328
1633643 27418 14.0328
1633643 1633644 15.768
1633644 1633643 15.768
1633644 27423 29.874
27423 1633644 29.874
891951 1633638 2.31
1633638 891951 2.31
1633638 27427 4.296
27427 1633638 4.296
27427 1633646 1.7088
1633646 27427 1.7088
1633646 27426 2.4192
27426 1633646 2.4192
27426 27424 9.5136
27424 27426 9.5136
27424 27425 22.4424
27425 27424 22.4424
27436 1899235 0.5592
1899235 27436 0.5592
1899235 1899236 0.5592
1899236 1899235 0.5592
1899236 1899237 0.5592
1899237 1899236 0.5592
1899237 1899238 0.5592
1899238 1899237 0.5592
1899238 1899239 0.558
1899239 1899238 0.558
1899239 1899234 0.5592
1899234 1899239 0.5592
1899234 1899240 0.5592
1899240 1899234 0.5592
1899240 1899241 0.5592
1899241 1899240 0.5592
1899241 1899242 0.5592
1899242 1899241 0.5592
1899242 1899243 0.5604
1899243 1899242 0.5604
1899243 1899244 0.5592
1899244 1899243 0.5592
1899244 1899245 0.558
1899245 1899244 0.558
1899245 1899246 0.5592
1899246 1899245 0.5592
1899246 27436 0.5592
27436 1899246 0.5592
27436 1594096 21.1824
1594096 27436 21.1824
1594096 27437 6.81
27437 1594096 6.81
27437 1899230 1.1844
1899230 27437 1.1844
1899230 1899231 1.0176
1899231 1899230 1.0176
1899231 1899232 0.9012
1899232 1899231 0.9012
1899232 27438 0.9552
27438 1899232 0.9552
27438 1899233 0.9636
1899233 27438 0.9636
1899233 1136038 1.3632
1136038 1899233 1.3632
2015413 1136038 3.552
1136038 2015413 3.552
1835818 1835817 0.5484
1835817 1835818 0.5484
1835817 1136039 0.4476
1136039 1835817 0.4476
1136039 27467 24.078
27467 1136039 24.078
27467 1899793 0.3696
1899793 27467 0.3696
1899793 1295179 18.6036
1295179 1899793 18.6036
1295179 1899512 0.8028
1899512 1295179 0.8028
1899512 27466 0.4884
27466 1899512 0.4884
27466 1899513 0.4548
1899513 27466 0.4548
1899513 1899509 3.1344
1899509 1899513 3.1344
1899509 1295180 3.2148
1295180 1899509 3.2148
1295180 27465 7.0584
27465 1295180 7.0584
27465 1899510 6.0096
1899510 27465 6.0096
1899510 1295181 4.0128
1295181 1899510 4.0128
1295181 1899511 3.1308
1899511 1295181 3.1308
1899511 1835821 4.4772
1835821 1899511 4.4772
1835821 1835820 0.9672
1835820 1835821 0.9672
1835820 1835819 0.624
1835819 1835820 0.624
1835819 27464 0.7704
27464 1835819 0.7704
27464 1835824 8.0136
1835824 27464 8.0136
1835824 1835823 0.6672
1835823 1835824 0.6672
1835823 1835822 0.5988
1835822 1835823 0.5988
1835822 27463 0.51
27463 1835822 0.51
2015415 27463 1.05
27463 2015415 1.05
27467 1835816 15.7176
1835816 27467 15.7176
1835816 1835814 0.3024
1835814 1835816 0.3024
1835814 27470 0.3396
27470 1835814 0.3396
27470 1835815 0.324
1835815 27470 0.324
1835815 1835813 8.868
1835813 1835815 8.868
1835813 1835811 0.3336
1835811 1835813 0.3336
1835811 27471 0.366
27471 1835811 0.366
27471 1835812 0.3168
1835812 27471 0.3168
1835812 1835806 5.832
1835806 1835812 5.832
1835806 27472 0.3432
27472 1835806 0.3432
27472 1835804 0.4536
1835804 27472 0.4536
1835804 1835805 0.4092
1835805 1835804 0.4092
1835805 1295177 6.2832
1295177 1835805 6.2832
1295177 1899508 20.0388
1899508 1295177 20.0388
1899508 27473 0.5328
27473 1899508 0.5328
27473 1899506 0.3444
1899506 27473 0.3444
1899506 1899507 0.4092
1899507 1899506 0.4092
1899507 1899504 1.3848
1899504 1899507 1.3848
1899504 27474 0.3492
27474 1899504 0.3492
27474 1899503 0.3348
1899503 27474 0.3348
1899503 1899505 0.5592
1899505 1899503 0.5592
1899505 1899713 7.9728
1899713 1899505 7.9728
1899713 27475 7.8072
27475 1899713 7.8072
27475 1899514 0.2988
1899514 27475 0.2988
1899514 1835807 0.2904
1835807 1899514 0.2904
1835807 1899515 0.2676
1899515 1835807 0.2676
1899515 1835808 0.3552
1835808 1899515 0.3552
1835808 1835810 5.442
1835810 1835808 5.442
1835810 1899516 0.2844
1899516 1835810 0.2844
1899516 1835809 0.252
1835809 1899516 0.252
1835809 1899517 0.2532
1899517 1835809 0.2532
1899517 27476 0.2388
27476 1899517 0.2388
2015417 27476 16.2804
27476 2015417 16.2804
1835818 27468 0.4308
27468 1835818 0.4308
27468 27469 18.1404
27469 27468 18.1404
27469 1899799 0.6624
1899799 27469 0.6624
1899799 1899800 0.4584
1899800 1899799 0.4584
1899800 1835803 0.4008
1835803 1899800 0.4008
1835803 1837258 11.1396
1837258 1835803 11.1396
1837258 1136040 1.2648
1136040 1837258 1.2648
1136040 1837255 5.3904
1837255 1136040 5.3904
1837255 1136041 0.3
1136041 1837255 0.3
1136041 1899520 0.3816
1899520 1136041 0.3816
1899520 1837254 0.3372
1837254 1899520 0.3372
1837254 1837256 0.3552
1837256 1837254 0.3552
1837256 1136042 16.4232
1136042 1837256 16.4232
1136042 1899521 0.8448
1899521 1136042 0.8448
1899521 1837257 0.5676
1837257 1899521 0.5676
1837257 1899522 0.5316
1899522 1837257 0.5316
1899522 1899525 14.7648
1899525 1899522 14.7648
1899525 1837253 0.5676
1837253 1899525 0.5676
1837253 1899523 0.3048
1899523 1837253 0.3048
1899523 1899524 0.3936
1899524 1899523 0.3936
1899524 27480 0.4236
27480 1899524 0.4236
27480 1899526 19.9104
1899526 27480 19.9104
1899526 1837252 0.5724
1837252 1899526 0.5724
1837252 1899527 0.5136
1899527 1837252 0.5136
1899527 27481 0.8172
27481 1899527 0.8172
27481 1295171 7.4424
1295171 27481 7.4424
1295171 1899528 1.884
1899528 1295171 1.884
1899528 1837251 1.212
1837251 1899528 1.212
1837251 1899529 1.5984
1899529 1837251 1.5984
2015419 1899529 2.3532
1899529 2015419 2.3532
116749 1843466 4.7892
1843466 116749 4.7892
1843466 1843489 1.5504
1843489 1843466 1.5504
1843489 27579 0.4044
27579 1843489 0.4044
27579 1843490 0.378
1843490 27579 0.378
1843490 160141 29.4864
160141 1843490 29.4864
160141 1445568 17.4828
1445568 160141 17.4828
1445568 116762 4.1796
116762 1445568 4.1796
27583 1696722 22.5396
1696722 27583 22.5396
1696722 27584 0.2799
27584 1696722 0.2799
27590 27587 28.068
27591 1696708 17.0982
1696708 27591 17.0982
1696708 44109 0.3591
44109 1696708 0.3591
1563312 491762 4.5005
491762 1563312 4.5005
491762 94526 0.9699
94526 491762 0.9699
94526 1042704 0.9293
1042704 94526 0.9293
1042704 30781 1.9193
30781 1042704 1.9193
30781 552352 0.2242
552352 30781 0.2242
552352 30782 3.5136
30782 552352 3.5136
30782 1738270 0.3394
1738270 30782 0.3394
1738270 30783 0.3559
30783 1738270 0.3559
30783 1738269 0.3729
1738269 30783 0.3729
1738269 491764 0.3646
491764 1738269 0.3646
491764 443146 2.2629
443146 491764 2.2629
443146 443142 2.6018
443142 443146 2.6018
443142 901870 1.3824
901870 443142 1.3824
901870 30784 1.621
30784 901870 1.621
30784 443144 0.9627
443144 30784 0.9627
443144 901871 1.2986
901871 443144 1.2986
901871 912789 0.3137
912789 901871 0.3137
912789 30785 0.2679
30785 912789 0.2679
30785 30786 0.2366
30786 30785 0.2366
30786 927186 0.1779
927186 30786 0.1779
30783 1368596 3.6792
1368596 30783 3.6792
1368596 30796 3.3768
30796 1368596 3.3768
33197 1368602 0.4248
1368602 33197 0.4248
1368602 1776303 0.882
1776303 1368602 0.882
1776303 30800 4.3968
30800 1776303 4.3968
30800 1776307 0.6432
1776307 30800 0.6432
1776307 30801 6.51
30801 1776307 6.51
30801 1738288 1.2876
1738288 30801 1.2876
1738288 1738298 0.7524
1738298 1738288 0.7524
1738298 1776292 1.0176
1776292 1738298 1.0176
1776292 30802 0.9732
30802 1776292 0.9732
30802 1776201 1.788
1776201 30802 1.788
1776201 30803 2.112
30803 1776201 2.112
30803 30804 6.2904
30804 30803 6.2904
30804 491749 5.7144
491749 30804 5.7144
491749 30805 2.7528
30805 491749 2.7528
30805 30806 12.066
30806 30805 12.066
30806 30807 9.1248
30807 30806 9.1248
1368610 613117 1.4914
613117 1368610 1.4914
613117 613115 8.2661
613115 613117 8.2661
613115 1368621 2.8178
1368621 613115 2.8178
30811 1372038 0.2947
1372038 30811 0.2947
1372038 326957 0.4495
326957 1372038 0.4495
326957 326913 0.432
326913 326957 0.432
326913 2015481 6.5654
2015481 326913 6.5654
1070401 523310 0.9648
523310 1070401 0.9648
523310 31620 1.9152
31620 523310 1.9152
31620 31621 4.0313
31621 31620 4.0313
31621 869990 0.9223
869990 31621 0.9223
869990 869991 1.0872
869991 869990 1.0872
869991 523311 14.0796
523311 869991 14.0796
523311 869992 7.3339
869992 523311 7.3339
31597 523319 1.1002
523319 31597 1.1002
523319 870038 7.1251
870038 523319 7.1251
870038 1335985 27.7351
1335985 870038 27.7351
1335985 1807782 18.9648
1807782 1335985 18.9648
31609 523322 1.17
523322 31609 1.17
523322 31615 7.6044
31615 523322 7.6044
31615 523682 3.492
523682 31615 3.492
911561 31694 4.662
31694 911561 4.662
31694 31695 34.5456
31695 31694 34.5456
31695 1296025 6.7032
1296025 31695 6.7032
1296025 629977 17.244
629977 1296025 17.244
629977 31696 1.9836
31696 629977 1.9836
31696 567691 5.4612
567691 31696 5.4612
567691 754717 4.0968
754717 567691 4.0968
754717 31697 8.8056
31697 754717 8.8056
31697 31698 21.888
31698 31697 21.888
31698 575771 3.4272
575771 31698 3.4272
575771 857308 10.7532
857308 575771 10.7532
857308 629978 1.4256
629978 857308 1.4256
629978 31699 15.1776
31699 629978 15.1776
31699 629979 13.1328
629979 31699 13.1328
629979 31700 10.7136
31700 629979 10.7136
31700 629980 7.596
629980 31700 7.596
629980 31701 9.7236
31701 629980 9.7236
31701 31702 12.888
31702 31701 12.888
31702 31703 10.26
31703 31702 10.26
31703 857311 4.3704
857311 31703 4.3704
857311 31704 4.2948
31704 857311 4.2948
31704 721008 34.848
721008 31704 34.848
721008 721009 5.8032
721009 721008 5.8032
721009 31705 13.482
31705 721009 13.482
31705 721010 2.9916
721010 31705 2.9916
721010 31706 2.8368
31706 721010 2.8368
31706 31707 2.7144
31707 31706 2.7144
31707 31708 52.3692
31708 31707 52.3692
31708 31709 7.4916
31709 31708 7.4916
31709 519506 10.2816
519506 31709 10.2816
519506 721002 12.8268
721002 519506 12.8268
721002 721003 5.1192
721003 721002 5.1192
721003 31710 5.9616
31710 721003 5.9616
31710 721001 5.9076
721001 31710 5.9076
721001 1048772 4.9248
1048772 721001 4.9248
1048772 474768 5.9616
474768 1048772 5.9616
26701 820079 0.2057
820079 26701 0.2057
820079 39535 0.2073
39535 820079 0.2073
39535 820086 0.1831
820086 39535 0.1831
820086 940065 0.1543
940065 820086 0.1543
940065 556270 0.1851
556270 940065 0.1851
556270 1177942 0.1527
1177942 556270 0.1527
1177942 39532 0.2037
39532 1177942 0.2037
1178846 534189 0.2937
534189 1178846 0.2937
534189 534191 0.3384
534191 534189 0.3384
534191 559143 0.2458
559143 534191 0.2458
559143 39544 0.3214
39544 559143 0.3214
39544 559144 0.3034
559144 39544 0.3034
559144 39545 0.324
39545 559144 0.324
39545 1646712 0.1908
1646712 39545 0.1908
1646712 559145 0.1949
559145 1646712 0.1949
559145 1177978 0.2973
1177978 559145 0.2973
1177978 26703 0.2103
26703 1177978 0.2103
26703 90644 0.8331
90644 26703 0.8331
41168 41175 7.1064
41175 41168 7.1064
41175 1056862 1.926
1056862 41175 1.926
1056862 594527 7.7796
594527 1056862 7.7796
594527 594530 26.2764
594530 594527 26.2764
594530 41176 3.0492
41176 594530 3.0492
41176 1185064 2.8944
1185064 41176 2.8944
1185064 594531 2.1564
594531 1185064 2.1564
594531 41177 1.7496
41177 594531 1.7496
41177 594532 6.2172
594532 41177 6.2172
594532 594535 14.5584
594535 594532 14.5584
594535 41178 4.4028
41178 594535 4.4028
41178 594538 65.6424
594538 41178 65.6424
594538 41179 5.7312
41179 594538 5.7312
41168 41169 10.0476
41169 41170 3.9996
41170 1645157 1.5552
1645157 41171 1.818
41171 41172 3.7548
41172 594517 5.1804
594517 41173 6.57
521464 521468 14.1996
521468 57118 1.2744
522040 646728 2.1816
646728 522040 2.1816
646728 216374 12.0744
216374 646728 12.0744
216374 829196 27.2736
829196 216374 27.2736
829196 850396 1.9836
850396 829196 1.9836
850396 57121 1.0332
57121 850396 1.0332
695057 695056 0.3266
695056 695057 0.3266
695056 521037 2.357
521037 695056 2.357
521037 521036 2.2469
521036 521037 2.2469
521036 899263 1.6359
899263 521036 1.6359
899263 521035 0.3996
521035 899263 0.3996
521035 695053 1.6128
695053 521035 1.6128
695053 680766 0.2556
680766 695053 0.2556
680766 57126 0.3091
57126 680766 0.3091
90627 636398 1.8588
636398 90627 1.8588
636398 636399 1.7712
636399 636398 1.7712
636399 829173 0.888
829173 636399 0.888
829173 500695 1.764
500695 829173 1.764
57173 530464 1.0224
530464 57170 2.1297
57173 2015837 2.0232
99818 829661 0.4073
641517 641514 0.8805
641514 641517 0.8805
641514 1820380 7.7991
1820380 641514 7.7991
1820380 1871805 5.2467
1871805 1820380 5.2467
1871805 1871809 0.0396
1871809 1871805 0.0396
1871809 869949 0.2366
869949 1871809 0.2366
869949 67175 1.2194
67175 869949 1.2194
67175 869944 1.0049
869944 67175 1.0049
869944 766626 5.3218
766626 869944 5.3218
766626 160810 8.2054
160810 766626 8.2054
2015978 160810 2.3457
160810 2015978 2.3457
67407 462739 0.7488
462739 67407 0.7488
462739 158353 8.9811
158353 462739 8.9811
158353 158365 8.1936
158365 158353 8.1936
158365 1135976 7.3953
1135976 158365 7.3953
1135976 159509 3.7089
159509 1135976 3.7089
159509 682267 7.0461
682267 159509 7.0461
682267 1203397 2.6685
1203397 682267 2.6685
1203397 67408 1.2735
67408 1203397 1.2735
67408 116743 2.1987
116743 67408 2.1987
116743 1059240 13.2759
1059240 116743 13.2759
1059240 682262 4.6854
682262 1059240 4.6854
682262 678477 5.7555
678477 682262 5.7555
678477 67409 0.6588
67409 678477 0.6588
57173 2016018 0.2201
2016018 57173 0.2201
9490 869745 1.5142
869745 9489 0.6077
9489 451357 3.1183
451357 869689 1.5631
869689 9488 1.3925
9488 523196 2.2104
523196 523199 0.8978
523199 523190 1.4623
523190 9487 1.733
9487 523195 1.5962
523195 523193 1.6214
523193 9486 1.787
9486 523201 1.5588
523201 523191 1.8382
523191 9485 1.6884
9485 523194 1.5638
523194 829735 1.633
829735 1645184 0.9497
1645184 523189 0.7726
523189 9484 1.4976
9484 523203 4.1033
523203 1838200 2.8721
1838200 838307 1.962
838307 838309 4.4806
838309 694963 2.4473
694963 829755 4.5266
829755 9483 4.8334
1177978 534192 0.6768
534192 559146 0.2642
559146 39540 0.2671
39540 559147 0.4651
559147 116634 0.3823
116634 820137 0.2945
820137 26704 0.3406
26702 820089 0.6809
820089 26702 0.6809
820089 820083 0.7689
820083 820089 0.7689
820083 26701 0.6737
26701 820083 0.6737
26701 90652 0.2366
90652 26701 0.2366
90652 820224 0.198
820224 90652 0.198
820224 558332 0.6017
558332 820224 0.6017
558332 556261 0.6974
556261 558332 0.6974
556261 90645 1.9095
90645 556261 1.9095
90645 1687721 0.7071
1687721 90645 0.7071
882592 632548 5.292
632548 517495 0.8136
517495 882591 2.8098
882591 114057 2.9538
114057 632547 1.0134
632547 465004 10.9602
465004 519939 4.0716
519939 564488 1.7946
564488 516359 0.9522
516359 844360 2.4102
844360 517575 2.6946
517575 516362 5.6556
516362 517588 5.0724
517588 516360 6.0246
516360 517581 5.1444
517581 456361 5.9922
456361 519824 1.2258
519824 638607 5.5512
638607 531508 3.9204
531508 638606 1.1808
638606 638605 2.5128
638605 519817 2.8026
519817 519841 7.2756
519841 630758 1.3536
630758 713556 0.7956
713556 519834 1.5462
519834 116520 2.0052
116520 519830 4.4352
519830 519822 2.7036
519822 631726 1.4472
631726 680767 0.9792
680767 644969 1.2294
9477 940071 0.456
940071 9477 0.456
940071 646361 0.1452
646361 940071 0.1452
646361 1116061 4.0956
1116061 646361 4.0956
1116061 531607 4.2936
531607 1116061 4.2936
531607 1531765 11.5224
1531765 531607 11.5224
1531765 88232 1.3248
88232 1531765 1.3248
88232 820809 0.3048
820809 88232 0.3048
820809 1116055 8.6052
1116055 820809 8.6052
1116055 90562 2.4732
90562 1116055 2.4732
90562 88233 11.31
88233 90562 11.31
88233 88234 5.9808
88234 88233 5.9808
88234 88235 1.7736
88235 88234 1.7736
88232 1019391 1.5588
1019391 531604 9.5436
531604 155255 3.1524
155255 531605 2.3988
531605 90560 10.8984
90560 994891 0.7704
1116045 90561 14.5884
90561 1116045 14.5884
90561 622325 6.3816
622325 90561 6.3816
155255 818111 0.3036
818111 155255 0.3036
818111 1246354 6.8952
1246354 818111 6.8952
1246354 1246355 2.2668
1246355 1246354 2.2668
1246355 90561 1.9188
90561 1246355 1.9188
90561 809210 2.7912
809210 90561 2.7912
809210 90563 8.6592
90563 809210 8.6592
88237 90563 12.9216
90563 88237 12.9216
602261 809680 7.71
809680 602261 7.71
809680 577976 1.9848
577976 809680 1.9848
577976 809677 3.6564
809677 577976 3.6564
809677 518919 0.564
518919 809677 0.564
518919 90566 0.258
90566 518919 0.258
90566 809676 0.5148
809676 90566 0.5148
809676 809675 0.4608
809675 809676 0.4608
809675 809673 1.7304
809673 809675 1.7304
809673 809671 1.8396
809671 809673 1.8396
809671 809670 2.784
809670 809671 2.784
809670 809669 3.1944
809669 809670 3.1944
809669 809668 1.5768
809668 809669 1.5768
809668 809667 1.6956
809667 809668 1.6956
809667 809666 6.9252
809666 809667 6.9252
809666 90567 0.4476
90567 809666 0.4476
90619 101975 2.903
101975 90619 2.903
101975 658011 0.6991
658011 101975 0.6991
658011 90570 0.5515
90570 658011 0.5515
90564 620419 0.7836
620419 90564 0.7836
620419 90569 23.6784
90569 620419 23.6784
90569 1116032 0.3816
1116032 90569 0.3816
1116032 533542 5.7228
533542 1116032 5.7228
642116 812915 0.3372
812915 642116 0.3372
812915 800630 0.324
800630 812915 0.324
800630 812916 0.2496
812916 800630 0.2496
812916 533543 0.282
533543 812916 0.282
533543 1266499 1.3776
1266499 533543 1.3776
1266499 829166 0.4872
829166 1266499 0.4872
829166 1169555 5.2908
1169555 829166 5.2908
1169555 1531850 2.172
1531850 1169555 2.172
1531850 90614 5.8872
90614 1531850 5.8872
90614 90615 3.8412
90615 90614 3.8412
90615 1116038 17.5164
1116038 90615 17.5164
1116038 1266498 0.4812
1266498 1116038 0.4812
1266498 90570 0.8796
90570 1266498 0.8796
90570 533537 9.0468
533537 90570 9.0468
533537 90616 3.756
90616 533537 3.756
90616 533538 3.2736
533538 90616 3.2736
533538 540629 5.7528
540629 533538 5.7528
540629 809648 0.8376
809648 540629 0.8376
809648 90565 0.852
90565 809648 0.852
90619 671501 1.3169
671501 90619 1.3169
671501 818145 0.7078
818145 671501 0.7078
818145 1100710 2.237
1100710 818145 2.237
1100710 642801 0.8647
642801 1100710 0.8647
642801 533546 0.468
533546 642801 0.468
533546 818142 0.4759
818142 533546 0.4759
818142 1100709 0.8467
1100709 818142 0.8467
1100709 642798 6.3446
642798 1100709 6.3446
642795 1531852 3.3708
1531852 642795 3.3708
1531852 1531847 7.5732
1531847 1531852 7.5732
1531847 90614 3.9372
90614 1531847 3.9372
99817 818097 0.3252
818097 99817 0.3252
818097 809647 14.1924
809647 818097 14.1924
809647 90616 6.8172
90616 809647 6.8172
90621 1167163 3.1164
1167163 90621 3.1164
1167163 1049465 0.468
1049465 1167163 0.468
1049465 304773 0.7224
304773 1049465 0.7224
1100741 1167206 0.5767
1167206 1100741 0.5767
1167206 695393 2.2658
695393 1167206 2.2658
695393 564512 3.6137
564512 695393 3.6137
564512 695021 0.2959
695021 564512 0.2959
695021 695022 0.2621
695022 695021 0.2621
521123 940045 0.3499
940045 521123 0.3499
940045 646763 0.144
646763 940045 0.144
646763 1656407 0.9576
1656407 646763 0.9576
1656407 522943 0.1584
522943 1656407 0.1584
522943 1656411 1.8274
1656411 522943 1.8274
1656411 542058 0.6314
542058 1656411 0.6314
542058 90625 2.6928
90625 542058 2.6928
90625 1747704 2.8433
1747704 90625 2.8433
1747704 2016308 0.5443
2016308 1747704 0.5443
97540 646760 1.548
646760 97540 1.548
646760 814078 3.2652
814078 646760 3.2652
814078 695369 11.664
695369 814078 11.664
564503 646755 0.6019
646755 564503 0.6019
646755 814069 0.3895
814069 646755 0.3895
814069 552250 2.3227
552250 814069 2.3227
552250 1050607 0.4349
1050607 552250 0.4349
1050607 1059117 6.0883
1059117 1050607 6.0883
1059117 90624 2.6309
90624 1059117 2.6309
97539 646749 0.51
646749 97539 0.51
646749 522953 5.8188
522953 646749 5.8188
522953 695403 14.2884
695403 522953 14.2884
695403 90623 0.4284
90623 695403 0.4284
108177 951932 1.5228
951932 108177 1.5228
951932 645291 1.9524
645291 951932 1.9524
645291 646632 2.886
646632 645291 2.886
646632 644962 2.034
644962 646632 2.034
644962 630783 0.9288
630783 644962 0.9288
630783 587679 3.2724
587679 630783 3.2724
587679 90629 2.4216
90629 587679 2.4216
90629 630785 1.1844
630785 90629 1.1844
630785 1177740 0.8568
1177740 630785 0.8568
1177740 519793 1.0776
519793 1177740 1.0776
519793 630786 1.7268
630786 519793 1.7268
630786 519791 1.7064
519791 630786 1.7064
519791 519792 3.954
519792 519791 3.954
519792 645004 1.59
645004 519792 1.59
645004 645005 1.098
645005 645004 1.098
645005 90630 1.7916
90630 645005 1.7916
90630 754584 1.6056
754584 90630 1.6056
754584 90631 1.6716
90631 754584 1.6716
90631 654150 1.5216
654150 90631 1.5216
654150 645003 5.088
645003 654150 5.088
645003 645002 2.1792
645002 645003 2.1792
645002 645001 2.2188
645001 645002 2.2188
645001 90632 1.8372
90632 645001 1.8372
90631 646630 71.8704
646630 90631 71.8704
558891 136452 1.1371
136452 558891 1.1371
136452 558884 2.7129
558884 136452 2.7129
558884 518459 0.5662
518459 558884 0.5662
518459 559165 0.3698
559165 518459 0.3698
90619 90643 2.5284
90643 90619 2.5284
90643 90571 4.4688
90571 90643 4.4688
90571 90567 6.5964
90567 90571 6.5964
90615 533547 9.792
533547 90615 9.792
533547 818138 4.8204
818138 533547 4.8204
818138 91363 1.5408
91363 818138 1.5408
1169555 1169556 1.5804
1169556 1169555 1.5804
1169556 534020 0.2808
534020 1169556 0.2808
534020 534019 2.1996
534019 534020 2.1996
534019 534018 2.478
534018 534019 2.478
534018 534029 4.2768
534029 534018 4.2768
534029 534016 0.9336
534016 534029 0.9336
534016 1531846 0.5892
1531846 534016 0.5892
1531846 101981 3.744
101981 1531846 3.744
101981 101979 4.3572
101979 101981 4.3572
101979 534012 0.6876
534012 101979 0.6876
534012 642791 3.1884
642791 534012 3.1884
642791 642790 0.6372
642790 642791 0.6372
642790 101980 0.7164
101980 642790 0.7164
114030 312261 7.074
312261 114030 7.074
312261 2016354 12.8412
2016354 312261 12.8412
26706 810070 4.9536
810070 26706 4.9536
810070 622303 10.7208
622303 810070 10.7208
622303 533540 51.66
533540 622303 51.66
533540 682998 16.956
682998 533540 16.956
682998 26707 16.5672
26707 682998 16.5672
26707 644939 29.304
644939 26707 29.304
644939 944722 6.3576
944722 644939 6.3576
944722 683000 4.0752
683000 944722 4.0752
94517 500831 2.9898
500831 94517 2.9898
500831 94518 1.6857
94518 500831 1.6857
94518 754666 3.0582
754666 94518 3.0582
754666 1023327 1.809
1023327 754666 1.809
1023327 94519 0.4194
94519 1023327 0.4194
94519 297355 1.7694
297355 94519 1.7694
297355 731736 0.9558
731736 297355 0.9558
731736 94520 1.1205
94520 731736 1.1205
94520 1048524 4.5819
1048524 94520 4.5819
1048524 500827 0.1386
500827 1048524 0.1386
500827 731735 0.9819
731735 500827 0.9819
731735 160221 0.8262
160221 731735 0.8262
160221 731734 0.7326
731734 160221 0.7326
731734 94521 0.8028
94521 731734 0.8028
94521 1048521 1.2177
1048521 94521 1.2177
1048521 1451708 15.1866
1451708 1048521 15.1866
30807 491748 11.2752
491748 30807 11.2752
491748 500802 8.8452
500802 491748 8.8452
500802 491753 69.9228
491753 500802 69.9228
491753 424649 83.3328
424649 491753 83.3328
94532 666935 0.528
666935 94532 0.528
666935 305322 7.5456
305322 666935 7.5456
305322 666762 4.7748
666762 305322 4.7748
666762 666763 3.3324
666763 666762 3.3324
666763 305342 1.9656
305342 666763 1.9656
305342 666994 3.156
666994 305342 3.156
666994 1601251 1.1844
1601251 666994 1.1844
1601251 666761 0.984
666761 1601251 0.984
666761 305325 3.0588
305325 666761 3.0588
305325 666987 2.5824
666987 305325 2.5824
666987 666984 4.962
666984 666987 4.962
666984 305328 0.2604
305328 666984 0.2604
305328 1371859 2.8104
1371859 305328 2.8104
1371859 666982 2.5056
666982 1371859 2.5056
666982 305339 1.2924
305339 666982 1.2924
305339 1601481 1.386
1601481 305339 1.386
1601481 1601087 0.4068
1601087 1601481 0.4068
1601087 1371858 1.6728
1371858 1601087 1.6728
1371858 305331 1.4784
305331 1371858 1.4784
305331 1371857 2.262
1371857 305331 2.262
1371857 305344 1.404
305344 1371857 1.404
305344 1371855 1.0776
1371855 305344 1.0776
1371855 1371856 1.4472
1371856 1371855 1.4472
1371856 500769 1.5288
500769 1371856 1.5288
500769 1601301 1.2432
1601301 500769 1.2432
1601301 500768 2.9208
500768 1601301 2.9208
500768 1601316 5.5824
1601316 500768 5.5824
1601316 500767 0.5892
500767 1601316 0.5892
500767 305321 4.2312
305321 500767 4.2312
305321 94531 4.458
94531 305321 4.458
829774 101421 0.3739
101421 829774 0.3739
101421 849668 0.3137
849668 101421 0.3137
849668 568688 0.4505
568688 849668 0.4505
568688 604391 1.0157
604391 568688 1.0157
604391 604390 4.8261
604390 604391 4.8261
604390 1517539 0.3852
1517539 604390 0.3852
1517539 564891 2.0674
564891 1517539 2.0674
564891 903039 6.7886
903039 564891 6.7886
903039 903036 1.1602
903036 903039 1.1602
903036 101422 0.6969
101422 903036 0.6969
101422 564884 0.1944
564884 101422 0.1944
564884 564883 0.4197
564883 564884 0.4197
564883 114043 0.3147
114043 564883 0.3147
101419 872414 2.3796
872414 101419 2.3796
872414 634776 1.2132
634776 872414 1.2132
634776 1265378 1.116
1265378 634776 1.116
1265378 152957 23.2236
152957 1265378 23.2236
91363 566197 8.8956
566197 91363 8.8956
566197 534028 12.3048
534028 566197 12.3048
534028 101979 10.6344
101979 534028 10.6344
101981 101982 22.2768
101982 101981 22.2768
101982 534023 5.2488
534023 101982 5.2488
534023 534011 9.306
534011 534023 9.306
534011 101983 3.0168
101983 534011 3.0168
101983 1531883 6.6672
1531883 101983 6.6672
1531883 642788 2.8764
642788 1531883 2.8764
642788 101984 1.9188
101984 642788 1.9188
23513 1271653 2.646
1271653 23513 2.646
1271653 1271652 1.368
1271652 1271653 1.368
1271652 102102 4.23
102102 1271652 4.23
23513 577015 2.952
577015 23513 2.952
577015 102104 4.5468
102104 577015 4.5468
451364 1070310 0.6847
1070310 451364 0.6847
1070310 1480166 0.4104
1480166 1070310 0.4104
1480166 451365 0.4817
451365 1480166 0.4817
451365 451366 0.4738
451366 451365 0.4738
451366 451367 0.4867
451367 451366 0.4867
102461 1998583 1.0318
1998583 102461 1.0318
1998583 1266506 0.3406
1266506 1998583 0.3406
1266506 1780330 3.2558
1780330 1266506 3.2558
1780330 1442962 1.8094
1442962 1780330 1.8094
1442962 1531717 1.9807
1531717 1442962 1.9807
1531717 102462 1.7957
102462 1531717 1.7957
102462 451368 1.2247
451368 102462 1.2247
451368 451369 0.8208
451369 451368 0.8208
451369 451370 0.7596
451370 451369 0.7596
451370 102463 1.0368
102463 451370 1.0368
102463 1333083 3.0787
1333083 102463 3.0787
1333083 500723 0.5018
500723 1333083 0.5018
500723 1178171 0.6091
1178171 500723 0.6091
1178171 102464 4.6447
102464 1178171 4.6447
102464 1851369 1.7978
1851369 102464 1.7978
1851369 1016696 4.1609
1016696 1851369 4.1609
1016696 102465 1.7676
102465 1016696 1.7676
102465 102466 4.3171
102466 102465 4.3171
102466 1020846 5.9803
1020846 102466 5.9803
1020846 102467 1.7964
102467 1020846 1.7964
102467 1266502 7.5247
1266502 102467 7.5247
1266502 102468 0.7042
102468 1266502 0.7042
102468 1117813 1.2593
1117813 102468 1.2593
1117813 519216 0.7783
519216 1117813 0.7783
519216 519215 3.0578
519215 519216 3.0578
519215 102471 1.4126
102471 519215 1.4126
102471 102469 0.4817
102469 102471 0.4817
102469 1529059 0.2794
1529059 102469 0.2794
1529059 1001798 0.2786
1001798 1529059 0.2786
1001798 1016730 0.8618
1016730 1001798 0.8618
1016730 102470 3.1162
102470 1016730 3.1162
102470 1985791 1.849
1985791 102470 1.849
1985791 488842 2.2471
488842 1985791 2.2471
488842 1985790 4.7203
1985790 488842 4.7203
1985790 500750 4.0932
500750 1985790 4.0932
500750 1014741 6.2741
1014741 500750 6.2741
1014741 488843 2.687
488843 1014741 2.687
488843 736458 1.3421
736458 488843 1.3421
736458 500753 2.7835
500753 736458 2.7835
500753 736469 3.1126
736469 500753 3.1126
736469 500755 3.5554
500755 736469 3.5554
500755 160085 4.482
160085 500755 4.482
160085 160086 2.7929
160086 160085 2.7929
160086 489872 3.7073
489872 160086 3.7073
489872 160087 3.8275
160087 489872 3.8275
160087 160088 2.8447
160088 160087 2.8447
160088 160089 0.6098
160089 160088 0.6098
160089 160090 4.3164
160090 160089 4.3164
160090 160083 3.9938
160083 160090 3.9938
160083 160082 0.6372
160082 160083 0.6372
26697 966210 0.127
966210 26697 0.127
966210 622116 0.1239
622116 966210 0.1239
622116 1078889 0.7581
1078889 622116 0.7581
312246 311787 4.847
311787 312246 4.847
311787 695466 4.4582
695466 311787 4.4582
695466 127931 0.1735
127931 695466 0.1735
127931 304778 3.4459
304778 127931 3.4459
304778 695004 3.3185
695004 304778 3.3185
695004 520153 3.001
520153 695004 3.001
520153 718285 0.4025
718285 520153 0.4025
718285 695243 0.3442
695243 718285 0.3442
695243 940039 0.7099
940039 695243 0.7099
940039 114024 0.3895
114024 940039 0.3895
114026 644684 2.142
644684 114026 2.142
644684 530461 5.544
530461 644684 5.544
530461 696642 1.9368
696642 530461 1.9368
696642 692591 1.8036
692591 696642 1.8036
692591 530470 1.6596
530470 692591 1.6596
530470 530465 6.8652
530465 530470 6.8652
530465 638727 2.304
638727 530465 2.304
638727 114027 7.4556
114027 638727 7.4556
139441 644929 1.9008
644929 139441 1.9008
644929 530463 9.036
530463 644929 9.036
530463 638730 4.9968
638730 530463 4.9968
638730 139442 8.9856
139442 638730 8.9856
829689 829690 0.8798
829690 829689 0.8798
829690 600398 1.3759
600398 829690 1.3759
600398 114036 0.8892
114036 600398 0.8892
114036 855999 0.4082
855999 114036 0.4082
855999 856000 0.4752
856000 855999 0.4752
856000 855998 0.5933
855998 856000 0.5933
855998 855997 0.5796
855997 855998 0.5796
855997 855995 0.6797
855995 855997 0.6797
855995 1041284 2.1586
1041284 855995 2.1586
1041284 564614 0.1303
564614 1041284 0.1303
564614 1041283 0.432
1041283 564614 0.432
1041283 1041282 1.0692
1041282 1041283 1.0692
1041282 1041279 0.8078
1041279 1041282 0.8078
1041279 969604 0.6451
969604 1041279 0.6451
969604 863970 0.0864
863970 969604 0.0864
863970 57128 0.4342
57128 863970 0.4342
829684 695235 0.3298
695235 829684 0.3298
695235 1645504 0.2484
1645504 695235 0.2484
1645504 829800 0.2063
829800 1645504 0.2063
829800 114024 0.5252
114024 829800 0.5252
114037 680764 1.7805
680764 114037 1.7805
680764 829695 0.3353
829695 680764 0.3353
114037 520154 2.4058
520154 114037 2.4058
520154 1175373 1.1962
1175373 520154 1.1962
1175373 114035 0.8049
114035 1175373 0.8049
114035 1004442 0.6094
1004442 114035 0.6094
1004442 1305200 0.9015
1305200 1004442 0.9015
1305200 695080 0.8542
695080 1305200 0.8542
695080 564537 1.4009
564537 695080 1.4009
564537 1446261 3.4246
1446261 564537 3.4246
1446261 312247 0.5642
312247 1446261 0.5642
312247 1446262 0.5302
1446262 312247 0.5302
1446262 680765 1.2297
680765 1446262 1.2297
680765 597111 0.3939
597111 680765 0.3939
500689 882583 0.7932
882583 500689 0.7932
882583 882582 0.7152
882582 882583 0.7152
