36524
13539 600933 7.4124
600933 13539 7.4124
600933 1490589 10.1196
1490589 600933 10.1196
1490589 1543342 21.4164
1543342 1490589 21.4164
1543342 603849 83.1204
603849 1543342 83.1204
603849 1490595 74.1492
1490595 603849 74.1492
1490595 603846 21.564
603846 1490595 21.564
603846 13540 18.666
13540 603846 18.666
13541 13551 39.234
13551 13541 39.234
13551 600892 5.0268
600892 13551 5.0268
600892 13542 2.2464
13542 600892 2.2464
13551 600797 150.408
600797 13551 150.408
600797 600805 134.172
600805 600797 134.172
600805 600570 47.5992
600570 600805 47.5992
13592 13593 13.2574
13593 13592 13.2574
13598 1953576 0.2869
1953576 13598 0.2869
1953576 13597 0.166
13597 1953576 0.166
13597 1700870 1.5869
1700870 13597 1.5869
1700870 13596 1.229
13596 1700870 1.229
13596 1700871 0.7632
1700871 13596 0.7632
1700871 541557 1.2294
541557 1700871 1.2294
541557 1088640 1.6888
1088640 541557 1.6888
1088640 1088648 0.2412
1088648 1088640 0.2412
1088648 13595 0.5274
13595 1088648 0.5274
13595 13594 1.3975
13594 13595 1.3975
16285 68535 0.8784
68535 1873500 0.5652
1873500 1873501 0.7632
1873501 1805661 3.8652
1805661 1460491 1.0968
1460491 80620 1.278
20492 20493 13.0356
20493 20492 13.0356
20493 1449991 2.946
1449991 20493 2.946
1449991 20479 2.3964
20479 1449991 2.3964
20479 1449993 6.6684
1449993 20479 6.6684
1449993 20480 4.806
20480 1449993 4.806
20480 1449994 5.6364
1449994 20480 5.6364
1449994 20481 5.2068
20481 1449994 5.2068
20481 1449983 1.0548
1449983 20481 1.0548
1449983 1449996 4.4844
1449996 1449983 4.4844
1449996 20482 2.3148
20482 1449996 2.3148
20482 1449997 3.3636
1449997 20482 3.3636
1449997 20483 3.5688
20483 1449997 3.5688
20483 1449998 2.724
1449998 20483 2.724
1449998 20484 3.0084
20484 1449998 3.0084
20484 1450002 3.1572
1450002 20484 3.1572
1450002 20485 3.462
20485 1450002 3.462
20485 1450003 2.0232
1450003 20485 2.0232
1450003 20486 2.214
20486 1450003 2.214
20486 1450004 1.524
1450004 20486 1.524
1450004 20487 1.6488
20487 1450004 1.6488
20487 1449985 2.5464
1449985 20487 2.5464
1449985 20488 7.362
20488 1449985 7.362
20488 20489 1.8684
20489 20488 1.8684
20489 20490 10.4232
20490 20489 10.4232
20490 20491 7.7352
20491 20490 7.7352
20492 20494 22.092
20494 20492 22.092
20494 20495 15.3432
20495 20494 15.3432
20495 20496 5.5692
20496 20495 5.5692
20496 20497 4.1964
20497 20496 4.1964
20497 20498 2.6496
20498 20497 2.6496
20498 20499 3.438
20499 20498 3.438
20499 20500 3.5952
20500 20499 3.5952
20500 1450008 3.0852
1450008 20500 3.0852
1450008 20501 5.1924
20501 1450008 5.1924
20501 20502 2.46
20502 20501 2.46
20502 20503 3.264
20503 20502 3.264
20503 1450005 7.4952
1450005 20503 7.4952
1450005 20491 5.7648
20491 1450005 5.7648
20494 20504 37.8792
20504 20494 37.8792
20504 20505 19.1112
20505 20504 19.1112
20505 20506 10.4052
20506 20505 10.4052
20488 20527 2.5344
20527 20488 2.5344
20527 20528 2.6928
20528 20527 2.6928
20528 20529 2.4276
20529 20528 2.4276
20529 20530 2.3376
20530 20529 2.3376
20530 20531 3.3456
20531 20530 3.3456
20531 20532 4.2948
20532 20531 4.2948
20532 20533 2.694
20533 20532 2.694
20533 20534 3.1512
20534 20533 3.1512
20534 20535 5.4516
20535 20534 5.4516
20535 20536 6.4404
20536 20535 6.4404
1146309 1989040 0.6012
1989040 1146309 0.6012
1989040 1989041 26.6904
1989041 1989040 26.6904
1989041 20538 19.0608
20538 1989041 19.0608
20494 1450009 15.672
1450009 20494 15.672
1450009 1450012 17.6988
1450012 1450009 17.6988
1450012 20548 7.6104
20548 1450012 7.6104
20548 20539 0.7716
20539 20548 0.7716
20539 1449988 0.6432
1449988 20539 0.6432
1449988 20540 2.6712
20540 1449988 2.6712
20540 1449987 1.6092
1449987 20540 1.6092
1449987 20541 2.5632
20541 1449987 2.5632
20541 1449989 1.92
1449989 20541 1.92
1449989 20542 1.8564
20542 1449989 1.8564
20542 20543 3.5064
20543 20542 3.5064
20543 20544 5.0304
20544 20543 5.0304
20544 1449990 1.7196
1449990 20544 1.7196
1449990 20545 1.716
20545 1449990 1.716
20545 20546 1.224
20546 20545 1.224
20546 20547 5.2608
20547 20546 5.2608
16288 20549 7.5096
20549 16288 7.5096
20549 20550 2.4768
20550 20549 2.4768
20550 20551 2.52
20551 20550 2.52
20551 20552 2.6892
20552 20551 2.6892
20552 68533 6.2748
68533 20552 6.2748
20549 20553 39.3696
20553 20549 39.3696
20553 20554 209.4336
20554 20553 209.4336
20554 20555 3.4632
20555 20554 3.4632
20555 20556 2.9448
20556 20555 2.9448
15897 15898 7.4178
15898 15897 7.4178
15898 69054 1.1688
69054 15898 1.1688
69054 68912 4.845
68912 69054 4.845
68912 26667 4.4076
26667 68912 4.4076
26667 1031842 1.0698
1031842 26667 1.0698
1031842 1199094 37.2096
1199094 1031842 37.2096
1199094 25245 1.1472
25245 1199094 1.1472
80608 1131948 0.3492
1131948 21486 9.9375
21486 1292428 0.5523
1292428 976009 0.6933
976009 21487 1.1793
21487 1292427 3.1603
1292427 1822175 6.2419
1822175 24666 1.9538
24666 80605 4.3406
975965 1402204 3.8808
1402204 975965 3.8808
1402204 1402199 2.4084
1402199 1402204 2.4084
1402199 1031820 1.08
1031820 1402199 1.08
1031820 1031822 35.9028
1031822 1031820 35.9028
1031822 21489 22.698
21489 1031822 22.698
21489 1402203 143.5644
1402203 21489 143.5644
1402203 1031832 12.312
1031832 1402203 12.312
1031832 1031834 13.3236
1031834 1031832 13.3236
1031834 69779 2.2788
69779 1031834 2.2788
69779 1594250 3.4776
1594250 69779 3.4776
1594250 21490 1.7604
21490 1594250 1.7604
25130 135846 1.2684
135846 25130 1.2684
135846 135880 4.1712
135880 135846 4.1712
751889 26812 20.6304
26812 751889 20.6304
26812 26811 11.9292
26811 26812 11.9292
55733 1133783 0.8304
1133783 55733 0.8304
1133783 600820 10.6296
600820 1133783 10.6296
600820 600599 4.2984
600599 600820 4.2984
600599 247809 2.4036
247809 600599 2.4036
247809 600590 6.0948
600590 247809 6.0948
600590 600608 5.7852
600608 600590 5.7852
600608 1068191 1.3524
1068191 600608 1.3524
1068191 600618 9.9948
600618 1068191 9.9948
600618 599272 1.0104
599272 600618 1.0104
599272 599273 0.6984
599273 599272 0.6984
599273 247761 0.9972
247761 599273 0.9972
247761 247786 0.8376
247786 247761 0.8376
247786 599274 0.75
599274 247786 0.75
599274 247798 0.702
247798 599274 0.702
247798 599275 0.8508
599275 247798 0.8508
599275 247807 1.7724
247807 599275 1.7724
247807 599276 5.6232
599276 247807 5.6232
599276 599277 1.3344
599277 599276 1.3344
599277 247784 0.792
247784 599277 0.792
247784 599278 0.4416
599278 247784 0.4416
599278 599279 2.292
599279 599278 2.292
599279 247821 6.018
247821 599279 6.018
247821 247751 2.424
247751 247821 2.424
247751 597057 3.7332
597057 247751 3.7332
597057 247775 2.1576
247775 597057 2.1576
247775 597055 1.65
597055 247775 1.65
597055 597056 1.5156
597056 597055 1.5156
597056 247767 1.3668
247767 597056 1.3668
247767 597058 3.3348
597058 247767 3.3348
597058 23546 4.2384
23546 597058 4.2384
23546 23547 7.8636
23547 23546 7.8636
23547 597028 1.41
597028 23547 1.41
597028 657993 1.2528
657993 597028 1.2528
657993 23548 0.5808
23548 657993 0.5808
23548 598855 0.6408
598855 23548 0.6408
598855 23549 0.702
23549 598855 0.702
23549 657994 0.6504
657994 23549 0.6504
657994 597029 0.7464
597029 657994 0.7464
597029 23550 1.8384
23550 597029 1.8384
23550 597030 4.5252
597030 23550 4.5252
597030 23551 1.6116
23551 597030 1.6116
23551 23552 1.4724
23552 23551 1.4724
23552 597031 1.7316
597031 23552 1.7316
597031 598867 5.382
598867 597031 5.382
598867 23553 3.8712
23553 598867 3.8712
23553 597032 1.5336
597032 23553 1.5336
597032 597033 2.0232
597033 597032 2.0232
597033 23554 1.5108
23554 597033 1.5108
23554 23555 1.7988
23555 23554 1.7988
23555 23556 22.7244
23556 23555 22.7244
23556 23557 2.07
23557 23556 2.07
23557 597044 1.9788
597044 23557 1.9788
597044 23558 1.5588
23558 597044 1.5588
23558 1015180 0.8544
1015180 23558 0.8544
1015180 1015178 5.5668
1015178 1015180 5.5668
1015178 596969 2.262
596969 1015178 2.262
596969 596973 3.084
596973 596969 3.084
596973 1722208 2.5812
1722208 596973 2.5812
1722208 1015272 1.908
1015272 1722208 1.908
1015272 247741 0.3408
247741 1015272 0.3408
247741 1722207 1.6416
1722207 247741 1.6416
1722207 597075 3.2856
597075 1722207 3.2856
597075 851179 2.034
851179 597075 2.034
851179 23559 2.088
23559 851179 2.088
1303428 1050492 3.534
1050492 1303428 3.534
1050492 684155 1.0704
684155 1050492 1.0704
684155 1050493 5.1864
1050493 684155 5.1864
1050493 684154 1.08
684154 1050493 1.08
684154 27367 45.456
27367 684154 45.456
27367 27369 12.3444
27369 27367 12.3444
27369 1050498 6.2964
1050498 27369 6.2964
24375 249147 12.8364
249147 24375 12.8364
24386 672758 3.234
672758 24386 3.234
672758 24390 7.1724
24390 672758 7.1724
24390 258720 3.7596
258720 24390 3.7596
258720 24391 1.4148
24391 258720 1.4148
24391 24392 1.3752
24392 24391 1.3752
24392 1062381 2.2764
1062381 24392 2.2764
1062381 1062372 5.8008
1062372 1062381 5.8008
1062372 672723 6.7548
672723 1062372 6.7548
672723 1062350 3.4884
1062350 672723 3.4884
1062350 24393 5.6988
24393 1062350 5.6988
24393 24394 3.882
24394 24393 3.882
24394 24395 5.6568
24395 24394 5.6568
24395 24396 6.0372
24396 24395 6.0372
24396 24397 3.2496
24397 24396 3.2496
24397 672757 1.6104
672757 24397 1.6104
672757 24398 1.2936
24398 672757 1.2936
24666 24667 12.3864
24667 24666 12.3864
24667 69772 4.7256
69772 24667 4.7256
69772 80200 3.1056
80200 69772 3.1056
80200 1295390 2.9016
1295390 80200 2.9016
1295390 69771 2.5656
69771 1295390 2.5656
69771 24668 3.7044
24668 69771 3.7044
24668 24669 10.2624
24669 24668 10.2624
24669 69768 2.4384
69768 24669 2.4384
69768 24670 3.648
24670 69768 3.648
24670 24671 13.6272
24671 24670 13.6272
24671 24672 1.698
24672 24671 1.698
25245 1028126 2.1118
1028126 25245 2.1118
1028126 25130 1.2161
25130 1028126 1.2161
25130 2013040 11.5402
2013040 25130 11.5402
2013040 2013042 0.4342
2013042 2013040 0.4342
2013042 25131 0.6869
25131 2013042 0.6869
25131 2013011 1.1167
2013011 25131 1.1167
2013011 2013010 0.8777
2013010 2013011 0.8777
2013010 2013012 0.6941
2013012 2013010 0.6941
2013012 2013008 0.6689
2013008 2013012 0.6689
2013008 2013009 1.3644
2013009 2013008 1.3644
2013009 25132 1.3637
25132 2013009 1.3637
25132 2013049 1.6654
2013049 25132 1.6654
2013049 2013025 0.8978
2013025 2013049 0.8978
2013025 2013013 4.4784
2013013 2013025 4.4784
2013013 2013023 5.4518
2013023 2013013 5.4518
2013023 2013030 0.7085
2013030 2013023 0.7085
2013030 25133 0.8906
25133 2013030 0.8906
25133 2013003 0.8078
2013003 25133 0.8078
2013003 1423002 0.8496
1423002 2013003 0.8496
1423002 2013004 0.5602
2013004 1423002 0.5602
2013004 25134 0.5839
25134 2013004 0.5839
25134 2013005 0.6574
2013005 25134 0.6574
2013005 2013021 0.3686
2013021 2013005 0.3686
2013021 1423003 0.3629
1423003 2013021 0.3629
1423003 1028135 0.7891
1028135 1423003 0.7891
1028135 2013123 0.2376
2013123 1028135 0.2376
2013123 25135 1.0483
25135 2013123 1.0483
13591 751408 0.463
751408 13591 0.463
751408 30715 0.4104
30715 751408 0.4104
30715 1088680 2.3324
1088680 30715 2.3324
87385 1136870 1.152
1136870 1136854 1.2219
1136854 1851763 1.3269
1851763 389397 1.0399
389397 948834 2.4562
948834 1136832 0.5914
1136832 389406 3.1665
389406 16415 3.0636
26677 389377 1.9527
389377 26676 1.6107
13585 1088731 2.2788
1088731 13585 2.2788
1088731 487618 15.2484
487618 1088731 15.2484
487618 1088765 3.096
1088765 487618 3.096
1088765 26725 2.3316
26725 1088765 2.3316
26725 1088766 1.6284
1088766 26725 1.6284
1088766 26726 1.9296
26726 1088766 1.9296
26726 1088746 4.4112
1088746 26726 4.4112
1088746 1088745 12.0528
1088745 1088746 12.0528
1088745 1088750 0.6696
1088750 1088745 0.6696
1088750 1088741 8.628
1088741 1088750 8.628
1088741 865113 0.216
865113 1088741 0.216
865113 751573 6.8292
751573 865113 6.8292
751573 1088753 9.924
1088753 751573 9.924
1088753 26727 5.2968
26727 1088753 5.2968
26727 1088755 3.1284
1088755 26727 3.1284
1088755 1088738 1.0884
1088738 1088755 1.0884
1088738 487613 8.3712
487613 1088738 8.3712
487613 26728 15.402
26728 487613 15.402
26748 1089020 9.1728
1089020 26749 33.2496
26749 26750 3.5856
26750 26751 2.9016
26751 26752 15.9912
26752 26753 3.5352
26753 26754 4.3344
26754 1089021 32.4504
1089021 16285 4.8312
21490 837235 1.476
837235 21490 1.476
837235 21488 1.77
21488 837235 1.77
21490 69814 2.9064
69814 21490 2.9064
69814 26755 4.9752
26755 69814 4.9752
26755 1594249 1.056
1594249 26755 1.056
1594249 26764 0.7716
26764 1594249 0.7716
26764 26756 22.374
26756 26764 22.374
26757 26756 17.4216
26756 26757 17.4216
26756 26758 30.2796
26758 26756 30.2796
26758 26759 1.9392
26759 26758 1.9392
26759 69782 2.3136
69782 26759 2.3136
69782 1349939 30.402
1349939 69782 30.402
1349939 69813 1.77
69813 1349939 1.77
69813 26760 2.5908
26760 69813 2.5908
26760 1029014 8.3472
1029014 26760 8.3472
1029014 1851812 43.1628
1851812 1029014 43.1628
1851812 975965 0.3516
975965 1851812 0.3516
26770 26772 37.5204
26772 26770 37.5204
26772 26773 7.7964
26773 26772 7.7964
26773 26774 5.5788
26774 26773 5.5788
26774 26775 2.7012
26775 26774 2.7012
26775 26776 5.1792
26776 26775 5.1792
26776 26777 2.544
26777 26776 2.544
26777 26778 4.62
26778 26777 4.62
26778 678352 2.9016
678352 26778 2.9016
678352 26779 3.312
26779 678352 3.312
26778 26783 8.646
26783 26778 8.646
26783 678343 0.5112
678343 26783 0.5112
678343 26784 0.5532
26784 678343 0.5532
26784 26785 1.8336
26785 26784 1.8336
26785 26786 2.25
26786 26785 2.25
26787 678344 5.7816
678344 26787 5.7816
678344 678345 1.494
678345 678344 1.494
678345 678346 1.8216
678346 678345 1.8216
678346 26788 10.2024
26788 678346 10.2024
26765 26789 42.906
26789 26765 42.906
26789 1546932 6.1236
1546932 26789 6.1236
26760 1029016 0.8112
1029016 26760 0.8112
1029016 26761 10.6464
26761 1029016 10.6464
26761 69812 11.6688
69812 26761 11.6688
69812 26765 12.7344
26765 69812 12.7344
26765 26766 3.7416
26766 26765 3.7416
26766 1029015 1.1748
1029015 26766 1.1748
1029015 26767 2.628
26767 1029015 2.628
26767 1029017 4.2312
1029017 26767 4.2312
1029017 26768 1.0596
26768 1029017 1.0596
26768 930306 5.9436
930306 26768 5.9436
930306 26769 3.5664
26769 930306 3.5664
26769 26770 8.9712
26770 26769 8.9712
26770 26771 14.5572
26771 26770 14.5572
26790 1882348 2.3964
1882348 26790 2.3964
1882348 1882352 0.2352
1882352 1882348 0.2352
1882352 26791 0.8172
26791 1882352 0.8172
26791 1882346 3.048
1882346 26791 3.048
1882346 1882353 2.8356
1882353 1882346 2.8356
1882353 1082485 2.0184
1082485 1882353 2.0184
1082485 69082 6.2076
69082 1082485 6.2076
69082 69067 14.7432
69067 69082 14.7432
69067 1341291 14.4012
1341291 69067 14.4012
1341291 68885 2.772
68885 1341291 2.772
68885 880547 3.6264
880547 68885 3.6264
880547 880549 2.178
880549 880547 2.178
880549 880548 2.1
880548 880549 2.1
880548 880550 2.208
880550 880548 2.208
880550 68886 1.5504
68886 880550 1.5504
26779 26792 7.2336
26792 26779 7.2336
26792 26793 5.454
26793 26792 5.454
26793 26794 4.7232
26794 26793 4.7232
26794 26795 11.1072
26795 26794 11.1072
26795 26796 6.3672
26796 26795 6.3672
26796 68890 16.9116
68890 26796 16.9116
68890 26797 10.8276
26797 68890 10.8276
26797 1031838 3.0696
1031838 26797 3.0696
1031838 68891 3.5652
68891 1031838 3.5652
68891 1285946 6.5292
1285946 68891 6.5292
1285946 880552 1.7112
880552 1285946 1.7112
880552 68892 2.5728
68892 880552 2.5728
68892 68893 6.1044
68893 68892 6.1044
68893 68894 10.2636
68894 68893 10.2636
26799 26800 32.3496
26800 26799 32.3496
26800 26801 11.9664
26801 26800 11.9664
26801 26802 11.8584
26802 26801 11.8584
26802 26803 4.1364
26803 26802 4.1364
26803 26804 13.0464
26804 26803 13.0464
26804 26805 4.1544
26805 26804 4.1544
26798 1031823 5.0292
1031823 26798 5.0292
1031823 26805 5.7708
26805 1031823 5.7708
26805 26799 5.6916
26799 26805 5.6916
26806 23498 42.2256
23498 26806 42.2256
26810 135842 9.0828
135842 26810 9.0828
135842 2013063 2.4816
2013063 135842 2.4816
2013063 2013089 1.7172
2013089 2013063 1.7172
2013089 2013088 1.7892
2013088 2013089 1.7892
2013088 2013064 1.6044
2013064 2013088 1.6044
2013064 2013065 1.7928
2013065 2013064 1.7928
2013065 135841 2.3268
135841 2013065 2.3268
135841 2013066 4.3848
2013066 135841 4.3848
2013066 23499 3.8424
23499 2013066 3.8424
23499 1353767 40.9836
1353767 23499 40.9836
1353767 1353766 1.0284
1353766 1353767 1.0284
1679455 135843 9.9804
135843 1679455 9.9804
135843 2013029 5.5416
2013029 135843 5.5416
2013029 2013028 5.1564
2013028 2013029 5.1564
2013028 23498 6.3924
23498 2013028 6.3924
26808 26813 8.892
26813 26808 8.892
26813 26812 34.5804
26812 26813 34.5804
26812 2013067 12.7968
2013067 26812 12.7968
2013067 2013068 2.9184
2013068 2013067 2.9184
2013068 2013069 1.4784
2013069 2013068 1.4784
2013069 26814 1.5096
26814 2013069 1.5096
26814 135839 3.5352
135839 26814 3.5352
135839 2013070 6.6144
2013070 135839 6.6144
2013070 26815 7.0176
26815 2013070 7.0176
27019 805984 15.2532
805984 27019 15.2532
805984 27024 5.6664
27024 805984 5.6664
27024 27020 2.826
27020 27024 2.826
27020 596787 3.3336
596787 27020 3.3336
596787 596789 1.296
596789 596787 1.296
596789 27022 23.2848
27022 596789 23.2848
27022 27016 23.8032
27016 27022 23.8032
27016 596772 39.9456
596772 27016 39.9456
596772 596758 44.3556
596758 596772 44.3556
596758 596756 12.7512
596756 596758 12.7512
596756 805966 10.1448
805966 596756 10.1448
805966 27017 2.4876
27017 805966 2.4876
27020 596781 3.4812
596781 27020 3.4812
596781 27021 110.9988
27021 596781 110.9988
27022 805985 9.2196
805985 27022 9.2196
805985 596761 48.1284
596761 805985 48.1284
596761 27023 56.4192
27023 596761 56.4192
1133826 278785 10.4616
278785 1133826 10.4616
278785 27031 6.8148
27031 278785 6.8148
27031 596776 0.732
596776 27031 0.732
596776 27032 0.6552
27032 596776 0.6552
27032 27019 3.222
27019 27032 3.222
27104 1050477 2.1336
1050477 27104 2.1336
1050477 751683 2.5644
751683 1050477 2.5644
751683 27105 0.8844
27105 751683 0.8844
27105 27106 15.0924
27106 27105 15.0924
27106 1050478 0.7656
1050478 27106 0.7656
1050478 1050479 0.54
1050479 1050478 0.54
1050479 1894522 3.0984
1894522 1050479 3.0984
1894522 1028199 2.052
1028199 1894522 2.052
1028199 1957959 50.0556
1957959 1028199 50.0556
1957959 27107 9.9264
27107 1957959 9.9264
27107 1582162 5.0112
1582162 27107 5.0112
1582162 1989952 10.7292
1989952 1582162 10.7292
1989952 392687 0.4068
392687 1989952 0.4068
392687 27108 2.2116
27108 392687 2.2116
27107 751717 19.662
751717 27107 19.662
751717 27109 2.04
27109 751717 2.04
1235409 487616 5.196
487616 1235409 5.196
487616 487619 1.14
487619 487616 1.14
487619 487628 8.2584
487628 487619 8.2584
487628 1088749 3.8676
1088749 487628 3.8676
1088749 1088762 3.4044
1088762 1088749 3.4044
1088762 1088751 8.0088
1088751 1088762 8.0088
1088751 1088760 1.1016
1088760 1088751 1.1016
1088760 865114 7.6392
865114 1088760 7.6392
865114 487629 0.9156
487629 865114 0.9156
487629 1088758 8.7516
1088758 487629 8.7516
1088758 1088754 7.8456
1088754 1088758 7.8456
1088754 487627 0.4512
487627 1088754 0.4512
487627 1088757 6.4812
1088757 487627 6.4812
1088757 1088756 1.5516
1088756 1088757 1.5516
1088756 27112 9.1584
27112 1088756 9.1584
27113 751571 9.576
751571 27113 9.576
751571 487625 6.5808
487625 751571 6.5808
487625 1088759 8.8716
1088759 487625 8.8716
1088759 487620 8.7396
487620 1088759 8.7396
487620 1088761 8.0436
1088761 487620 8.0436
1088761 541573 9.648
541573 1088761 9.648
541573 487622 8.0028
487622 541573 8.0028
487622 487630 9.3504
487630 487622 9.3504
487630 27114 0.864
27114 487630 0.864
368512 27115 36.6408
27115 368512 36.6408
27115 1894505 21.636
1894505 27115 21.636
1894505 1894408 177.6744
1894408 1894505 177.6744
1894408 27116 17.8416
27116 1894408 17.8416
27116 368513 16.4376
368513 27116 16.4376
368513 1418563 409.716
1418563 368513 409.716
1418563 541591 266.256
541591 1418563 266.256
541591 27117 739.6056
27117 541591 739.6056
27117 751562 75.2184
751562 27117 75.2184
751562 27118 76.68
27118 751562 76.68
27118 541605 26.9064
541605 27118 26.9064
541605 541606 19.3248
541606 541605 19.3248
541606 541599 23.328
541599 541606 23.328
541599 27119 18.4608
27119 541599 18.4608
27119 541601 37.548
541601 27119 37.548
541601 541610 13.3056
541610 541601 13.3056
541610 27120 29.1888
27120 541610 29.1888
27120 1031851 78.48
1031851 27120 78.48
1031851 27121 18.8928
27121 1031851 18.8928
27121 27122 36.3384
27122 27121 36.3384
27122 503554 40.8528
503554 27122 40.8528
503554 751572 22.536
751572 503554 22.536
751572 27123 25.992
27123 751572 25.992
27123 27124 180.684
27124 27123 180.684
27124 751574 44.3016
751574 27124 44.3016
751574 503555 25.56
503555 751574 25.56
503555 751575 30.2616
751575 503555 30.2616
751575 541632 35.604
541632 751575 35.604
541632 27125 17.1792
27125 541632 17.1792
27125 751576 45.6912
751576 27125 45.6912
751576 503556 46.2528
503556 751576 46.2528
503556 751577 13.3992
751577 503556 13.3992
751577 751578 8.4312
751578 751577 8.4312
751578 27126 8.892
27126 751578 8.892
27126 27127 5.724
27127 27126 5.724
27127 368514 9.2664
368514 27127 9.2664
20585 20581 18.6732
20581 20585 18.6732
20581 20582 3.7944
20582 20581 3.7944
20582 20583 16.6788
20583 20582 16.6788
20583 20584 2.0916
20584 20583 2.0916
20584 16292 19.548
16292 20584 19.548
16292 68921 6.3768
68921 16292 6.3768
68921 20585 1.2168
20585 68921 1.2168
20585 16291 3.0384
16291 20585 3.0384
16291 48099 1.1316
48099 16291 1.1316
48099 16290 0.6132
16290 48099 0.6132
16290 68922 0.9348
68922 16290 0.9348
68922 16289 1.0104
16289 68922 1.0104
16289 16288 5.8968
16288 16289 5.8968
16288 16287 0.9516
16287 16288 0.9516
16287 68533 0.8316
68533 16287 0.8316
68533 16286 0.57
16286 68533 0.57
16286 69802 12.7968
69802 16286 12.7968
69802 325227 3.3
325227 69802 3.3
1018022 197049 24.75
197049 1018022 24.75
197049 1346287 7.1364
1346287 197049 7.1364
1346287 435057 35.2368
435057 1346287 35.2368
435057 325218 9.468
325218 435057 9.468
1392021 949573 0.4147
949573 1392021 0.4147
949573 1441762 0.7099
1441762 949573 0.7099
1594263 1566362 4.3056
1566362 1594263 4.3056
1566362 1566363 3.9024
1566363 1566362 3.9024
1566363 1566364 3.3768
1566364 1566363 3.3768
1566364 1566365 6.8688
1566365 1566364 6.8688
1566365 949802 15.7464
949802 1566365 15.7464
949802 949803 26.6112
949803 949802 26.6112
949803 949804 14.9976
949804 949803 14.9976
949804 949805 12.4128
949805 949804 12.4128
949805 949806 6.8616
949806 949805 6.8616
949806 949807 13.8528
949807 949806 13.8528
949807 949808 14.2344
949808 949807 14.2344
949808 949809 44.5392
949809 949808 44.5392
949809 949810 78.6744
949810 949809 78.6744
949810 949811 24.5736
949811 949810 24.5736
949811 949812 6.9048
949812 949811 6.9048
949812 949813 48.24
949813 949812 48.24
949813 949814 13.0752
949814 949813 13.0752
949814 949815 31.5936
949815 949814 31.5936
949815 1594245 34.704
1594245 949815 34.704
1594245 949816 23.2488
949816 1594245 23.2488
949816 1594247 30.1392
1594247 949816 30.1392
1594247 1594246 26.8128
1594246 1594247 26.8128
1594246 949817 68.6016
949817 1594246 68.6016
949817 434879 31.8528
434879 949817 31.8528
1371388 1517895 6.198
1517895 1371388 6.198
1517895 1371389 1.0044
1371389 1517895 1.0044
1371389 1062273 20.0052
1062273 1371389 20.0052
1062273 24352 4.9908
24352 1062273 4.9908
24352 24351 4.2576
24351 24352 4.2576
27367 1050497 21.4488
1050497 27367 21.4488
1050497 27368 45.5148
27368 1050497 45.5148
27369 27370 44.46
27370 27369 44.46
27370 1497038 1.3356
1497038 27370 1.3356
1497038 1410157 1.0152
1410157 1497038 1.0152
27371 1050516 17.4204
1050516 27371 17.4204
1050516 1050513 36.0072
1050513 1050516 36.0072
1050513 1050508 37.6524
1050508 1050513 37.6524
1050508 27372 45.6336
27372 1050508 45.6336
27372 27373 32.1372
27373 27372 32.1372
27388 1886737 0.984
1886737 27388 0.984
1886737 251147 13.8564
251147 1886737 13.8564
251147 432887 9.5304
432887 251147 9.5304
432887 1134258 0.5892
1134258 432887 0.5892
1134258 1134257 0.8244
1134257 1134258 0.8244
1134257 1134256 0.5472
1134256 1134257 0.5472
1134256 1134255 0.7392
1134255 1134256 0.7392
1134255 251218 4.0668
251218 1134255 4.0668
27390 1886735 1.4418
1886735 27390 1.4418
1886735 251179 45.8028
251179 1886735 45.8028
251179 27391 45.0504
27391 251179 45.0504
27410 956471 19.2516
956471 27410 19.2516
27434 1899788 0.468
1899788 27434 0.468
1899788 1899786 0.8988
1899786 1899788 0.8988
1899786 27435 28.7004
27435 1899786 28.7004
27435 1295162 17.8608
1295162 27435 17.8608
1295162 428212 17.0388
428212 1295162 17.0388
428212 27498 20.4996
27498 428212 20.4996
27498 1835091 2.22
1835091 27498 2.22
1835091 1835092 4.2588
1835092 1835091 4.2588
1835092 16419 2.3412
16419 1835092 2.3412
27439 2015413 2.1948
2015413 27439 2.1948
27439 1899229 1.512
1899229 27439 1.512
1899229 1136037 1.0896
1136037 1899229 1.0896
1136037 1899228 1.11
1899228 1136037 1.11
1899228 1899227 0.9624
1899227 1899228 0.9624
1899227 27440 1.188
27440 1899227 1.188
27440 1899226 1.9752
1899226 27440 1.9752
1899226 1899225 1.9128
1899225 1899226 1.9128
1899225 1136036 3.4512
1136036 1899225 3.4512
1136036 27442 13.9668
27442 1136036 13.9668
27442 27441 8.4252
27441 27442 8.4252
27442 1899223 7.8504
1899223 27442 7.8504
1899223 1899222 0.6456
1899222 1899223 0.6456
1899222 1835827 0.468
1835827 1899222 0.468
1835827 1899224 0.5988
1899224 1835827 0.5988
1899224 1899220 3.5748
1899220 1899224 3.5748
1899220 1899219 0.924
1899219 1899220 0.924
1899219 1136031 0.528
1136031 1899219 0.528
1136031 1899221 0.522
1899221 1136031 0.522
1899221 1899217 4.2924
1899217 1899221 4.2924
1899217 1899216 0.6312
1899216 1899217 0.6312
1899216 1136032 0.5388
1136032 1899216 0.5388
1136032 1899218 0.558
1899218 1136032 0.558
1899218 1899789 10.8924
1899789 1899218 10.8924
1899789 27434 0.9636
27434 1899789 0.9636
27441 1899215 1.836
1899215 27441 1.836
1899215 1136034 1.2816
1136034 1899215 1.2816
1136034 1899200 0.8244
1899200 1136034 0.8244
1899200 1136035 0.7104
1136035 1899200 0.7104
1136035 1899201 0.6252
1899201 1136035 0.6252
1899201 27443 0.8736
27443 1899201 0.8736
27443 1899199 3.4428
1899199 27443 3.4428
1899199 1899198 2.49
1899198 1899199 2.49
1899198 27444 2.8716
27444 1899198 2.8716
27444 1899197 0.9312
1899197 27444 0.9312
1899197 27445 0.6372
27445 1899197 0.6372
27445 1899196 0.7416
1899196 27445 0.7416
1899196 673592 1.1064
673592 1899196 1.1064
673592 1835831 6.2712
1835831 673592 6.2712
1835831 1899195 0.8004
1899195 1835831 0.8004
1899195 27446 0.7164
27446 1899195 0.7164
27446 1899194 0.7116
1899194 27446 0.7116
1899194 27447 0.6396
27447 1899194 0.6396
27447 27448 10.3488
27448 27447 10.3488
27448 1899193 0.6468
1899193 27448 0.6468
1899193 1835833 0.6624
1835833 1899193 0.6624
1835833 1899192 0.546
1899192 1835833 0.546
1899192 27449 0.5532
27449 1899192 0.5532
27449 1899191 0.7308
1899191 27449 0.7308
1899191 1835832 0.6432
1835832 1899191 0.6432
1835832 673593 1.0668
673593 1835832 1.0668
673593 1835826 4.0452
1835826 673593 4.0452
1835826 1899203 1.1748
1899203 1835826 1.1748
1899203 1899204 0.8388
1899204 1899203 0.8388
1899204 27450 1.1592
27450 1899204 1.1592
27450 1899205 1.3848
1899205 27450 1.3848
1899205 27451 1.5216
27451 1899205 1.5216
27451 1899202 1.3248
1899202 27451 1.3248
1899202 1899206 1.2432
1899206 1899202 1.2432
1899206 27452 1.866
27452 1899206 1.866
27452 1899207 1.2312
1899207 27452 1.2312
1899207 1899208 0.9024
1899208 1899207 0.9024
1899208 27453 1.3008
27453 1899208 1.3008
27453 1899209 1.2084
1899209 27453 1.2084
1899209 1136033 1.164
1136033 1899209 1.164
1136033 1899210 0.9708
1899210 1136033 0.9708
1899210 27454 0.8856
27454 1899210 0.8856
27454 1899211 1.3572
1899211 27454 1.3572
1899211 27455 1.0248
27455 1899211 1.0248
27455 1899212 1.1496
1899212 27455 1.1496
1899212 27456 1.4508
27456 1899212 1.4508
27456 1899213 1.248
1899213 27456 1.248
1899213 1899214 1.2132
1899214 1899213 1.2132
1899214 27441 1.2408
27441 1899214 1.2408
1899725 2015415 21.6084
2015415 1899725 21.6084
1899725 27462 0.6876
27462 1899725 0.6876
1899792 2015417 2.2152
2015417 1899792 2.2152
1899792 27477 0.6852
27477 1899792 0.6852
27498 1899461 16.59
1899461 27498 16.59
1899461 27499 0.468
27499 1899461 0.468
27499 1899459 0.3936
1899459 27499 0.3936
1899459 1899458 0.426
1899458 1899459 0.426
1899458 1899460 0.4272
1899460 1899458 0.4272
1899460 1900110 17.1228
1900110 1899460 17.1228
1900110 1899463 26.9196
1899463 1900110 26.9196
1899463 1899462 0.4488
1899462 1899463 0.4488
1899462 27500 0.3324
27500 1899462 0.3324
27500 1899464 0.408
1899464 27500 0.408
1899464 1835836 5.3856
1835836 1899464 5.3856
1835836 1899456 11.2656
1899456 1835836 11.2656
1899456 1899455 0.2904
1899455 1899456 0.2904
1899455 1835844 0.2904
1835844 1899455 0.2904
1835844 1899457 0.288
1899457 1835844 0.288
1899457 1835829 0.6252
1835829 1899457 0.6252
1835829 27435 0.4932
27435 1835829 0.4932
28360 1050678 0.7812
1050678 28360 0.7812
1050678 1050655 0.4932
1050655 1050678 0.4932
1050655 195168 3.6384
195168 1050655 3.6384
28362 28363 49.4388
28363 28362 49.4388
28363 28373 24.2028
28373 28363 24.2028
28373 28371 24.3576
28371 28373 24.3576
28371 28369 27.0756
28369 28371 27.0756
28369 28367 23.6556
28367 28369 23.6556
28367 28365 25.164
28365 28367 25.164
28365 28383 13.2084
28383 28365 13.2084
28366 28367 76.0824
28367 28366 76.0824
28368 28369 70.5528
28369 28368 70.5528
28370 28371 63.3528
28371 28370 63.3528
28372 28373 56.5668
28373 28372 56.5668
28374 28375 14.8644
28375 28374 14.8644
28375 684177 75.4992
684177 28375 75.4992
28387 28388 17.8524
28388 28387 17.8524
28388 28389 36.6084
28389 28388 36.6084
28361 28384 3.0708
28384 28361 3.0708
28384 684175 5.4756
684175 28384 5.4756
684175 290375 24.8364
290375 684175 24.8364
28379 1050662 8.2896
1050662 28379 8.2896
1050662 1028376 9.2508
1028376 1050662 9.2508
1028376 1050663 0.9528
1050663 1028376 0.9528
1050663 28390 1.0824
28390 1050663 1.0824
28390 1050664 1.3476
1050664 28390 1.3476
1050664 1028379 3.8328
1028379 1050664 3.8328
1028379 28391 1.3944
28391 1028379 1.3944
28391 28392 4.1532
28392 28391 4.1532
28392 1050665 0.9492
1050665 28392 0.9492
1050665 1050689 10.2648
1050689 1050665 10.2648
1050689 28393 1.5396
28393 1050689 1.5396
13579 392688 1.5396
392688 13579 1.5396
392688 938395 1.7196
938395 392688 1.7196
938395 1028325 13.1256
1028325 938395 13.1256
1028325 1050484 10.314
1050484 1028325 10.314
1050484 751728 5.9676
751728 1050484 5.9676
751728 1050488 1.554
1050488 751728 1.554
1050488 28394 0.6756
28394 1050488 0.6756
80606 26786 1.139
26786 26787 4.3632
26787 1851806 7.164
1851806 26780 18.5904
26780 26781 7.6284
26781 26782 6.9768
26779 26788 10.1772
26788 26779 10.1772
26788 678351 3.3876
678351 26788 3.3876
678351 678350 2.4624
678350 678351 2.4624
678350 678349 1.764
678349 678350 1.764
678349 678348 1.1448
678348 678349 1.1448
678348 678347 1.1052
678347 678348 1.1052
678347 26780 8.4276
26780 678347 8.4276
29235 135840 3.8448
135840 29235 3.8448
135840 26807 8.9316
26807 135840 8.9316
24330 1269599 1.4472
1269599 24330 1.4472
1269599 321265 7.2962
321265 1269599 7.2962
321265 158002 19.3258
158002 321265 19.3258
158002 1524070 2.3683
1524070 158002 2.3683
1524070 1629751 5.4648
1629751 1524070 5.4648
1629751 1566207 1.0383
1566207 1629751 1.0383
30354 334876 2.249
334876 30354 2.249
334876 334870 10.4086
334870 334876 10.4086
2015463 334870 3.1788
334870 2015463 3.1788
30715 1996447 0.7692
1996447 30715 0.7692
1996447 30716 2.7252
30716 1996447 2.7252
30716 1642837 7.2648
1642837 30716 7.2648
1642837 487624 0.6228
487624 1642837 0.6228
487624 1088659 5.3148
1088659 487624 5.3148
1088659 541570 3.6744
541570 1088659 3.6744
541570 30717 6.888
30717 541570 6.888
30717 487623 10.7796
487623 30717 10.7796
487623 487621 17.2788
487621 487623 17.2788
487621 30718 2.7936
30718 487621 2.7936
30718 1089810 1.5192
1089810 30718 1.5192
1089810 30719 1.8576
30719 1089810 1.8576
30719 1855526 2.0628
1855526 30719 2.0628
1855526 487614 2.6016
487614 1855526 2.6016
487614 751566 1.3572
751566 487614 1.3572
751566 30720 2.0424
30720 751566 2.0424
30720 751565 4.4748
751565 30720 4.4748
751565 30721 3.5688
30721 751565 3.5688
30721 30722 4.4592
30722 30721 4.4592
30722 30723 4.5012
30723 30722 4.5012
30723 751564 1.8768
751564 30723 1.8768
604473 41184 30.1896
41184 604473 30.1896
41184 604517 15.5376
604517 41184 15.5376
604517 41185 100.1808
41185 604517 100.1808
41185 604508 32.0328
604508 41185 32.0328
604508 41186 40.2192
41186 604508 40.2192
41186 604548 33.8976
604548 41186 33.8976
604548 780831 3.2112
780831 604548 3.2112
41186 604497 30.4776
604497 41186 30.4776
604497 41192 10.8504
41192 604497 10.8504
41192 604492 9.6552
604492 41192 9.6552
604492 604495 94.9824
604495 604492 94.9824
604495 604494 4.4352
604494 604495 4.4352
604494 604493 50.8248
604493 604494 50.8248
604493 604547 44.1792
604547 604493 44.1792
604547 604496 6.4728
604496 604547 6.4728
604496 41193 10.7712
41193 604496 10.7712
41193 604546 17.5968
604546 41193 17.5968
604546 367144 30.4344
367144 604546 30.4344
367144 367145 31.9032
367145 367144 31.9032
367145 367146 20.988
367146 367145 20.988
367146 367147 15.984
367147 367146 15.984
367147 604501 7.308
604501 367147 7.308
604501 367148 21.8448
367148 604501 21.8448
367148 367149 51.8904
367149 367148 51.8904
367149 367150 39.1176
367150 367149 39.1176
367150 604507 11.2824
604507 367150 11.2824
604507 367151 11.2464
367151 604507 11.2464
367151 604515 14.9112
604515 367151 14.9112
604515 367152 8.3664
367152 604515 8.3664
367152 604526 11.5416
604526 367152 11.5416
604526 41194 14.7816
41194 604526 14.7816
28364 28365 82.8432
28365 28364 82.8432
45274 45275 59.5188
45275 45274 59.5188
45275 938418 28.7928
938418 45275 28.7928
13534 600896 3.6828
600896 13534 3.6828
600896 600894 7.0488
600894 600896 7.0488
600894 45276 2.7324
45276 600894 2.7324
20585 48096 11.4876
48096 20585 11.4876
48097 48106 14.7672
48106 48097 14.7672
48106 69081 5.2524
69081 48106 5.2524
69081 48100 4.806
48100 69081 4.806
48100 48107 2.8368
48107 48100 2.8368
48107 48101 2.664
48101 48107 2.664
48101 48102 35.298
48102 48101 35.298
48102 48103 21.0204
48103 48102 21.0204
48103 48104 17.4456
48104 48103 17.4456
48104 48105 7.5924
48105 48104 7.5924
48105 48106 20.4696
48106 48105 20.4696
48104 576301 6.4116
576301 48104 6.4116
576301 48108 6.444
48108 576301 6.444
48108 48098 22.3704
48098 48108 22.3704
267392 1459475 23.112
1459475 267392 23.112
1459475 1482434 5.6232
1482434 1459475 5.6232
1482434 1459474 14.0832
1459474 1482434 14.0832
1459474 267391 22.86
267391 1459474 22.86
267391 1459473 18.3168
1459473 267391 18.3168
1459605 1459606 17.6148
1459606 1459605 17.6148
1459606 48904 14.6124
48904 1459606 14.6124
48904 1459607 32.0544
1459607 48904 32.0544
1459607 1459608 4.3416
1459608 1459607 4.3416
20551 69078 11.9376
69078 20551 11.9376
69078 69077 29.3544
69077 69078 29.3544
69077 69076 38.9448
69076 69077 38.9448
69076 69071 74.556
69071 69076 74.556
69071 69793 41.4792
69793 69071 41.4792
69793 69794 38.808
69794 69793 38.808
69794 69795 136.008
69795 69794 136.008
1822160 68676 0.6756
68676 1822160 0.6756
68676 26668 13.86
26668 68676 13.86
26668 1353768 9.654
1353768 26668 9.654
1353768 1353769 6.2544
1353769 1353768 6.2544
1353769 135866 4.4604
135866 1353769 4.4604
135866 29235 4.5432
29235 135866 4.5432
29235 68908 17.9136
68908 29235 17.9136
68908 144848 1.854
144848 68908 1.854
144848 144849 4.4472
144849 144848 4.4472
144849 68909 0.8196
68909 144849 0.8196
68909 26667 4.008
26667 68909 4.008
68674 68677 9.8616
68677 68674 9.8616
68677 68678 14.04
68678 68677 14.04
68678 68679 19.5108
68679 68678 19.5108
68678 68680 2.1168
68680 68678 2.1168
68680 68681 10.6068
68681 68680 10.6068
68681 503529 11.7192
503529 68681 11.7192
503529 503530 10.3512
503530 503529 10.3512
503530 503531 11.8632
503531 503530 11.8632
503531 503528 8.0796
503528 503531 8.0796
16286 68920 17.8416
68920 16286 17.8416
68920 69084 248.6304
69084 68920 248.6304
68881 68882 24.2832
68882 68881 24.2832
68882 69801 5.4516
69801 68882 5.4516
69801 69800 5.8464
69800 69801 5.8464
69800 68883 16.3692
68883 69800 16.3692
68883 1822156 2.2956
1822156 68883 2.2956
1822156 1386959 27.8604
1386959 1822156 27.8604
1386959 1386958 30.24
1386958 1386959 30.24
1386958 1386961 3.6948
1386961 1386958 3.6948
68913 1805672 4.6296
1805672 68913 4.6296
1805672 68884 11.4696
68884 1805672 11.4696
68884 1822157 14.0832
1822157 68884 14.0832
1822157 68883 98.1936
68883 1822157 98.1936
26797 267402 6.8112
267402 26797 6.8112
267402 26771 1.6032
26771 267402 1.6032
68883 68902 42.7608
68902 68883 42.7608
68902 68903 111.8016
68903 68902 111.8016
68903 68904 31.716
68904 68903 31.716
68904 68905 28.8432
68905 68904 28.8432
68905 68906 19.4616
68906 68905 19.4616
23497 135844 4.5288
135844 23497 4.5288
135844 68908 1.5396
68908 135844 1.5396
68909 68911 25.2936
68911 68909 25.2936
68911 68910 11.592
68910 68911 11.592
68911 68918 3.0456
68918 68911 3.0456
68918 68912 6.5052
68912 68918 6.5052
68884 68914 45.6552
68914 68884 45.6552
68914 68915 27.0072
68915 68914 27.0072
68915 68916 143.172
68916 68915 143.172
68916 68917 93.5856
68917 68916 93.5856
68917 68918 66.1968
68918 68917 66.1968
80619 20558 3.4056
20558 80619 3.4056
20558 68881 60.6456
68881 20558 60.6456
69054 1855520 0.9036
1855520 69054 0.9036
1855520 69055 1.5912
69055 1855520 1.5912
69055 69056 5.6412
69056 69055 5.6412
69056 69057 1.8732
69057 69056 1.8732
69057 69058 7.098
69058 69057 7.098
69058 69059 6.5616
69059 69058 6.5616
69059 69060 5.4576
69060 69059 5.4576
69060 69061 24.4776
69061 69060 24.4776
69061 69062 9.852
69062 69061 9.852
69062 880546 3.6312
880546 69062 3.6312
880546 69063 1.1808
69063 880546 1.1808
69057 69064 33.1812
69064 69057 33.1812
69066 69065 24.8544
69065 69066 24.8544
69065 1031839 11.0736
1031839 69065 11.0736
1031839 69063 5.8968
69063 1031839 5.8968
68886 880544 5.124
880544 68886 5.124
880544 880542 4.9824
880542 880544 4.9824
880542 880543 3.93
880543 880542 3.93
880543 880551 2.4108
880551 880543 2.4108
880551 880545 1.4124
880545 880551 1.4124
880545 69066 3.8352
69066 880545 3.8352
68886 68887 9.108
68887 68886 9.108
68887 68888 6.756
68888 68887 6.756
68888 68889 9.7644
68889 68888 9.7644
69067 69068 18.0216
69068 69067 18.0216
69068 69069 24.324
69069 69068 24.324
48096 48097 24.0948
48097 48096 24.0948
48097 48098 9.3204
48098 48097 9.3204
48098 16292 4.2156
16292 48098 4.2156
48096 69079 12.9636
69079 48096 12.9636
69079 541463 7.11
541463 69079 7.11
541463 69080 18.1908
69080 541463 18.1908
69080 69081 5.4324
69081 69080 5.4324
1017986 68874 10.5336
68874 1017986 10.5336
68874 1714454 14.8032
1714454 68874 14.8032
1714454 68875 3.4776
68875 1714454 3.4776
68875 68876 26.4384
68876 68875 26.4384
68876 68877 13.5576
68877 68876 13.5576
68877 68878 36.7992
68878 68877 36.7992
68878 69797 11.9304
69797 68878 11.9304
69797 68879 13.7808
68879 69797 13.7808
68879 69798 17.64
69798 68879 17.64
69798 68880 11.808
68880 69798 11.808
68880 69799 13.3344
69799 68880 13.3344
69799 69796 23.5224
69796 69799 23.5224
69796 68534 7.0056
68534 69796 7.0056
48107 69762 239.2056
69762 48107 239.2056
69762 1827539 20.1456
1827539 69762 20.1456
1827539 69811 27.3816
69811 1827539 27.3816
69763 665558 4.3992
665558 69763 4.3992
665558 277335 188.2584
277335 665558 188.2584
277335 277334 125.028
277334 277335 125.028
69764 553023 13.6032
553023 69764 13.6032
553023 69767 42.726
69767 553023 42.726
69767 69765 2.01
69765 69767 2.01
69765 69768 29.6544
69768 69765 29.6544
69768 69769 33.0696
69769 69768 33.0696
69769 1822184 4.4796
1822184 69769 4.4796
1822184 69766 3.2028
69766 1822184 3.2028
69769 69770 35.6364
69770 69769 35.6364
69770 975988 2.2464
975988 69770 2.2464
975988 975989 38.3292
975989 975988 38.3292
975989 975991 4.4352
975991 975989 4.4352
975991 975992 11.0088
975992 975991 11.0088
69780 69781 9.4116
69781 69780 9.4116
26762 69782 20.4312
69782 26762 20.4312
26796 69068 7.3188
69068 26796 7.3188
68899 68900 14.652
68900 68899 14.652
68900 1882360 30.9168
1882360 68900 30.9168
1882360 1882359 19.9584
1882359 1882360 19.9584
1882359 68901 8.0856
68901 1882359 8.0856
68901 1882361 9.0288
1882361 68901 9.0288
1882361 1882362 20.2752
1882362 1882361 20.2752
1882362 1882349 9.4968
1882349 1882362 9.4968
80614 16312 3.1536
16312 80614 3.1536
16312 68899 2.376
68899 16312 2.376
68899 68898 24.2064
68898 68899 24.2064
68898 69791 12.222
69791 68898 12.222
69791 69792 23.9976
69792 69791 23.9976
69792 252004 20.2428
