50629
134464 1281 1.2251
1292 718721 0.8484
718721 718722 0.6204
718722 1326428 0.678
1326428 1293 1.0626
1581 1364161 0.3744
1364161 1581 0.3744
1364161 1364179 1.7525
1364179 1364161 1.7525
1364179 1364169 3.2134
1364169 1364179 3.2134
1364169 684100 1.453
684100 1364169 1.453
684100 1364168 1.5487
1364168 684100 1.5487
1364168 1580 2.5495
1580 1364168 2.5495
1326450 1326448 1.4825
1326448 1326449 0.9914
1326449 559952 0.9749
559952 1326446 0.833
1326446 684124 6.9401
684124 1469457 2.2241
1469457 1469430 0.5306
1469430 703654 0.4831
703654 1469432 0.4874
1469432 1469431 0.5789
1469431 1747 0.6062
1748 525004 0.4824
525004 1748 0.4824
14117 1526727 0.553
1526727 14117 0.553
1526727 139391 0.4979
139391 1526727 0.4979
139391 14119 0.486
14119 139391 0.486
14119 139392 0.526
139392 14119 0.526
139392 656975 4.018
656975 139392 4.018
656975 139393 0.6901
139393 656975 0.6901
139393 14116 0.675
14116 139393 0.675
14116 14115 0.5432
14115 14116 0.5432
14115 139394 0.4936
139394 14115 0.4936
139394 14114 0.5821
14114 139394 0.5821
14114 133817 0.9929
133817 14114 0.9929
1855 1748 0.9634
1748 1855 0.9634
1580 1753279 6.2309
1753279 1580 6.2309
1753279 1363829 1.6891
1363829 1753279 1.6891
1363829 1364208 2.7065
1364208 1363829 2.7065
1364208 1364207 0.4046
1364207 1364208 0.4046
1364207 1364206 0.5839
1364206 1364207 0.5839
1364206 514642 1.9577
514642 1364206 1.9577
514642 2143 4.6174
2143 514642 4.6174
2143 1364153 0.6365
1364153 2143 0.6365
1364153 1796658 0.2592
1796658 1364153 0.2592
1796658 514669 0.3456
514669 1796658 0.3456
514669 2145 0.7985
2145 514669 0.7985
2145 2146 2.1917
2146 2145 2.1917
2146 906099 1.463
906099 2146 1.463
906099 906100 2.075
906100 906099 2.075
906100 2144 2.0419
2144 906100 2.0419
2146 717650 1.8871
717650 2146 1.8871
717650 1364152 1.9354
1364152 717650 1.9354
1364152 2147 3.857
2147 1364152 3.857
2147 1364149 1.1909
1364149 2147 1.1909
1364149 1364151 2.4019
1364151 1364149 2.4019
1364151 717651 1.1873
717651 1364151 1.1873
717651 1364150 1.6754
1364150 717651 1.6754
1364150 2148 1.6538
2148 1364150 1.6538
2148 717652 3.3365
717652 2148 3.3365
717652 2149 2.5812
2149 717652 2.5812
3672 571563 1.4112
571563 194958 0.7123
194958 222363 0.6387
222363 900594 0.4742
900594 571570 0.4881
571570 2015203 0.3183
3673 222395 7.8984
222395 571551 2.6496
571551 222369 2.6352
222369 3676 2.3904
3676 222354 2.0484
222354 222388 1.8756
222388 571547 2.0268
571547 3677 2.0268
3677 222333 2.1744
222333 571548 1.8684
571548 571549 0.9324
571549 1753 15.822
1281 823209 1.2344
823209 330356 0.4943
330356 330300 0.4788
330300 330231 0.5072
330231 330344 0.5191
330344 50709 0.6797
50709 330267 0.7358
330267 1283 0.6934
1283 330315 0.5641
330315 50710 0.5846
50710 330202 0.6851
330202 330247 0.6854
330247 1284 0.8622
1284 330326 1.2038
5490 3334 6.0782
5487 447548 2.376
447548 447563 1.4832
447563 1328631 0.815
1328631 121280 1.1412
121280 121281 1.8677
121281 447578 1.6625
447578 447579 1.5451
447579 121282 1.6711
121282 5493 1.6481
5493 447549 1.6445
447549 121289 2.1492
121289 447541 2.2738
447541 121290 2.1658
121290 447562 1.7842
447562 447567 1.823
447567 121316 2.5157
121316 121315 2.3674
121315 1627450 3.3005
1627450 1627448 1.3507
1627448 5492 1.3745
5489 866677 2.4595
866677 754918 4.163
7187 1299 2.8624
1286 7188 2.8886
7566 7565 6.3497
1300 330348 2.3688
330348 330311 1.527
330311 330358 0.873
330358 823216 1.7238
823216 50693 1.3404
50693 330240 1.4646
330240 330317 1.0872
330317 330249 2.0586
330249 50690 1.0674
50690 330328 2.1402
330328 8002 2.4246
8002 823215 2.3286
823215 8003 2.634
8003 330282 1.6818
330282 330341 1.299
330341 50691 1.1784
50691 330227 1.6164
330227 8004 1.2144
8004 330297 1.2444
330297 50692 1.1418
50692 330186 2.2506
330186 330235 0.8898
330235 330310 1.5828
330310 8005 2.6628
1300 330321 4.8445
330321 330244 7.2569
330244 330179 1.089
330179 330287 0.7628
330287 330273 0.607
330273 1301 0.7128
14117 14118 1.1376
14118 14117 1.1376
14118 1526728 0.6343
1526728 14118 0.6343
1526728 1526729 0.4482
1526729 1526728 0.4482
1526729 14120 0.4025
14120 1526729 0.4025
14120 139376 0.5371
139376 14120 0.5371
139376 14121 0.6905
14121 139376 0.6905
14121 139377 0.6469
139377 14121 0.6469
139377 139378 0.4342
139378 139377 0.4342
139378 14122 0.4442
14122 139378 0.4442
14122 139379 0.3773
139379 14122 0.3773
139379 14123 0.8302
14123 139379 0.8302
14123 866543 0.5004
866543 14123 0.5004
866543 866542 0.3884
866542 866543 0.3884
866542 14124 0.3215
14124 866542 0.3215
14124 866541 0.3834
866541 14124 0.3834
866541 14125 0.4554
14125 866541 0.4554
14125 973291 0.2765
973291 14125 0.2765
973291 866540 0.2002
866540 973291 0.2002
866540 14126 0.5994
14126 866540 0.5994
14126 973264 0.3226
973264 14126 0.3226
973264 866539 0.5166
866539 973264 0.5166
866539 139380 0.7924
139380 866539 0.7924
139380 866538 1.6049
866538 139380 1.6049
866538 14127 0.545
14127 866538 0.545
14127 866537 0.5731
866537 14127 0.5731
866537 14128 0.5724
14128 866537 0.5724
14128 14129 2.7821
14129 14128 2.7821
14129 866536 0.2599
866536 14129 0.2599
866536 14130 0.3103
14130 866536 0.3103
14130 866534 0.1764
866534 14130 0.1764
866534 14131 0.4223
14131 866534 0.4223
14131 14132 0.446
14132 14131 0.446
14946 138794 1.1004
138794 501637 0.9798
501637 501620 0.9888
501620 14930 0.9756
14930 400644 0.5676
400644 138795 0.5868
138795 27247 0.9516
501870 506603 7.4148
506603 501870 7.4148
506603 14952 2.0616
14952 506603 2.0616
14952 400528 2.478
400528 14952 2.478
400528 506639 13.0716
506639 400528 13.0716
506639 1174149 0.8964
1174149 506639 0.8964
14956 236479 3.4164
236479 14956 3.4164
236479 14955 6.4224
14955 236479 6.4224
642353 2015339 0.0828
2015339 642353 0.0828
642353 642347 3.2585
642347 642353 3.2585
642347 642345 1.8627
642345 642347 1.8627
642345 571217 2.5827
571217 642345 2.5827
571217 642341 1.5902
642341 571217 1.5902
642341 501216 1.2939
501216 642341 1.2939
2015341 501216 0.2299
501216 2015341 0.2299
15343 400530 2.0148
400530 15343 2.0148
400530 506583 10.3668
506583 400530 10.3668
506583 590946 1.4004
590946 506583 1.4004
590946 506643 1.9212
506643 590946 1.9212
506643 590957 8.34
590957 506643 8.34
590957 167132 8.0784
167132 590957 8.0784
167132 1873472 0.4068
1873472 167132 0.4068
1873472 14952 2.0892
14952 1873472 2.0892
501789 489967 1.5816
489967 501789 1.5816
489967 1352431 2.4198
1352431 489967 2.4198
1352431 509212 1.2264
509212 1352431 1.2264
509212 399535 2.0364
399535 509212 2.0364
399535 910112 0.3984
910112 399535 0.3984
576801 576802 4.1436
576802 576801 4.1436
15572 690387 1.4916
690387 15572 1.4916
690387 514344 3.4878
514344 690387 3.4878
514344 15609 4.0794
15609 514344 4.0794
15609 514345 5.6058
514345 15609 5.6058
514345 514346 2.3778
514346 514345 2.3778
514346 1536818 1.0248
1536818 514346 1.0248
1536818 713381 0.1206
713381 1536818 0.1206
713381 15610 0.9174
15610 713381 0.9174
15610 514347 4.7088
514347 15610 4.7088
514347 514348 2.6568
514348 514347 2.6568
514348 514349 1.185
514349 514348 1.185
514349 15611 1.1454
15611 514349 1.1454
15611 312995 3.7404
312995 15611 3.7404
312995 694677 3.8484
694677 312995 3.8484
1626580 16344 4.212
16344 1626580 4.212
16344 230143 43.4448
230143 16344 43.4448
230143 1626579 4.2912
1626579 230143 4.2912
498379 16345 2.0686
16348 16349 3.4193
16349 16348 3.4193
17607 127827 7.6968
127827 127826 11.016
127826 1488275 1.3032
1488275 1488268 11.6784
1488268 17605 11.0088
17605 127832 10.008
127832 127831 2.3544
127831 17606 9.054
222414 684422 7.2108
684422 684423 5.4648
684423 1149131 2.1888
22529 498484 0.3738
498484 498486 0.3624
498486 498490 0.348
498490 498495 0.402
498495 498501 0.4134
498501 498504 0.4848
498504 498507 0.4968
498507 498513 0.6978
498513 500868 0.8742
500868 498531 2.883
498531 498533 0.4728
498533 1868875 0.7404
1868875 498560 1.0824
576802 576803 1.9806
576803 576802 1.9806
576803 330323 1.053
330323 576803 1.053
330323 127488 0.7278
127488 330323 0.7278
127488 127490 0.7146
127490 127488 0.7146
127490 330207 0.6486
330207 127490 0.6486
330207 22953 0.6996
22953 330207 0.6996
22953 127489 0.5268
127489 22953 0.5268
127489 569644 0.7956
569644 127489 0.7956
569644 330276 0.711
330276 569644 0.711
330276 127494 0.573
127494 330276 0.573
127494 330334 0.597
330334 127494 0.597
330334 330221 0.6096
330221 330334 0.6096
330221 22954 0.4632
22954 330221 0.4632
22955 330327 0.6048
330327 330197 0.6696
330197 330260 0.903
330260 127493 0.576
127493 330340 0.5214
330340 127492 0.5628
127492 330225 0.6012
330225 127491 0.5718
127491 330274 0.7368
330274 330350 0.8226
330350 330234 0.7758
330234 22951 2.5026
1279 330248 0.8772
330248 330184 0.582
330184 127487 0.6342
127487 330295 0.4932
330295 139229 0.5298
139229 330239 0.516
330239 330357 0.5274
330357 330281 0.5832
330281 330212 1.2162
330212 330346 0.5724
330346 330268 0.477
330268 22955 0.8934
1282 330256 1.119
330256 330193 0.4656
330193 576808 0.4716
576808 330306 0.4104
330306 330210 0.3228
330210 22956 1.104
22956 330336 0.7668
330336 330204 0.3606
330204 330270 0.2496
330270 576807 0.5256
576807 576805 0.5634
576805 330349 0.489
330349 330233 0.609
330233 22952 0.7614
31373 31368 1.8706
31368 31373 1.8706
40497 1761413 1.9051
1761413 40497 1.9051
1761413 38896 0.7452
38896 1761413 0.7452
1868873 129893 6.7968
129893 1868873 6.7968
129893 498530 6.6384
498530 129893 6.6384
498530 498526 5.9364
498526 498530 5.9364
498526 498525 6.246
498525 498526 6.246
498525 498524 5.5044
498524 498525 5.5044
498524 498523 4.5396
498523 498524 4.5396
498523 498522 3.6432
498522 498523 3.6432
498522 498521 5.9904
498521 498522 5.9904
498521 498520 6.282
498520 498521 6.282
498520 400862 6.138
400862 498520 6.138
400862 139429 5.8356
139429 400862 5.8356
120727 1841550 7.2396
1841550 120727 7.2396
1841550 139419 33.4872
139419 1841550 33.4872
375203 375208 0.7711
375208 401189 0.6966
401189 1190567 0.6721
127247 501786 0.6797
501786 127247 0.6797
501786 513521 1.2524
513521 501786 1.2524
40268 1692729 0.2185
1692729 1692730 0.2056
1692730 40269 0.193
40269 1692728 0.301
1692728 1692731 0.3136
1692731 14925 0.6001
500870 200638 2.3371
200638 500870 2.3371
200638 275043 0.3492
275043 200638 0.3492
275043 498512 0.3456
498512 275043 0.3456
498512 40273 0.4054
40273 498512 0.4054
40273 1166721 2.5466
1166721 40273 2.5466
1166721 559674 1.3291
559674 1166721 1.3291
559674 498682 0.2549
498682 559674 0.2549
498676 40271 2.1132
40271 498474 1.4472
498474 275084 1.4256
275084 200633 1.5912
200633 275038 3.2904
498665 40270 0.6012
40270 200628 0.2808
200628 275060 0.2902
275060 200629 0.347
200629 200630 1.0433
200630 200631 0.4334
200631 275061 0.3974
275061 275062 0.3521
275062 498436 0.7351
44277 127247 0.5771
127247 44277 0.5771
1798942 138719 3.5784
138719 1798942 3.5784
138719 40340 10.1664
40340 138719 10.1664
40340 1798952 2.052
1798952 40340 2.052
1798952 1798941 3.2904
1798941 1798952 3.2904
40494 236498 0.2678
236498 120737 0.2678
120737 120738 0.2686
120738 40495 0.2671
40495 120739 0.2678
120739 40501 0.2678
40501 120740 0.2678
38906 502583 5.5728
502583 38906 5.5728
502583 502585 6.1704
502585 502583 6.1704
502585 502592 6.1704
502592 502585 6.1704
502592 502590 6.1704
502590 502592 6.1704
502590 502580 6.1704
502580 502590 6.1704
502580 502582 6.174
502582 502580 6.174
502582 142823 5.0796
142823 502582 5.0796
142823 38907 3.0276
38907 142823 3.0276
5744 200639 1.3644
200639 498343 0.4925
498343 498345 0.4352
498345 498347 0.531
498347 498353 0.463
498353 498370 0.5047
498370 498377 0.3233
599751 163381 3.1662
163381 599751 3.1662
163381 644704 1.3635
644704 163381 1.3635
644704 409622 1.2015
409622 644704 1.2015
409622 163382 1.4877
163382 409622 1.4877
163382 1059150 0.8865
1059150 163382 0.8865
1059150 401262 0.8487
401262 1059150 0.8487
401262 817293 7.0227
817293 401262 7.0227
64422 121011 9.0869
121011 64422 9.0869
121011 743129 1.6797
743129 121011 1.6797
743129 1896803 1.1582
1896803 743129 1.1582
1896803 1992130 2.447
1992130 1896803 2.447
1992130 747000 2.5174
747000 1992130 2.5174
747000 1345952 2.0664
1345952 747000 2.0664
1345952 64386 0.6789
64386 1345952 0.6789
330294 197028 0.3471
197028 330294 0.3471
197028 330264 0.3322
330264 197028 0.3322
330264 330199 0.3096
330199 330264 0.3096
330199 330316 0.432
330316 330199 0.432
330316 330238 0.5256
330238 330316 0.5256
330238 495045 2.305
495045 330238 2.305
495045 570864 1.3011
570864 495045 1.3011
570864 569648 0.2782
569648 570864 0.2782
40772 638724 1.2228
638724 40772 1.2228
638724 64391 4.0128
64391 638724 4.0128
64391 638725 3.2076
638725 64391 3.2076
638725 140894 2.7348
140894 638725 2.7348
140894 323239 2.1288
323239 140894 2.1288
323239 64390 14.934
64390 323239 14.934
495049 1204348 4.4928
1204348 495049 4.4928
1204348 50644 113.5872
50644 1204348 113.5872
50644 1204352 114.5376
1204352 50644 114.5376
1204352 570864 5.3064
570864 1204352 5.3064
139081 524006 19.3908
524006 139081 19.3908
524006 50659 20.3472
50659 524006 20.3472
50659 495051 22.8588
495051 50659 22.8588
40771 142394 5.7657
142394 40771 5.7657
142394 1086909 2.9962
1086909 142394 2.9962
1086909 1805370 0.6207
1805370 1086909 0.6207
1805370 1805369 0.4917
1805369 1805370 0.4917
1805369 1805371 0.5318
1805371 1805369 0.5318
1805371 383610 6.7757
383610 1805371 6.7757
383610 1086868 1.3171
1086868 383610 1.3171
1086868 1086908 4.1081
1086908 1086868 4.1081
1086908 1086898 1.4205
1086898 1086908 1.4205
1086898 138737 1.2672
138737 1086898 1.2672
138737 383643 1.7676
383643 138737 1.7676
383643 64413 1.0522
64413 383643 1.0522
50507 50506 4.1676
50506 50507 4.1676
50506 50505 2.2356
50505 50506 2.2356
50505 746873 4.6944
746873 50505 4.6944
746873 50504 14.0124
50504 746873 14.0124
50504 50503 2.5944
50503 50504 2.5944
50503 516662 1.368
516662 50503 1.368
516662 516661 4.2036
516661 516662 4.2036
516661 50502 1.1256
50502 516661 1.1256
50502 516660 6.9876
516660 50502 6.9876
516660 516659 2.9328
516659 516660 2.9328
516659 50501 2.562
50501 516659 2.562
50501 50500 1.7256
50500 50501 1.7256
50500 1211936 3.2184
1211936 50500 3.2184
1211936 50499 4.0428
50499 1211936 4.0428
50499 50498 7.4484
50498 50499 7.4484
50498 50497 2.3904
50497 50498 2.3904
50497 50496 1.6272
50496 50497 1.6272
50496 50495 1.2132
50495 50496 1.2132
50495 408654 7.3428
408654 50495 7.3428
408654 50474 1.8168
50474 408654 1.8168
50474 50475 2.6568
50475 50474 2.6568
50475 50476 3.4788
50476 50475 3.4788
50476 50477 3.6144
50477 50476 3.6144
50477 50478 2.7876
50478 50477 2.7876
50478 50479 2.1096
50479 50478 2.1096
50479 50480 1.9068
50480 50479 1.9068
50480 516658 3.2868
516658 50480 3.2868
516658 50481 2.8536
50481 516658 2.8536
50481 1798665 2.364
1798665 50481 2.364
1798665 50482 0.6144
50482 1798665 0.6144
50482 516656 3.732
516656 50482 3.732
516656 1803760 2.0124
1803760 516656 2.0124
1803760 50483 1.9452
50483 1803760 1.9452
50474 50508 3.258
50508 50474 3.258
50508 50509 3.858
50509 50508 3.858
50509 50510 2.5872
50510 50509 2.5872
50510 50511 1.3536
50511 50510 1.3536
50511 50512 3.7332
50512 50511 3.7332
50512 50513 3.6132
50513 50512 3.6132
50513 50514 2.9232
50514 50513 2.9232
50514 50515 3.1356
50515 50514 3.1356
50515 730677 2.7624
730677 50515 2.7624
730677 1798663 1.062
1798663 730677 1.062
1798663 50516 1.314
50516 1798663 1.314
50516 50517 2.3472
50517 50516 2.3472
50517 1804065 2.124
1804065 50517 2.124
1804065 516655 1.7064
516655 1804065 1.7064
516655 1804064 1.0236
1804064 516655 1.0236
1804064 50518 1.2276
50518 1804064 1.2276
50518 1804063 1.1352
1804063 50518 1.1352
1804063 1804062 0.5988
1804062 1804063 0.5988
1804062 50519 0.8904
50519 1804062 0.8904
50519 50483 9.3444
50483 50519 9.3444
31383 1798169 0.6312
1798169 31383 0.6312
1798169 1859511 1.83
1859511 1798169 1.83
1859511 1859507 2.2932
1859507 1859511 2.2932
1859507 50526 3.4992
50526 1859507 3.4992
50526 50521 5.9292
50521 50526 5.9292
50521 701629 21.954
701629 50521 21.954
701629 50522 4.9368
50522 701629 4.9368
50521 50523 25.0092
50523 50521 25.0092
50523 50524 13.6728
50524 50523 13.6728
50524 50525 17.784
50525 50524 17.784
50525 701635 1.7352
701635 50525 1.7352
701635 554096 9.2412
554096 701635 9.2412
50526 50527 19.7892
50527 50526 19.7892
50527 50528 29.9628
50528 50527 29.9628
50529 1600725 1.0704
1600725 50529 1.0704
1600725 50530 1.2192
50530 1600725 1.2192
50530 730664 5.1576
730664 50530 5.1576
730664 1859513 3.0144
1859513 730664 3.0144
1859513 312872 1.5288
312872 1859513 1.5288
312872 1929519 7.0524
1929519 312872 7.0524
1929519 632431 1.1088
632431 1929519 1.1088
632431 1929449 0.6756
1929449 632431 0.6756
1929449 1929518 1.3428
1929518 1929449 1.3428
1929518 632420 7.5612
632420 1929518 7.5612
632420 632415 7.35
632415 632420 7.35
632415 632414 0.8448
632414 632415 0.8448
632414 50531 11.6292
50531 632414 11.6292
50531 50532 1.7604
50532 50531 1.7604
50534 1118680 2.4468
1118680 50534 2.4468
1118680 1222202 12.2112
1222202 1118680 12.2112
1222202 1322872 2.1408
1322872 1222202 2.1408
1322872 50552 4.23
50552 1322872 4.23
50552 1896080 3.1632
1896080 50552 3.1632
1896080 50536 5.0916
50536 1896080 5.0916
50536 1513705 6.3276
1513705 50536 6.3276
1513705 1150941 0.4212
1150941 1513705 0.4212
1150941 1150930 5.5476
1150930 1150941 5.5476
1150930 50535 0.3012
50535 1150930 0.3012
50536 50537 11.1072
50537 50536 11.1072
50537 50538 2.5092
50538 50537 2.5092
50538 50539 5.3508
50539 50538 5.3508
50539 50540 1.2096
50540 50539 1.2096
50540 50541 3.078
50541 50540 3.078
50541 50542 4.626
50542 50541 4.626
50542 50543 3.7368
50543 50542 3.7368
50543 50544 28.5312
50544 50543 28.5312
50544 50545 3.4236
50545 50544 3.4236
50545 50546 3.7704
50546 50545 3.7704
50546 426998 4.8996
426998 50546 4.8996
426998 50494 3.8592
50494 426998 3.8592
50547 1150942 35.1828
1150942 50547 35.1828
1150942 50535 1.5276
50535 1150942 1.5276
50535 1896306 3.5688
1896306 50535 3.5688
1896306 50556 18.012
50556 1896306 18.012
50556 50550 21.2424
50550 50556 21.2424
50550 50548 12.3432
50548 50550 12.3432
50549 1211738 22.0668
1211738 50549 22.0668
1211738 50550 15.4056
50550 1211738 15.4056
50550 1896305 2.2572
1896305 50550 2.2572
1896305 50554 18.5568
50554 1896305 18.5568
50554 1211932 19.0968
1211932 50554 19.0968
1211932 50551 1.7928
50551 1211932 1.7928
50552 1222197 23.676
1222197 50552 23.676
1222197 50553 5.5284
50553 1222197 5.5284
50553 1222199 0.5436
1222199 50553 0.5436
1222199 50554 13.6416
50554 1222199 13.6416
50554 1322852 1.5912
1322852 50554 1.5912
1322852 50555 19.344
50555 1322852 19.344
50556 1513703 7.5132
1513703 50556 7.5132
1513703 50557 30.8916
50557 1513703 30.8916
2005774 50559 1.746
50559 2005774 1.746
50559 50560 13.5084
50560 50559 13.5084
50560 1409316 3.2124
1409316 50560 3.2124
1409316 50626 12.4464
50626 1409316 12.4464
50626 1825043 3.7332
1825043 50626 3.7332
1825043 50561 13.2732
50561 1825043 13.2732
50561 50562 22.1736
50562 50561 22.1736
50562 50563 7.974
50563 50562 7.974
50563 50564 11.4096
50564 50563 11.4096
1118682 1590342 0.3374
1590342 1118682 0.3374
1590342 1322830 3.8844
1322830 1590342 3.8844
1322830 1103558 0.4089
1103558 1322830 0.4089
1103558 50566 0.6804
50566 1103558 0.6804
50566 1803711 0.6382
1803711 50566 0.6382
1803711 50567 0.5739
50567 1803711 0.5739
50567 1469932 0.3708
1469932 50567 0.3708
1469932 1322848 1.0059
1322848 1469932 1.0059
1322848 1803710 0.3322
1803710 1322848 0.3322
1803710 50568 0.343
50568 1803710 0.343
50568 50569 0.4762
50569 50568 0.4762
50569 1901435 1.0106
1901435 50569 1.0106
1901435 1803709 0.2083
1803709 1901435 0.2083
1803709 50570 4.554
50570 1803709 4.554
50570 1410695 0.6429
1410695 50570 0.6429
1410695 50571 0.6326
50571 1410695 0.6326
50571 50572 0.5261
50572 50571 0.5261
50572 50573 1.1793
50573 50572 1.1793
50573 50574 2.1363
50574 50573 2.1363
50574 50575 2.5107
50575 50574 2.5107
50575 50576 1.8144
50576 50575 1.8144
50576 1803713 0.4721
1803713 50576 0.4721
1803713 50577 0.4289
50577 1803713 0.4289
50577 1803712 0.4593
1803712 50577 0.4593
1803712 50578 0.5215
50578 1803712 0.5215
50578 50579 2.0129
50579 50578 2.0129
50616 1000142 12.1104
1000142 50616 12.1104
1000142 50617 9.7056
50617 1000142 9.7056
50617 50618 7.7616
50618 50617 7.7616
50618 50619 29.7576
50619 50618 29.7576
50619 50620 41.184
50620 50619 41.184
50620 50621 34.164
50621 50620 34.164
50621 50622 45.0216
50622 50621 45.0216
50622 50623 28.7208
50623 50622 28.7208
50623 50624 50.8536
50624 50623 50.8536
50624 50625 21.9816
50625 50624 21.9816
50625 50626 58.7304
50626 50625 58.7304
50579 1211767 15.875
1211767 50579 15.875
1211767 50627 0.2402
50627 1211767 0.2402
50627 1211739 11.1158
1211739 50627 11.1158
1211739 544364 4.9742
544364 1211739 4.9742
544364 50628 1.2528
50628 544364 1.2528
50628 50629 0.9458
50629 50628 0.9458
50629 50630 0.8095
50630 50629 0.8095
50630 50631 0.7596
50631 50630 0.7596
50631 50632 4.7705
50632 50631 4.7705
50632 50633 0.7323
50633 50632 0.7323
50633 1799751 0.5328
1799751 50633 0.5328
1799751 50634 0.5246
50634 1799751 0.5246
50634 50635 3.15
50635 50634 3.15
50635 50636 0.7195
50636 50635 0.7195
50636 1799752 0.5883
1799752 50636 0.5883
1799752 50637 0.5467
50637 1799752 0.5467
50637 50638 0.577
50638 50637 0.577
50638 139230 6.2105
139230 50638 6.2105
50640 1322767 1.7328
1322767 50640 1.7328
1322767 524008 17.5236
524008 1322767 17.5236
524008 1323598 0.7248
1323598 524008 0.7248
1323598 50641 5.7624
50641 1323598 5.7624
50641 50642 13.9872
50642 50641 13.9872
50642 495052 22.6092
495052 50642 22.6092
50654 50653 14.13
50653 50654 14.13
50646 743091 10.218
743091 50646 10.218
743091 50647 9.2796
50647 743091 9.2796
50647 1322772 18.3444
1322772 50647 18.3444
1322772 50648 1.962
50648 1322772 1.962
50648 1322773 1.2276
1322773 50648 1.2276
1322773 524003 15.774
524003 1322773 15.774
524003 1799833 6.0264
1799833 524003 6.0264
1799833 50649 1.0596
50649 1799833 1.0596
50652 524001 19.3752
524001 50652 19.3752
524001 50655 0.51
50655 524001 0.51
40772 743105 2.016
743105 40772 2.016
743105 743118 1.3973
743118 743105 1.3973
743118 50646 1.1433
50646 743118 1.1433
50642 50659 11.6112
50659 50642 11.6112
50659 50660 11.5464
50660 50659 11.5464
50660 1902527 10.6968
1902527 50660 10.6968
1902527 1902526 1.5612
1902526 1902527 1.5612
1902526 50661 1.0032
50661 1902526 1.0032
50662 129957 5.01
129957 50662 5.01
129957 323236 8.5272
323236 129957 8.5272
512933 50653 18.3228
50653 512933 18.3228
50653 946753 12.5472
946753 50653 12.5472
50665 527874 16.6476
527874 50665 16.6476
527874 50654 2.0124
50654 527874 2.0124
50654 100051 12.2352
100051 50654 12.2352
1388721 47350 1.9224
47350 1388721 1.9224
47350 747011 6.5815
747011 47350 6.5815
747011 50666 2.6863
50666 747011 2.6863
50666 743134 4.7592
743134 50666 4.7592
743134 50667 5.5068
50667 743134 5.5068
50667 50668 4.8948
50668 50667 4.8948
50668 1323580 2.0124
1323580 50668 2.0124
1323580 50669 2.1072
50669 1323580 2.1072
50669 50670 10.182
50670 50669 10.182
50670 50671 12.2844
50671 50670 12.2844
50671 1323583 2.52
1323583 50671 2.52
1323583 50672 1.902
50672 1323583 1.902
50672 743095 2.0196
743095 50672 2.0196
743095 1323582 0.7536
1323582 743095 0.7536
1323582 1323581 0.762
1323581 1323582 0.762
1323581 50673 0.7104
50673 1323581 0.7104
50673 50674 1.4184
50674 50673 1.4184
50674 743096 6.3
743096 50674 6.3
743096 50675 4.4196
50675 743096 4.4196
50675 50676 2.3412
50676 50675 2.3412
50676 743101 4.4232
743101 50676 4.4232
743101 50677 1.206
50677 743101 1.206
50677 50678 2.172
50678 50677 2.172
1280 142401 2.6964
142401 1280 2.6964
142401 540892 0.5796
540892 142401 0.5796
540892 542076 2.6148
542076 540892 2.6148
542076 50696 0.7476
50696 542076 0.7476
50705 1222193 20.844
1222193 50705 20.844
1222193 570865 5.7492
570865 1222193 5.7492
570865 654992 12.222
654992 570865 12.222
654992 570866 6.6312
570866 654992 6.6312
570866 570867 6.9804
570867 570866 6.9804
570867 570868 37.5624
570868 570867 37.5624
570868 570869 28.7496
570869 570868 28.7496
570869 570870 3.0132
570870 570869 3.0132
570870 570871 4.5792
570871 570870 4.5792
570871 50699 4.4244
50699 570871 4.4244
50699 570872 14.2956
570872 50699 14.2956
570872 50700 43.236
50700 570872 43.236
50700 50698 35.0424
50698 50700 35.0424
50698 50701 21.3912
50701 50698 21.3912
50701 570874 5.0688
570874 50701 5.0688
570874 570873 7.1352
570873 570874 7.1352
570873 50702 7.9992
50702 570873 7.9992
50702 1323624 18.234
1323624 50702 18.234
50696 540900 1.6942
540900 50696 1.6942
540900 540901 11.5366
540901 540900 11.5366
540901 50697 14.3338
50697 540901 14.3338
50697 50703 4.7851
50703 50697 4.7851
50703 540910 4.2811
540910 50703 4.2811
50705 50706 51.8688
50706 50705 51.8688
50706 654999 9.1332
654999 50706 9.1332
654999 50707 11.5704
50707 654999 11.5704
50707 50708 21.2616
50708 50707 21.2616
50708 958478 32.2164
958478 50708 32.2164
135566 1149142 3.918
1149142 135566 3.918
1149142 470638 2.1204
470638 1149142 2.1204
470638 2006249 1.2912
2006249 470638 1.2912
2006249 1408982 6.2448
1408982 2006249 6.2448
1408982 1408983 6.4164
1408983 1408982 6.4164
1408983 51066 12.6504
51066 1408983 12.6504
51066 496493 2.3856
496493 51066 2.3856
496493 1602756 2.1264
1602756 496493 2.1264
1602756 1602754 4.8828
1602754 1602756 4.8828
1602754 496498 3.8724
496498 1602754 3.8724
496498 496501 5.3388
496501 496498 5.3388
496501 1408978 2.8908
1408978 496501 2.8908
1408978 496502 1.3452
496502 1408978 1.3452
496502 496503 2.604
496503 496502 2.604
496503 496504 1.9236
496504 496503 1.9236
51520 1800141 3.9394
1800141 51520 3.9394
1800141 1247901 0.1224
1247901 1800141 0.1224
1247901 1247897 4.0644
1247897 1247901 4.0644
1247897 1593948 6.299
1593948 1247897 6.299
1593948 111822 3.5794
111822 1593948 3.5794
111822 268682 0.5745
268682 111822 0.5745
268682 118510 5.8983
118510 268682 5.8983
118510 1777 1.295
1777 118510 1.295
1777 1250840 4.5545
1250840 1777 4.5545
1250840 119872 1.9486
119872 1250840 1.9486
119872 1245660 0.2371
1245660 119872 0.2371
1245660 880823 0.9689
880823 1245660 0.9689
880823 1541633 0.8553
1541633 880823 0.8553
1541633 1778 1.0522
1778 1541633 1.0522
1778 1082913 0.4942
1082913 1778 0.4942
1082913 1409782 1.4102
1409782 1082913 1.4102
1409782 1541632 3.3156
1541632 1409782 3.3156
1541632 1800139 1.548
1800139 1541632 1.548
1800139 111829 3.9477
111829 1800139 3.9477
111829 1082923 0.1821
1082923 111829 0.1821
1082923 472778 1.0095
472778 1082923 1.0095
472778 1082927 0.3482
1082927 472778 0.3482
56445 138730 1.6205
138730 56445 1.6205
138730 47359 2.0047
47359 138730 2.0047
56448 1812011 1.0452
1812011 56448 1.0452
1812011 133986 7.9716
133986 1812011 7.9716
133986 1669519 2.6016
1669519 133986 2.6016
1669519 1107760 14.5344
1107760 1669519 14.5344
1107760 715010 6.2016
715010 1107760 6.2016
715010 383647 2.1084
383647 715010 2.1084
383647 1668100 7.3176
1668100 383647 7.3176
1668100 56449 1.8348
56449 1668100 1.8348
56449 383648 0.9576
383648 56449 0.9576
383648 1193040 1.4004
1193040 383648 1.4004
1193040 56447 1.3584
56447 1193040 1.3584
56450 56451 14.4696
56451 56450 14.4696
56451 64420 14.9784
64420 56451 14.9784
64420 64419 4.464
64419 64420 4.464
64419 56445 2.7456
56445 64419 2.7456
375209 375210 0.917
375210 375211 0.9252
1808165 122959 8.6562
122959 1490772 2.4984
1490772 642364 6.6978
642364 588832 4.2318
588832 62571 1.449
375206 1273997 2.6453
1273997 375190 0.4014
5745 1154517 1.2406
1154517 5745 1.2406
1154517 63671 1.4832
63671 1154517 1.4832
63672 1748338 0.936
1748338 498413 0.9742
498413 63673 3.6036
63673 63671 1.2319
1489213 139458 0.4367
139458 1489213 0.4367
139458 40503 0.4342
40503 139458 0.4342
40503 498405 0.4327
498405 40503 0.4327
498405 139459 0.5782
139459 498405 0.5782
139459 16347 1.0357
16347 139459 1.0357
64333 64334 2.4132
64334 64333 2.4132
64334 64335 8.1576
64335 64334 8.1576
64335 64336 17.9616
64336 64335 17.9616
56455 64337 3.9468
64337 56455 3.9468
64337 64338 23.8224
64338 64337 23.8224
64331 64339 26.4408
64339 64331 26.4408
64340 64341 2.0976
64341 64340 2.0976
64341 64342 7.764
64342 64341 7.764
64342 383614 0.774
383614 64342 0.774
383614 1668167 3.294
1668167 383614 3.294
1668167 64332 3.1296
64332 1668167 3.1296
64332 64343 2.5488
64343 64332 2.5488
64343 64344 3.5268
64344 64343 3.5268
64345 64346 2.7708
64346 64345 2.7708
64346 64347 0.7704
64347 64346 0.7704
64347 1805372 0.8784
1805372 64347 0.8784
1805372 64348 0.9924
64348 1805372 0.9924
64348 64349 2.2776
64349 64348 2.2776
64349 64345 0.894
64345 64349 0.894
47355 64350 2.31
64350 47355 2.31
64350 64351 6.936
64351 64350 6.936
64351 64352 6.4872
64352 64351 6.4872
64353 64354 5.7168
64354 64353 5.7168
64354 64355 1.9668
64355 64354 1.9668
64355 64352 5.8476
64352 64355 5.8476
64352 64356 5.1084
64356 64352 5.1084
64356 64357 10.4292
64357 64356 10.4292
47354 64358 2.628
64358 47354 2.628
64358 64357 13.3164
64357 64358 13.3164
64357 64359 12.3252
64359 64357 12.3252
64356 64360 22.4256
64360 64356 22.4256
64355 64361 24.3996
64361 64355 24.3996
64361 64362 5.2428
64362 64361 5.2428
64362 64363 5.796
64363 64362 5.796
64361 64364 13.5912
64364 64361 13.5912
64364 64365 5.2428
64365 64364 5.2428
64346 64366 2.448
64366 64346 2.448
64366 64367 1.8744
64367 64366 1.8744
64367 64368 3.5364
64368 64367 3.5364
64368 64369 2.1888
64369 64368 2.1888
64369 64353 5.622
64353 64369 5.622
64353 64370 12.1968
64370 64353 12.1968
64370 64365 9.6984
64365 64370 9.6984
64365 64371 11.7156
64371 64365 11.7156
64371 64372 3.1584
64372 64371 3.1584
64372 64373 2.7768
64373 64372 2.7768
64371 64374 1.4232
64374 64371 1.4232
64374 64375 1.2324
64375 64374 1.2324
64375 64376 6.7344
64376 64375 6.7344
64376 1308116 4.9452
1308116 64376 4.9452
1308116 64363 5.718
64363 1308116 5.718
139082 1192978 53.4168
1192978 139082 53.4168
1192978 1192979 22.3848
1192979 1192978 22.3848
1192979 1192980 29.1096
1192980 1192979 29.1096
1192980 139083 42.4656
139083 1192980 42.4656
139083 139711 20.9232
139711 139083 20.9232
139711 64384 8.2944
64384 139711 8.2944
64384 139084 95.9256
139084 64384 95.9256
139084 64383 68.0472
64383 139084 68.0472
64383 64382 74.9736
64382 64383 74.9736
64382 64381 17.6256
64381 64382 17.6256
64381 1308126 7.7688
1308126 64381 7.7688
1308126 64380 24.6456
64380 1308126 24.6456
64380 47353 37.5264
47353 64380 37.5264
64384 64385 31.8576
64385 64384 31.8576
64386 1896804 1.8924
1896804 64386 1.8924
1896804 138750 11.748
138750 1896804 11.748
138750 1821065 7.3236
1821065 138750 7.3236
1821065 138746 2.6148
138746 1821065 2.6148
138746 64387 0.5724
64387 138746 0.5724
64387 64385 1.3956
64385 64387 1.3956
64385 64388 6.9084
64388 64385 6.9084
64388 1718802 1.5024
1718802 64388 1.5024
1718802 1574298 10.506
1574298 1718802 10.506
1574298 64389 0.6228
64389 1574298 0.6228
64389 134463 1.1496
134463 64389 1.1496
134463 1574293 1.4832
1574293 134463 1.4832
1574293 1574297 1.1448
1574297 1574293 1.1448
1574297 64390 2.2212
64390 1574297 2.2212
47353 64377 5.7924
64377 47353 5.7924
64377 64378 24.2208
64378 64377 24.2208
64378 138732 19.9044
138732 64378 19.9044
138732 64379 2.2572
64379 138732 2.2572
64408 1774615 6.6816
1774615 64408 6.6816
1774615 64411 11.844
64411 1774615 11.844
64411 64410 13.0896
64410 64411 13.0896
64410 64409 19.0584
64409 64410 19.0584
64409 64394 11.9016
64394 64409 11.9016
64401 64402 2.9412
64402 64401 2.9412
64402 64403 4.608
64403 64402 4.608
64403 64404 5.1972
64404 64403 5.1972
64404 64405 4.0812
64405 64404 4.0812
64405 64406 2.5404
64406 64405 2.5404
64406 64392 5.2596
64392 64406 5.2596
64348 1605080 19.1808
1605080 64348 19.1808
1605080 64407 8.7912
64407 1605080 8.7912
64408 64407 26.4384
64407 64408 26.4384
64394 64395 3.4416
64395 64394 3.4416
64395 64396 7.3392
64396 64395 7.3392
64396 64397 9.144
64397 64396 9.144
64397 555248 2.0712
555248 64397 2.0712
555248 64398 2.8752
64398 555248 2.8752
64398 64399 7.0452
64399 64398 7.0452
64399 64400 24.096
64400 64399 24.096
64418 142400 10.6128
142400 64418 10.6128
64419 64418 40.3344
64418 64419 40.3344
64418 64420 48.0672
64420 64418 48.0672
40771 142418 0.6912
142418 40771 0.6912
142418 655025 6.3252
655025 142418 6.3252
655025 47353 1.5055
47353 655025 1.5055
47353 1520970 0.3607
1520970 47353 0.3607
1520970 1643473 4.5871
1643473 1520970 4.5871
1643473 47354 4.0126
47354 1643473 4.0126
47354 47355 10.6985
47355 47354 10.6985
47355 64345 0.8359
64345 47355 0.8359
71807 71808 2.3832
71808 71807 2.3832
71808 71809 2.2212
71809 71808 2.2212
71809 71810 3.168
71810 71809 3.168
71810 71811 4.1616
71811 71810 4.1616
71811 71812 3.3192
71812 71811 3.3192
71812 71813 3.0888
71813 71812 3.0888
71813 71814 3.4056
71814 71813 3.4056
71814 71815 3.654
71815 71814 3.654
71815 71816 2.5776
71816 71815 2.5776
71816 400558 2.6244
400558 71816 2.6244
400558 71817 2.8836
71817 400558 2.8836
71817 71818 3.2796
71818 71817 3.2796
71818 400556 1.8
400556 71818 1.8
400556 71819 1.476
71819 400556 1.476
71819 71820 2.2428
71820 71819 2.2428
71820 71821 3.276
71821 71820 3.276
71821 400559 5.0076
400559 71821 5.0076
400559 71822 1.566
71822 400559 1.566
71822 71823 1.944
71823 71822 1.944
71823 71824 3.276
71824 71823 3.276
71824 71807 3.5784
71807 71824 3.5784
89197 89195 44.1864
89195 89197 44.1864
89195 2016276 39.8304
2016276 89195 39.8304
89190 800807 8.064
800807 89190 8.064
800807 2016280 79.2
2016280 800807 79.2
89239 2016282 63.2736
2016282 89239 63.2736
89260 89258 21.6972
89258 89259 12.9564
89259 89257 9.9216
277883 277884 57.7188
277884 277883 57.7188
277884 277885 13.2552
277885 277884 13.2552
277885 277886 32.5476
277886 277885 32.5476
277886 434488 33.084
434488 277886 33.084
434488 866305 3.708
866305 434488 3.708
866305 277887 5.958
277887 866305 5.958
277887 866306 3.7584
866306 277887 3.7584
866306 277888 4.6872
277888 866306 4.6872
277888 973114 1.4724
973114 277888 1.4724
973114 542864 32.0832
542864 973114 32.0832
542864 542865 29.6136
542865 542864 29.6136
542865 542867 79.6788
542867 542865 79.6788
542867 542866 5.9076
542866 542867 5.9076
542866 277889 4.6404
277889 542866 4.6404
277889 277890 6.3576
277890 277889 6.3576
277890 542862 6.7644
542862 277890 6.7644
542862 277891 5.274
277891 542862 5.274
277891 277883 18.108
277883 277891 18.108
277883 277892 16.1496
277892 277883 16.1496
277892 542853 4.212
542853 277892 4.212
542853 542852 4.7844
542852 542853 4.7844
542852 542851 4.8456
542851 542852 4.8456
542851 277893 13.7088
277893 542851 13.7088
277893 542850 10.6848
542850 277893 10.6848
542850 542849 10.0836
542849 542850 10.0836
542849 542847 24.1848
542847 542849 24.1848
542847 542843 10.6956
542843 542847 10.6956
542843 542841 9.7452
542841 542843 9.7452
542841 542838 9.7596
542838 542841 9.7596
542838 542839 10.3248
542839 542838 10.3248
542839 542842 10.6344
542842 542839 10.6344
542842 542844 5.2164
542844 542842 5.2164
542844 542846 4.7772
542846 542844 4.7772
542846 542848 5.0076
542848 542846 5.0076
542848 542854 23.832
542854 542848 23.832
542854 277906 5.8248
277906 542854 5.8248
277906 139378 4.2156
139378 277906 4.2156
506463 506430 5.3208
506430 506463 5.3208
506430 506475 3.7908
506475 506430 3.7908
506475 506464 1.1232
506464 506475 1.1232
506464 506485 3.6072
506485 506464 3.6072
506485 506450 11.7432
506450 506485 11.7432
506450 506474 9.5652
506474 506450 9.5652
506474 506456 7.2252
506456 506474 7.2252
506456 506494 7.0812
506494 506456 7.0812
506494 506455 16.146
506455 506494 16.146
506455 506449 1.9584
506449 506455 1.9584
506449 400610 2.1528
400610 506449 2.1528
400610 400609 3.222
400609 400610 3.222
400609 91399 4.6224
91399 400609 4.6224
400571 506604 6.3612
506604 400571 6.3612
91401 506439 4.5576
506439 91401 4.5576
506439 400606 4.8852
400606 506439 4.8852
400606 506434 40.4388
506434 400606 40.4388
506434 506433 6.1272
506433 506434 6.1272
506433 506428 3.6612
506428 506433 3.6612
506428 400596 3.672
400596 506428 3.672
400596 91400 6.3468
91400 400596 6.3468
91407 138970 4.7016
138970 138971 2.4372
138971 138972 3.744
138972 91411 1.89
511351 511428 35.7012
511428 511351 35.7012
501870 490007 10.026
490007 501870 10.026
490007 490010 8.154
490010 490007 8.154
490010 508896 9.7632
508896 490010 9.7632
508896 508820 3.5352
508820 508896 3.5352
508820 508891 6.1308
508891 508820 6.1308
91424 479778 11.1168
479778 91424 11.1168
479778 302864 13.0716
302864 479778 13.0716
302864 236450 5.5296
236450 302864 5.5296
236450 500116 21.0492
500116 236450 21.0492
500116 500111 2.3292
500111 500116 2.3292
500111 500112 2.7504
500112 500111 2.7504
500112 500113 16.5492
500113 500112 16.5492
500113 306449 16.7364
306449 500113 16.7364
306449 500117 7.0236
500117 306449 7.0236
500117 91421 10.9008
91421 500117 10.9008
500088 302851 5.6196
302851 500088 5.6196
302851 500101 5.472
500101 302851 5.472
500101 947938 32.0868
947938 500101 32.0868
947938 106128 0.2448
106128 947938 0.2448
106128 500106 26.7876
500106 106128 26.7876
500106 500104 36.5112
500104 500106 36.5112
500104 1782513 18.2448
1782513 500104 18.2448
1782513 500064 12.7116
500064 1782513 12.7116
500064 1782528 0.99
1782528 500064 0.99
1782528 500105 27.5508
500105 1782528 27.5508
500105 559337 12.9852
559337 500105 12.9852
559337 477395 24.9552
477395 559337 24.9552
477395 477396 4.4604
477396 477395 4.4604
477396 500117 7.1532
500117 477396 7.1532
236454 302621 3.0816
302621 236454 3.0816
302621 91429 4.0932
91429 302621 4.0932
501692 501712 14.0184
501712 501692 14.0184
501712 1735097 3.6432
1735097 501712 3.6432
1735097 501666 14.2128
501666 1735097 14.2128
501666 501682 2.0556
501682 501666 2.0556
501682 501716 2.1384
501716 501682 2.1384
501716 1735096 7.8084
1735096 501716 7.8084
1735096 501715 13.8672
501715 1735096 13.8672
501715 501726 1.872
501726 501715 1.872
501726 501680 1.5084
501680 501726 1.5084
501680 1735099 11.9088
1735099 501680 11.9088
1735099 501723 10.8468
501723 1735099 10.8468
501723 501734 2.4264
501734 501723 2.4264
501734 120713 2.5308
120713 501734 2.5308
458020 472037 15.012
472037 458020 15.012
472037 501701 4.8852
501701 472037 4.8852
501701 91437 3.7296
91437 501701 3.7296
91440 501694 39.744
501694 91440 39.744
501694 501693 2.0016
501693 501694 2.0016
501693 501708 2.394
501708 501693 2.394
501708 501687 1.836
501687 501708 1.836
501687 236488 1.7172
236488 501687 1.7172
236488 120716 5.3136
120716 236488 5.3136
123698 973370 27.6084
973370 123698 27.6084
973370 973369 20.2356
973369 973370 20.2356
973369 1628646 21.942
1628646 973369 21.942
1628646 1360584 6.228
1360584 1628646 6.228
1360584 500071 26.7552
500071 1360584 26.7552
64739 1317589 6.3084
1317589 64739 6.3084
1317589 818308 0.2148
818308 1317589 0.2148
818308 1760006 2.8416
1760006 818308 2.8416
1760006 644700 1.8588
644700 1760006 1.8588
644700 1760005 1.872
1760005 644700 1.872
1760005 818309 2.8764
818309 1760005 2.8764
818309 818310 11.3016
818310 818309 11.3016
818310 1059156 1.4112
1059156 818310 1.4112
1059156 230139 0.9252
230139 1059156 0.9252
230139 642481 9.5352
642481 230139 9.5352
642481 1269841 4.3008
1269841 642481 4.3008
1269841 498358 2.3976
498358 1269841 2.3976
498458 275063 0.6048
275063 200634 0.3838
200634 275064 0.3989
275064 200635 0.4183
200635 275065 1.0145
275065 498670 0.3269
498670 200636 0.2628
200636 200637 0.8532
16345 275023 0.5206
275023 16345 0.5206
275023 123426 0.8651
123426 275023 0.8651
123426 275024 0.7096
275024 123426 0.7096
275024 498398 0.7063
498398 275024 0.7063
498398 5745 0.7211
5745 498398 0.7211
330255 330192 1.1844
330192 330255 1.1844
330192 330305 1.7892
330305 330192 1.7892
330305 330291 1.134
330291 330305 1.134
330291 330222 1.998
330222 330291 1.998
330222 330335 5.0772
330335 330222 5.0772
330335 330277 1.4292
330277 330335 1.4292
330277 554345 0.7632
554345 330277 0.7632
554345 554344 9.168
554344 554345 9.168
554344 554343 13.3872
554343 554344 13.3872
330269 1631127 3.0216
1631127 330269 3.0216
1631127 330189 7.9824
330189 1631127 7.9824
330189 1631126 0.9504
1631126 330189 0.9504
1631126 330277 16.2204
330277 1631126 16.2204
330277 554346 13.4292
554346 330277 13.4292
554346 554347 11.4324
554347 554346 11.4324
554347 1486402 1.632
1486402 554347 1.632
1486402 1486401 0.7872
1486401 1486402 0.7872
1486401 1486400 1.4868
1486400 1486401 1.4868
1486400 554205 7.6164
554205 1486400 7.6164
2016378 93398 0.8112
93398 2016378 0.8112
2016380 93391 3.5412
