40753
20476 85551 2.1078
85551 85552 1.4227
85552 84340 0.9684
84340 84270 1.3144
20475 1992850 0.8095
1992850 20478 0.6233
20478 84272 0.6531
1123293 1510110 2.3076
1510110 1123293 2.3076
1510110 31951 81.72
31951 1510110 81.72
31951 31952 6.048
31952 31951 6.048
31952 31953 35.1612
31953 31952 35.1612
31953 31954 8.6112
31954 31953 8.6112
31954 31955 66.8376
31955 31954 66.8376
31955 31956 9.6336
31956 31955 9.6336
31956 31957 8.3772
31957 31956 8.3772
31957 1397156 6.9264
1397156 31957 6.9264
1347118 2015487 0.48
2015487 1347118 0.48
1347118 31959 2.2812
31959 1347118 2.2812
31959 1347615 5.9172
1347615 31959 5.9172
1347615 31960 3.624
31960 1347615 3.624
31960 1347616 8.2392
1347616 31960 8.2392
1347616 31961 9.7116
31961 1347616 9.7116
31961 1347608 0.9564
1347608 31961 0.9564
1347608 1347617 1.0032
1347617 1347608 1.0032
1347617 31962 3.714
31962 1347617 3.714
31962 275515 2.622
275515 31962 2.622
275515 1347596 0.1476
1347596 275515 0.1476
1347596 685242 1.3332
685242 1347596 1.3332
685242 275516 8.2608
275516 685242 8.2608
275516 275510 17.8992
275510 275516 17.8992
275510 275512 9.9732
275512 275510 9.9732
275512 685249 5.7696
685249 275512 5.7696
685249 275511 3.4152
275511 685249 3.4152
275511 1347601 1.908
1347601 275511 1.908
1347601 685250 0.318
685250 1347601 0.318
685250 275514 2.0052
275514 685250 2.0052
275514 685253 1.506
685253 275514 1.506
685253 275513 9.5676
275513 685253 9.5676
275513 275509 3.1752
275509 275513 3.1752
275509 262737 3.4824
262737 275509 3.4824
31964 2015489 2.4168
2015489 31964 2.4168
31964 1346026 7.806
1346026 31964 7.806
1346026 31965 5.1984
31965 1346026 5.1984
31965 1347446 1.2024
1347446 31965 1.2024
1347446 31966 21.3492
31966 1347446 21.3492
31966 31967 3.5424
31967 31966 3.5424
31967 476127 2.2356
476127 31967 2.2356
476127 31968 2.2776
31968 476127 2.2776
31968 31969 3.8076
31969 31968 3.8076
31969 1347120 1.9488
1347120 31969 1.9488
1347120 31970 1.5588
31970 1347120 1.5588
31970 31971 2.2356
31971 31970 2.2356
31971 401369 9.6576
401369 31971 9.6576
401369 31972 4.8924
31972 401369 4.8924
31972 401371 6.192
401371 31972 6.192
401371 401373 10.5324
401373 401371 10.5324
401373 31973 5.6796
31973 401373 5.6796
31973 31974 6.084
31974 31973 6.084
31974 389913 10.128
389913 31974 10.128
389913 31975 6.7284
31975 389913 6.7284
31975 401380 35.1852
401380 31975 35.1852
401380 31976 3.4212
31976 401380 3.4212
31976 262725 32.1996
262725 31976 32.1996
22114 2015671 2.8368
22114 22115 14.1214
22115 22116 13.387
22116 1032530 13.0478
1032530 22117 1.6236
22117 115462 1.2254
80824 1456992 2.862
1456992 80824 2.862
1456992 80831 3.8712
80831 1456992 3.8712
80831 80832 6.372
80832 80831 6.372
84270 20475 2.8188
20472 20471 5.3082
20471 20472 5.3082
84177 84178 9.0072
84178 84177 9.0072
84178 84179 19.5984
84179 84178 19.5984
84179 84180 22.6152
84180 84179 22.6152
84180 2007417 38.3616
2007417 84180 38.3616
84181 2007415 10.8288
2007415 84181 10.8288
2007415 84182 29.844
84182 2007415 29.844
84182 2007416 47.7648
2007416 84182 47.7648
2007416 84179 66.456
84179 2007416 66.456
84183 85303 13.1184
85303 84183 13.1184
85303 84184 4.5144
84184 85303 4.5144
84184 84185 14.0544
84185 84184 14.0544
84185 84186 14.3496
84186 84185 14.3496
84186 84187 11.8368
84187 84186 11.8368
84187 84188 20.412
84188 84187 20.412
84188 414967 86.2776
414967 84188 86.2776
414967 84189 31.2912
84189 414967 31.2912
84190 84191 8.2512
84191 84190 8.2512
84191 84192 17.064
84192 84191 17.064
84193 84194 7.9632
84194 84193 7.9632
84196 84197 50.0976
84197 84196 50.0976
1151735 1361109 1.8252
1361109 1151735 1.8252
1361109 84202 3.0888
84202 1361109 3.0888
84202 84203 4.8636
84203 84202 4.8636
84203 84204 2.178
84204 84203 2.178
84204 84205 8.91
84205 84204 8.91
84205 84206 10.7424
84206 84205 10.7424
84206 84207 8.4168
84207 84206 8.4168
84207 84208 5.22
84208 84207 5.22
84208 84209 8.8884
84209 84208 8.8884
84209 85525 5.3676
85525 84209 5.3676
84208 84210 6.5808
84210 84208 6.5808
84210 85308 4.8132
85308 84210 4.8132
85308 84211 0.7992
84211 85308 0.7992
84211 84212 14.5188
84212 84211 14.5188
84212 84213 4.9572
84213 84212 4.9572
84213 84214 5.2956
84214 84213 5.2956
84214 84215 6.6456
84215 84214 6.6456
84215 84216 6.4332
84216 84215 6.4332
84216 1151736 3.7908
1151736 84216 3.7908
84217 85530 4.9464
85530 84217 4.9464
85530 85531 15.858
85531 85530 15.858
85531 85532 13.7088
85532 85531 13.7088
85532 85533 8.3772
85533 85532 8.3772
85533 85534 11.7972
85534 85533 11.7972
85534 85535 15.5124
85535 85534 15.5124
85535 85536 6.0732
85536 85535 6.0732
85536 85537 9.2556
85537 85536 9.2556
85537 85538 12.06
85538 85537 12.06
85538 85539 5.5692
85539 85538 5.5692
85539 85540 2.97
85540 85539 2.97
85540 85541 4.5396
85541 85540 4.5396
85541 85542 6.8436
85542 85541 6.8436
85542 85543 6.0948
85543 85542 6.0948
84176 84218 2.9102
84218 84176 2.9102
84218 2007418 1.9282
2007418 84218 1.9282
2007418 84219 2.2572
84219 2007418 2.2572
84219 84220 2.5445
84220 84219 2.5445
84220 84221 1.5401
84221 84220 1.5401
84221 84222 1.9678
84222 84221 1.9678
84222 84223 2.633
84223 84222 2.633
84223 2007339 1.4479
2007339 84223 1.4479
2007339 84224 4.2566
84224 2007339 4.2566
84224 84225 4.5302
84225 84224 4.5302
84225 84226 1.1282
84226 84225 1.1282
84226 84227 1.9116
84227 84226 1.9116
84227 84228 2.8634
84228 84227 2.8634
84228 84229 2.6453
84229 84228 2.6453
84229 84230 3.6598
84230 84229 3.6598
84230 84231 5.0508
84231 84230 5.0508
84231 1902829 2.1607
1902829 84231 2.1607
1902829 84232 1.2283
84232 1902829 1.2283
84232 84233 2.0938
84233 84232 2.0938
84233 84234 0.7387
84234 84233 0.7387
84234 84235 4.9608
84235 84234 4.9608
84235 84236 4.6368
84236 84235 4.6368
84236 84237 4.2804
84237 84236 4.2804
84237 84238 3.7145
84238 84237 3.7145
84238 1902820 4.2343
1902820 84238 4.2343
1902820 84239 1.085
84239 1902820 1.085
84239 1902814 5.3453
1902814 84239 5.3453
1902814 84240 0.5191
84240 1902814 0.5191
84240 84241 4.2862
84241 84240 4.2862
84241 84242 1.8216
84242 84241 1.8216
84242 84243 3.703
84243 84242 3.703
20468 84244 2.0318
84244 20468 2.0318
84244 84245 0.6062
84245 84244 0.6062
84251 685116 4.0236
685116 84251 4.0236
685116 84252 4.2408
84252 685116 4.2408
84252 84253 4.5564
84253 84252 4.5564
84253 84254 1.2228
84254 84253 1.2228
84254 84255 1.1304
84255 84254 1.1304
84255 84256 5.4984
84256 84255 5.4984
84256 84257 2.2512
84257 84256 2.2512
84257 84258 2.9808
84258 84257 2.9808
84258 84259 1.5012
84259 84258 1.5012
84259 84260 3.2424
84260 84259 3.2424
84260 84261 1.4448
84261 84260 1.4448
84261 84262 2.1432
84262 84261 2.1432
84262 84263 7.2648
84263 84262 7.2648
84263 84264 3.5208
84264 84263 3.5208
84264 685117 1.128
685117 84264 1.128
685117 84265 1.4724
84265 685117 1.4724
84265 84266 5.856
84266 84265 5.856
84266 84267 2.0016
84267 84266 2.0016
84267 84268 1.6368
84268 84267 1.6368
84268 84269 6.6744
84269 84268 6.6744
84269 469978 1.6488
469978 84269 1.6488
469978 469979 11.064
469979 469978 11.064
84270 84271 0.4655
84271 1992886 0.4594
1992886 84272 0.5152
84281 84275 2.4228
84275 84281 2.4228
84275 84276 40.7052
84276 84275 40.7052
84278 84279 4.6548
84279 84278 4.6548
84279 84277 45.3564
84277 84279 45.3564
84280 84281 6.6312
84281 84280 6.6312
84282 84283 33.7932
84283 84282 33.7932
84283 84402 4.644
84402 84283 4.644
84284 84285 49.3092
84285 84284 49.3092
84286 84287 97.7112
84287 84286 97.7112
84287 84288 30.204
84288 84287 30.204
84292 84293 43.308
84293 84292 43.308
84293 84294 29.844
84294 84293 29.844
84294 84295 8.4672
84295 84294 8.4672
84296 84297 40.6656
84297 84296 40.6656
84298 84299 7.6356
84299 84298 7.6356
84299 84300 33.3
84300 84299 33.3
84301 84302 7.8012
84302 84301 7.8012
84302 84303 69.6888
84303 84302 69.6888
84349 84358 1.5672
84358 84349 1.5672
84358 84304 4.8456
84304 84358 4.8456
84304 84305 2.7528
84305 84304 2.7528
84305 469968 10.2612
469968 84305 10.2612
469968 84306 17.9784
84306 469968 17.9784
84306 84307 11.6748
84307 84306 11.6748
84307 84308 20.7912
84308 84307 20.7912
84308 84298 2.4912
84298 84308 2.4912
84305 84309 44.0496
84309 84305 44.0496
84309 755910 3.5712
755910 84309 3.5712
755910 616373 26.7264
616373 755910 26.7264
84337 84310 8.4132
84310 84337 8.4132
84310 84311 61.4484
84311 84310 61.4484
84311 84312 90.432
84312 84311 90.432
84312 84313 6.8148
84313 84312 6.8148
84306 84311 41.166
84311 84306 41.166
84311 84314 45.4392
84314 84311 45.4392
84330 84315 33.48
84315 84330 33.48
84315 1382148 35.01
1382148 84315 35.01
1382148 84316 15.4152
84316 1382148 15.4152
84316 84317 7.9488
84317 84316 7.9488
84317 84318 16.9884
84318 84317 16.9884
84318 84319 15.8976
84319 84318 15.8976
84319 84320 22.1076
84320 84319 22.1076
84320 755906 13.86
755906 84320 13.86
755906 84321 4.716
84321 755906 4.716
84321 84322 47.7396
84322 84321 47.7396
84316 84323 4.428
84323 84316 4.428
84323 84608 11.232
84608 84323 11.232
84608 84324 5.9148
84324 84608 5.9148
84324 84193 11.3652
84193 84324 11.3652
84193 84325 5.3424
84325 84193 5.3424
84325 84326 8.442
84326 84325 8.442
84326 84327 18.7524
84327 84326 18.7524
84327 84328 43.0992
84328 84327 43.0992
84328 84329 21.4416
84329 84328 21.4416
84329 84330 9.7704
84330 84329 9.7704
84321 84331 8.2836
84331 84321 8.2836
84331 84332 14.2848
84332 84331 14.2848
84332 755903 6.5664
755903 84332 6.5664
755903 84333 19.2456
84333 755903 19.2456
84333 84334 17.0676
84334 84333 17.0676
84320 84335 5.9184
84335 84320 5.9184
84335 84336 45.774
84336 84335 45.774
84336 84190 10.206
84190 84336 10.206
84337 84338 8.4852
84338 84337 8.4852
84338 84599 36.666
84599 84338 36.666
84599 84192 40.0392
84192 84599 40.0392
84192 84339 20.6316
84339 84192 20.6316
84339 84602 17.0496
84602 84339 17.0496
84296 84341 2.394
84341 84296 2.394
84341 84342 13.1136
84342 84341 13.1136
84342 84343 9.5784
84343 84342 9.5784
84343 84344 6.3612
84344 84343 6.3612
84344 84345 17.3736
84345 84344 17.3736
84345 84346 7.482
84346 84345 7.482
84349 84593 2.9676
84593 84349 2.9676
84593 84592 10.9224
84592 84593 10.9224
84592 84322 9.8472
84322 84592 9.8472
84322 84350 11.1588
84350 84322 11.1588
84350 469976 3.438
469976 84350 3.438
84352 84353 3.2148
84353 84352 3.2148
84353 84354 9.954
84354 84353 9.954
84354 84355 28.08
84355 84354 28.08
84355 84356 13.1436
84356 84355 13.1436
84356 84284 25.56
84284 84356 25.56
84284 84314 6.4368
84314 84284 6.4368
84314 84286 44.5968
84286 84314 44.5968
84286 84357 5.3964
84357 84286 5.3964
84357 84289 3.852
84289 84357 3.852
84289 755911 5.4252
755911 84289 5.4252
755911 84301 30.2004
84301 755911 30.2004
84301 84337 36.0324
84337 84301 36.0324
84337 84304 53.3088
84304 84337 53.3088
84360 85307 3.6072
85307 84360 3.6072
85307 84361 1.363
84361 85307 1.363
84361 84362 1.9073
84362 84361 1.9073
84363 84364 0.8431
84364 84363 0.8431
84364 84365 1.517
84365 84364 1.517
84365 84636 2.5099
84636 84365 2.5099
84636 84366 2.7655
84366 84636 2.7655
84366 84367 1.2478
84367 84366 1.2478
84367 84368 3.7368
84368 84367 3.7368
84368 84369 11.1218
84369 84368 11.1218
84369 84370 0.4097
84370 84369 0.4097
84370 84371 3.451
84371 84370 3.451
84371 84372 4.973
84372 84371 4.973
84372 84373 10.5768
84373 84372 10.5768
84373 84374 1.2002
84374 84373 1.2002
84374 84177 0.9194
84177 84374 0.9194
84375 84376 12.6144
84376 84375 12.6144
84376 84377 22.9176
84377 84376 22.9176
84377 84370 18.612
84370 84377 18.612
84369 84378 8.964
84378 84369 8.964
84378 84379 7.488
84379 84378 7.488
84379 84380 12.5712
84380 84379 12.5712
84380 84381 11.8872
84381 84380 11.8872
84381 84382 9.8784
84382 84381 9.8784
84382 84383 6.7068
84383 84382 6.7068
84381 84384 4.1976
84384 84381 4.1976
84384 84385 4.6908
84385 84384 4.6908
84385 2007414 25.2072
2007414 84385 25.2072
2007414 84386 15.8724
84386 2007414 15.8724
84386 84181 6.6672
84181 84386 6.6672
84400 84401 0.9677
84401 84400 0.9677
84401 84402 4.0658
84402 84401 4.0658
84402 84403 2.1024
84403 84402 2.1024
84403 84404 1.6178
84404 84403 1.6178
84404 84217 1.0526
84217 84404 1.0526
84217 84405 1.3486
84405 84217 1.3486
84405 84406 1.9224
84406 84405 1.9224
84406 84407 2.4804
84407 84406 2.4804
84407 84408 2.1982
84408 84407 2.1982
84408 84409 1.9138
84409 84408 1.9138
84409 84410 2.5992
84410 84409 2.5992
84410 84411 5.3006
84411 84410 5.3006
84411 84412 1.345
84412 84411 1.345
84412 84413 2.3378
84413 84412 2.3378
84413 84414 1.3853
84414 84413 1.3853
84414 84415 3.0859
84415 84414 3.0859
84415 753019 2.7288
753019 84415 2.7288
753019 84375 0.5587
84375 753019 0.5587
84419 84422 9.3528
84422 84419 9.3528
84422 84423 10.404
84423 84422 10.404
84423 84424 11.8728
84424 84423 11.8728
84424 84425 61.7616
84425 84424 61.7616
84442 84443 1.3565
84443 84442 1.3565
84443 84426 7.8336
84426 84443 7.8336
84426 84427 7.1942
84427 84426 7.1942
84427 1641336 4.3121
1641336 84427 4.3121
1641336 84429 8.8855
84429 1641336 8.8855
84426 84428 3.8434
84428 84426 3.8434
492691 493281 4.0392
493281 492691 4.0392
493281 492690 3.0204
492690 493281 3.0204
492690 84430 41.4216
84430 492690 41.4216
84432 493335 12.654
493335 84432 12.654
493335 493478 22.1652
493478 493335 22.1652
493478 84433 10.4076
84433 493478 10.4076
84433 1075452 4.464
1075452 84433 4.464
1075452 1075451 3.6288
1075451 1075452 3.6288
1075451 1075450 2.9736
1075450 1075451 2.9736
1075450 493487 2.5308
493487 1075450 2.5308
493487 84434 2.3076
84434 493487 2.3076
84434 84435 26.7984
84435 84434 26.7984
84435 493480 18.4788
493480 84435 18.4788
493480 493479 28.7604
493479 493480 28.7604
493479 1075449 11.9736
1075449 493479 11.9736
1075449 403725 19.4112
403725 1075449 19.4112
403725 115689 1.3068
115689 403725 1.3068
115689 84436 10.5732
84436 115689 10.5732
1239291 1361399 0.8664
1361399 1239291 0.8664
1361399 1239292 0.4044
1239292 1361399 0.4044
1239292 1405766 0.4584
1405766 1239292 0.4584
1405766 1894246 0.348
1894246 1405766 0.348
1894246 493277 5.5428
493277 1894246 5.5428
493277 493284 9.5376
493284 493277 9.5376
493284 493276 5.1852
493276 493284 5.1852
493276 493327 3.5508
493327 493276 3.5508
493327 84429 12.8772
84429 493327 12.8772
84429 1983691 2.3856
1983691 84429 2.3856
1983691 1641338 1.7004
1641338 1983691 1.7004
1641338 1641332 1.0908
1641332 1641338 1.0908
1641332 1641349 9.1884
1641349 1641332 9.1884
1641349 1641345 4.6164
1641345 1641349 4.6164
1641345 84437 3.078
84437 1641345 3.078
97847 1641335 4.2024
1641335 97847 4.2024
1641335 493280 16.614
493280 1641335 16.614
493280 84439 0.8952
84439 493280 0.8952
84439 84440 20.8056
84440 84439 20.8056
84440 127429 4.6212
127429 84440 4.6212
127429 127424 0.8472
127424 127429 0.8472
127424 493315 4.926
493315 127424 4.926
84429 97847 6.3173
97847 84429 6.3173
97847 84431 0.9446
84431 97847 0.9446
84431 493344 5.3662
493344 84431 5.3662
493344 492690 4.7527
492690 493344 4.7527
492691 97848 11.9196
97848 492691 11.9196
97848 116281 0.9367
116281 97848 0.9367
116281 84441 11.399
84441 116281 11.399
84444 1361378 0.7113
1361378 84444 0.7113
1361378 1983688 3.1392
1983688 1361378 3.1392
1983688 1361383 0.3924
1361383 1983688 0.3924
1361383 97848 3.5697
97848 1361383 3.5697
97848 84439 8.4873
84439 97848 8.4873
84439 84437 4.4753
84437 84439 4.4753
84452 1446425 12.708
1446425 84452 12.708
1446425 84458 11.7882
84458 1446425 11.7882
84458 84459 11.2014
84459 84458 11.2014
84459 401529 5.67
401529 84459 5.67
401529 84446 5.8032
84446 401529 5.8032
84459 1446426 12.4902
1446426 84459 12.4902
1446426 84451 13.5954
84451 1446426 13.5954
84444 493337 1.4724
493337 84444 1.4724
493337 1983687 4.9113
1983687 493337 4.9113
1983687 116272 9.1593
116272 1983687 9.1593
116272 84432 0.8739
84432 116272 0.8739
84432 115750 0.9927
115750 84432 0.9927
115750 116273 1.0431
116273 115750 1.0431
116273 115751 5.4243
115751 116273 5.4243
115751 493486 0.9783
493486 115751 0.9783
493486 493331 3.5226
493331 493486 3.5226
493331 1987056 4.8483
1987056 493331 4.8483
84506 553854 25.2756
553854 84506 25.2756
553854 553853 31.9932
553853 553854 31.9932
553853 84507 1.2672
84507 553853 1.2672
84507 84508 4.86
84508 84507 4.86
84508 84509 4.4784
84509 84508 4.4784
84509 320609 4.1364
320609 84509 4.1364
84512 84511 18.18
84511 84512 18.18
84511 553867 36.2772
553867 84511 36.2772
553867 84510 25.9812
84510 553867 25.9812
84510 84513 4.3452
84513 84510 4.3452
20447 1291307 1.1964
1291307 20447 1.1964
1291307 84514 1.5096
84514 1291307 1.5096
84514 84515 2.406
84515 84514 2.406
84515 84516 1.6368
84516 84515 1.6368
84516 84517 1.758
84517 84516 1.758
84517 84518 2.7276
84518 84517 2.7276
84518 84519 1.8024
84519 84518 1.8024
84519 84520 6.1908
84520 84519 6.1908
84520 84521 9.1932
84521 84520 9.1932
84521 84522 11.2572
84522 84521 11.2572
84522 84523 5.8392
84523 84522 5.8392
84523 84524 1.4376
84524 84523 1.4376
84524 84525 6.9516
84525 84524 6.9516
84525 84526 3.1692
84526 84525 3.1692
84523 84527 2.1264
84527 84523 2.1264
84527 84528 5.5428
84528 84527 5.5428
84528 84529 7.9812
84529 84528 7.9812
84529 84530 7.452
84530 84529 7.452
84532 84533 5.1768
84533 84532 5.1768
84533 84534 11.034
84534 84533 11.034
84534 84535 6.7572
84535 84534 6.7572
84262 84536 3.1068
84536 84262 3.1068
84536 84537 6.2172
84537 84536 6.2172
84537 84538 8.7624
84538 84537 8.7624
84538 84539 22.9824
84539 84538 22.9824
84540 1694795 1.2442
1694795 84540 1.2442
1694795 342566 3.217
342566 1694795 3.217
342566 84541 10.998
84541 342566 10.998
84541 84542 1.8605
84542 84541 1.8605
84542 84543 1.4695
84543 84542 1.4695
84543 84544 2.0758
84544 84543 2.0758
84544 1103900 1.4342
1103900 84544 1.4342
1103900 84545 2.9664
84545 1103900 2.9664
84545 84546 1.8014
84546 84545 1.8014
84546 84547 2.1917
84547 84546 2.1917
84562 1694749 1.824
1694749 84562 1.824
1694749 1381786 0.7836
1381786 1694749 0.7836
1381786 320659 3.93
320659 1381786 3.93
320659 84585 11.8116
84585 320659 11.8116
84585 84586 6.8016
84586 84585 6.8016
84586 84506 1.8432
84506 84586 1.8432
84506 84587 3.6312
84587 84506 3.6312
84587 84588 0.5832
84588 84587 0.5832
84592 84334 7.8264
84334 84592 7.8264
84593 84594 6.3576
84594 84593 6.3576
84594 84595 17.8524
84595 84594 17.8524
84595 84596 37.2384
84596 84595 37.2384
84596 84597 5.094
84597 84596 5.094
84597 84598 7.2684
84598 84597 7.2684
84598 84599 19.692
84599 84598 19.692
84303 84600 9.8568
84600 84303 9.8568
84600 84601 22.14
84601 84600 22.14
84601 84602 64.0152
84602 84601 64.0152
84602 84603 18.432
84603 84602 18.432
84603 84604 9.4032
84604 84603 9.4032
84604 84605 90.2664
84605 84604 90.2664
84605 84606 36.864
84606 84605 36.864
84606 84607 26.352
84607 84606 26.352
84607 84608 7.6104
84608 84607 7.6104
84601 84609 7.5528
84609 84601 7.5528
84609 84610 64.2744
84610 84609 64.2744
84610 84611 43.0632
84611 84610 43.0632
84611 84612 43.0632
84612 84611 43.0632
84612 84613 19.0656
84613 84612 19.0656
84613 84531 48.3624
84531 84613 48.3624
84531 84614 32.1408
84614 84531 32.1408
84614 84295 21.024
84295 84614 21.024
84402 84615 2.8152
84615 84402 2.8152
84615 84616 7.3404
84616 84615 7.3404
84615 84617 3.8016
84617 84615 3.8016
84617 84618 3.924
84618 84617 3.924
84618 84619 9.3384
84619 84618 9.3384
84620 84621 8.5788
84621 84620 8.5788
84621 84622 8.9244
84622 84621 8.9244
84622 84623 2.124
84623 84622 2.124
84623 84624 1.5444
84624 84623 1.5444
84624 84625 4.5432
84625 84624 4.5432
84625 84626 3.5208
84626 84625 3.5208
84621 84627 5.6088
84627 84621 5.6088
84627 84628 7.2036
84628 84627 7.2036
84628 84629 6.2712
84629 84628 6.2712
84629 84630 5.6412
84630 84629 5.6412
84630 84631 6.03
84631 84630 6.03
84631 84632 6.6168
84632 84631 6.6168
84632 84633 4.6692
84633 84632 4.6692
84633 84634 4.4928
84634 84633 4.4928
84634 84635 3.5424
84635 84634 3.5424
84636 84637 14.9328
84637 84636 14.9328
84637 84638 25.7976
84638 84637 25.7976
84638 84639 30.1104
84639 84638 30.1104
84635 84640 7.848
84640 84635 7.848
84640 84641 30.0096
84641 84640 30.0096
84641 84638 9.5328
84638 84641 9.5328
84638 84642 16.2792
84642 84638 16.2792
84642 84367 22.1832
84367 84642 22.1832
20468 1361216 0.4524
1361216 20468 0.4524
1361216 84296 12.1284
84296 1361216 12.1284
84296 84298 13.6236
84298 84296 13.6236
84298 84280 12.7104
84280 84298 12.7104
84280 84313 0.7452
84313 84280 0.7452
84313 84352 6.4344
84352 84313 6.4344
84352 84278 6.4968
84278 84352 6.4968
84278 1629724 4.9332
1629724 84278 4.9332
1629724 84400 1.4508
84400 1629724 1.4508
84400 84664 2.8824
84664 84400 2.8824
84664 84665 8.3592
84665 84664 8.3592
84665 84666 3.396
84666 84665 3.396
84666 84285 3.8964
84285 84666 3.8964
84285 84620 8.3616
84620 84285 8.3616
84620 116263 4.2324
116263 84620 4.2324
116263 84288 1.764
84288 116263 1.764
84288 84667 1.8816
84667 84288 1.8816
84667 84668 3.6336
84668 84667 3.6336
84668 84669 1.1714
84669 84668 1.1714
84669 84295 0.9094
84295 84669 0.9094
84295 755913 1.1239
755913 84295 1.1239
755913 84670 1.116
84670 755913 1.116
84670 755912 2.2068
755912 84670 2.2068
755912 84671 1.3277
84671 755912 1.3277
84671 84535 1.4026
84535 84671 1.4026
84535 84363 0.7812
84363 84535 0.7812
84363 84672 1.3702
84672 84363 1.3702
84319 85299 12.1248
85299 84319 12.1248
85299 85300 10.296
85300 85299 10.296
85300 85301 12.1356
85301 85300 12.1356
84387 84388 6.6852
84388 84387 6.6852
84388 85304 4.7088
85304 84388 4.7088
85304 85305 4.5288
85305 85304 4.5288
85305 85306 3.4092
85306 85305 3.4092
85306 84389 8.7012
84389 85306 8.7012
84389 84390 8.4024
84390 84389 8.4024
84390 84391 8.4528
84391 84390 8.4528
84391 84392 10.7964
84392 84391 10.7964
84392 84393 9.1908
84393 84392 9.1908
84393 84394 6.7428
84394 84393 6.7428
84394 84395 7.0092
84395 84394 7.0092
84395 84396 7.4412
84396 84395 7.4412
84396 84397 6.8148
84397 84396 6.8148
84397 84398 8.7192
84398 84397 8.7192
84398 84399 5.3136
84399 84398 5.3136
85312 85313 2.525
85313 85312 2.525
85313 22135 1.9375
22135 85313 1.9375
22135 85314 2.628
85314 22135 2.628
85314 1361162 0.9108
1361162 85314 0.9108
1361162 85315 5.305
85315 1361162 5.305
85315 85316 10.9879
85316 85315 10.9879
85316 85317 1.9858
85317 85316 1.9858
85317 85318 1.3234
85318 85317 1.3234
85318 85319 1.3046
85319 85318 1.3046
85319 85320 1.2845
85320 85319 1.2845
85320 85321 0.985
85321 85320 0.985
85321 85322 1.2139
85322 85321 1.2139
85322 85323 1.4213
85323 85322 1.4213
85323 85324 1.2103
85324 85323 1.2103
85324 85325 1.4494
85325 85324 1.4494
85325 85326 1.2931
85326 85325 1.2931
85326 85327 1.1189
85327 85326 1.1189
85327 85328 1.1081
85328 85327 1.1081
85328 85329 2.6086
85329 85328 2.6086
85329 85330 1.2593
85330 85329 1.2593
85330 85331 1.764
85331 85330 1.764
85331 85332 1.5718
85332 85331 1.5718
85332 1589242 0.9346
1589242 85332 0.9346
1589242 1024869 1.6488
1024869 1589242 1.6488
85526 85527 24.3936
85527 85526 24.3936
85528 85529 11.808
85529 85528 11.808
85544 85545 8.712
85545 85544 8.712
85545 85546 6.6384
85546 85545 6.6384
85546 85547 4.626
85547 85546 4.626
85547 85548 4.3056
85548 85547 4.3056
85548 85549 1.3752
85549 85548 1.3752
85549 85550 5.9292
85550 85549 5.9292
85551 85553 5.6124
85553 85551 5.6124
85553 85554 11.736
85554 85553 11.736
85554 85552 4.9248
85552 85554 4.9248
84375 84416 3.8736
84416 84375 3.8736
84416 84417 17.8776
84417 84416 17.8776
84417 84418 36.7848
84418 84417 36.7848
84418 84419 11.6784
84419 84418 11.6784
84419 84420 15.3396
84420 84419 15.3396
84420 84421 32.4324
84421 84420 32.4324
84421 84172 29.0412
84172 84421 29.0412
84172 85555 52.9884
85555 84172 52.9884
84349 84359 9.7644
84359 84349 9.7644
84359 616373 5.7384
616373 84359 5.7384
616373 1129720 1.098
1129720 616373 1.098
1129720 84360 6.7476
84360 1129720 6.7476
85556 85557 20.5416
85557 85556 20.5416
84173 84174 26.0424
84174 84173 26.0424
84195 85558 7.128
85558 84195 7.128
84194 84195 23.6808
84195 84194 23.6808
20471 85309 1.8261
85309 20471 1.8261
85309 20470 2.0439
20470 85309 2.0439
20470 1129714 1.287
1129714 20470 1.287
1129714 84713 1.08
84713 1129714 1.08
84713 755905 1.9539
755905 84713 1.9539
755905 20469 2.0808
20469 755905 2.0808
20469 753021 8.5626
753021 20469 8.5626
84672 84673 2.5322
84673 84672 2.5322
84673 84674 0.6962
84674 84673 0.6962
84674 84675 0.7574
84675 84674 0.7574
84675 84676 0.7229
84676 84675 0.7229
84676 84677 2.4538
84677 84676 2.4538
84677 84678 0.9641
84678 84677 0.9641
84678 84679 1.2218
84679 84678 1.2218
84679 84680 1.0685
84680 84679 1.0685
84680 84681 1.0087
84681 84680 1.0087
84681 84682 1.3414
84682 84681 1.3414
84682 84683 2.2925
84683 84682 2.2925
84683 1615539 0.4594
1615539 84683 0.4594
1615539 84684 1.2643
84684 1615539 1.2643
84684 84685 1.1426
84685 84684 1.1426
84685 84686 1.4666
84686 84685 1.4666
84686 84687 10.2816
84687 84686 10.2816
84687 84688 2.1298
84688 84687 2.1298
84688 401554 11.07
401554 84688 11.07
401554 84689 0.9151
84689 401554 0.9151
84689 401555 1.3111
401555 84689 1.3111
401555 1447729 2.057
1447729 401555 2.057
1447729 401604 2.8181
401604 1447729 2.8181
401604 84690 4.1162
84690 401604 4.1162
84690 84691 1.2132
84691 84690 1.2132
84691 84692 1.3097
84692 84691 1.3097
84692 84693 1.4954
84693 84692 1.4954
84693 84694 3.4546
84694 84693 3.4546
84694 84695 2.1636
84695 84694 2.1636
84695 84696 1.7647
84696 84695 1.7647
84696 84697 2.1254
84697 84696 2.1254
84697 84698 1.7374
84698 84697 1.7374
84698 84387 1.4796
84387 84698 1.4796
84387 84699 1.4789
84699 84387 1.4789
84699 84700 1.751
84700 84699 1.751
84700 84701 1.9498
84701 84700 1.9498
84701 84702 1.3298
84702 84701 1.3298
84702 84703 1.6207
84703 84702 1.6207
84703 84704 1.8454
84704 84703 1.8454
84704 84176 1.5494
84176 84704 1.5494
2016252 1992949 0.4746
1992949 2016252 0.4746
1992949 87793 5.919
87793 1992949 5.919
87793 87794 1.1574
87794 87793 1.1574
87794 87795 1.1148
87795 87794 1.1148
87795 87796 1.1838
87796 87795 1.1838
87796 87797 5.8728
87797 87796 5.8728
87797 87798 1.494
87798 87797 1.494
87798 87799 1.8342
87799 87798 1.8342
87799 87800 2.286
87800 87799 2.286
87800 87801 2.2386
87801 87800 2.2386
87801 1992954 1.3032
1992954 87801 1.3032
1992954 87802 0.7638
87802 1992954 0.7638
87802 1992955 1.7238
1992955 87802 1.7238
1992955 87803 1.0662
87803 1992955 1.0662
87803 87804 2.214
87804 87803 2.214
87804 87805 0.8862
87805 87804 0.8862
87805 87806 3.7728
87806 87805 3.7728
87806 87807 1.7442
87807 87806 1.7442
87807 87808 3.4116
87808 87807 3.4116
87808 1606652 1.3218
1606652 87808 1.3218
87805 983807 2.6544
983807 87805 2.6544
983807 87815 4.2144
87815 983807 4.2144
87813 87816 4.2057
87816 87813 4.2057
87816 1992956 0.5247
1992956 87816 0.5247
1992956 87817 0.5355
87817 1992956 0.5355
87817 1992957 0.1755
1992957 87817 0.1755
1992957 87818 0.6219
87818 1992957 0.6219
408878 1878141 2.3478
1878141 408878 2.3478
1878141 1878140 3.3342
1878140 1878141 3.3342
1878140 1878139 3.2058
1878139 1878140 3.2058
1878139 408877 5.8998
408877 1878139 5.8998
408877 1900321 3.9144
1900321 408877 3.9144
1900321 1878138 0.4386
1878138 1900321 0.4386
1878138 408876 2.0094
408876 1878138 2.0094
408876 1900326 0.4188
1900326 408876 0.4188
1900326 408875 0.4146
408875 1900326 0.4146
408875 1878137 0.8532
1878137 408875 0.8532
1878137 1878136 0.8418
1878136 1878137 0.8418
1878136 1878135 1.1652
1878135 1878136 1.1652
1878135 408874 0.5688
408874 1878135 0.5688
408874 408873 1.4796
408873 408874 1.4796
408873 1878134 2.1372
1878134 408873 2.1372
1878134 408872 1.1244
408872 1878134 1.1244
408872 408871 0.8592
408871 408872 0.8592
408871 87853 1.4868
87853 408871 1.4868
87853 1878161 1.2204
1878161 87853 1.2204
1878161 1878158 2.7438
1878158 1878161 2.7438
1878158 87854 0.1134
87854 1878158 0.1134
87854 1878154 2.4942
1878154 87854 2.4942
1878154 87855 0.2574
87855 1878154 0.2574
87855 1878128 2.0724
1878128 87855 2.0724
1878128 87818 0.7002
87818 1878128 0.7002
84447 1405783 4.914
1405783 84447 4.914
1405783 459455 0.7566
459455 1405783 0.7566
459455 1405779 0.2142
1405779 459455 0.2142
1405779 1405785 0.5886
1405785 1405779 0.5886
1405785 459454 0.1272
459454 1405785 0.1272
459454 459453 0.8586
459453 459454 0.8586
459453 459452 0.804
459452 459453 0.804
459452 459451 0.6708
459451 459452 0.6708
459451 84448 0.969
84448 459451 0.969
84448 1983689 2.2788
1983689 84448 2.2788
1983689 84442 2.5404
84442 1983689 2.5404
84442 1894127 3.6534
1894127 84442 3.6534
1894127 162318 0.4482
162318 1894127 0.4482
162318 1894167 0.4536
1894167 162318 0.4536
1894167 459450 11.8332
459450 1894167 11.8332
459450 763328 0.3336
763328 459450 0.3336
763328 763331 2.3334
763331 763328 2.3334
763331 1894247 5.4702
1894247 763331 5.4702
87830 116259 0.3161
116259 87830 0.3161
116259 116260 0.9641
116260 116259 0.9641
101425 101433 9.9972
101433 101425 9.9972
101433 101434 8.4924
101434 101433 8.4924
101434 101435 17.7804
101435 101434 17.7804
101435 101436 4.3668
101436 101435 4.3668
101436 101437 28.548
101437 101436 28.548
101437 101438 15.4512
101438 101437 15.4512
101438 101439 10.9656
101439 101438 10.9656
101439 101440 26.7192
101440 101439 26.7192
101440 101441 8.5356
101441 101440 8.5356
101441 401486 5.2344
401486 101441 5.2344
401486 401485 3.4344
401485 401486 3.4344
401485 401484 2.1564
401484 401485 2.1564
401484 401477 10.0476
401477 401484 10.0476
401477 401475 3.3588
401475 401477 3.3588
401475 401474 3.3192
401474 401475 3.3192
401474 401476 1.9764
401476 401474 1.9764
401476 401480 5.2344
401480 401476 5.2344
401480 401481 5.0436
401481 401480 5.0436
401481 401483 3.492
401483 401481 3.492
401483 401487 8.064
401487 401483 8.064
401487 401490 15.0876
401490 401487 15.0876
401490 401491 6.7176
401491 401490 6.7176
401491 401492 4.3344
401492 401491 4.3344
401492 401499 9.2592
401499 401492 9.2592
401499 401501 4.5432
401501 401499 4.5432
401501 401502 2.2392
401502 401501 2.2392
401502 401507 4.6764
401507 401502 4.6764
401507 101430 12.9636
101430 401507 12.9636
2016538 954540 3.0607
954540 2016538 3.0607
954540 104388 0.5522
104388 954540 0.5522
104388 104389 3.5914
104389 104388 3.5914
104389 761514 2.9441
761514 104389 2.9441
761514 342532 10.5278
342532 761514 10.5278
342532 104390 3.2998
104390 342532 3.2998
104390 476621 4.8924
476621 104390 4.8924
476621 761526 1.9051
761526 476621 1.9051
761526 104391 2.6784
104391 761526 2.6784
104391 761529 2.0664
761529 104391 2.0664
761529 104361 1.5876
104361 761529 1.5876
104361 761531 1.4134
761531 104361 1.4134
761531 761534 1.5818
761534 761531 1.5818
761534 104392 1.53
104392 761534 1.53
104392 761542 1.1232
761542 104392 1.1232
761542 104393 3.2321
104393 761542 3.2321
104393 104394 4.9896
104394 104393 4.9896
104394 342552 4.1558
342552 104394 4.1558
342552 1730123 2.3422
1730123 342552 2.3422
1730123 1730122 0.6509
1730122 1730123 0.6509
1730122 104395 0.779
104395 1730122 0.779
104395 1730120 0.7913
1730120 104395 0.7913
1730120 1730124 0.6545
1730124 1730120 0.6545
1730124 1730121 0.5666
1730121 1730124 0.5666
1730121 1592295 0.535
1592295 1730121 0.535
456106 1983697 2.5426
1983697 456106 2.5426
1983697 139592 20.557
139592 1983697 20.557
139592 1204370 6.8004
1204370 139592 6.8004
1204370 1983696 1.3078
1983696 1204370 1.3078
1983696 615966 3.8474
615966 1983696 3.8474
615966 1983695 0.6681
1983695 615966 0.6681
1983695 615967 0.809
615967 1983695 0.809
615967 615968 3.905
615968 615967 3.905
615968 1032478 6.1025
1032478 615968 6.1025
1032478 1032479 4.5401
1032479 1032478 4.5401
1032479 615969 1.2826
615969 1032479 1.2826
615969 108820 2.2629
108820 615969 2.2629
108992 108993 16.1698
108993 108992 16.1698
108993 109007 13.95
109007 108993 13.95
109007 109015 9.4044
109015 109007 9.4044
109015 109010 8.448
109010 109015 8.448
109010 108994 8.9472
108994 109010 8.9472
108994 615705 4.2096
615705 108994 4.2096
615705 108995 4.176
108995 615705 4.176
108995 615702 0.804
615702 108995 0.804
615702 615701 0.9936
615701 615702 0.9936
615701 615699 2.2932
615699 615701 2.2932
615699 615698 2.772
615698 615699 2.772
615698 615696 6.492
615696 615698 6.492
615696 615695 6.3132
615695 615696 6.3132
615695 615694 6.3792
615694 615695 6.3792
615694 615693 12.6252
615693 615694 12.6252
615693 108996 12.7164
108996 615693 12.7164
108996 108997 8.6316
108997 108996 8.6316
108997 108998 9.8352
108998 108997 9.8352
108998 108994 40.6848
108994 108998 40.6848
108993 108999 7.0272
108999 108993 7.0272
108999 109000 16.7616
109000 108999 16.7616
109000 109001 9.6852
109001 109000 9.6852
109001 109002 15.288
109002 109001 15.288
109002 108999 16.0728
108999 109002 16.0728
109007 109008 23.7336
109008 109007 23.7336
109008 109016 8.8692
109016 109008 8.8692
109016 109009 8.5008
109009 109016 8.5008
109009 109010 24.6552
109010 109009 24.6552
109009 109011 26.2944
109011 109009 26.2944
109011 615710 4.7304
615710 109011 4.7304
615710 615708 3.5184
615708 615710 3.5184
615708 108997 3.2964
108997 615708 3.2964
615755 109013 6.6648
109013 615755 6.6648
109013 615770 2.2812
615770 109013 2.2812
615770 109014 4.6368
109014 615770 4.6368
109014 109002 3.5976
109002 109014 3.5976
109015 109016 24.0612
109016 109015 24.0612
109016 615720 5.766
615720 109016 5.766
615720 615719 4.2312
615719 615720 4.2312
615719 615717 4.3692
615717 615719 4.3692
615717 615718 4.7856
615718 615717 4.7856
615718 615721 6.0012
615721 615718 6.0012
615721 615722 6.4848
615722 615721 6.4848
615722 615753 16.2792
615753 615722 16.2792
109001 109017 12.3204
109017 109001 12.3204
669705 1279302 3.0703
115521 115523 4.6728
115523 115521 4.6728
115523 115524 6.2496
115524 115523 6.2496
115524 115512 33.2712
115512 115524 33.2712
115500 115501 3.906
115501 115500 3.906
115501 115502 2.3904
115502 115501 2.3904
115502 115503 4.4568
115503 115502 4.4568
22078 115499 6.2604
115499 22078 6.2604
115499 1262961 18.792
1262961 115499 18.792
1262961 115494 35.3052
115494 1262961 35.3052
115494 115495 9.1044
115495 115494 9.1044
115495 115496 5.3208
115496 115495 5.3208
115496 115497 7.2468
115497 115496 7.2468
115497 115498 17.532
115498 115497 17.532
115498 115513 5.6016
115513 115498 5.6016
115513 115514 4.878
115514 115513 4.878
115514 115515 4.5504
115515 115514 4.5504
115515 115516 8.4528
115516 115515 8.4528
115516 115517 6.6024
115517 115516 6.6024
115517 115525 4.6404
115525 115517 4.6404
115525 115526 14.1336
115526 115525 14.1336
115526 115527 3.978
115527 115526 3.978
115527 115528 3.5136
115528 115527 3.5136
115528 115529 3.7872
115529 115528 3.7872
115529 115530 4.104
115530 115529 4.104
115530 115531 3.3516
115531 115530 3.3516
115531 1896987 2.0664
1896987 115531 2.0664
1896987 115551 0.954
115551 1896987 0.954
115551 115552 2.754
115552 115551 2.754
115552 115553 3.3192
115553 115552 3.3192
115553 115554 9.4284
115554 115553 9.4284
115554 115532 3.4488
115532 115554 3.4488
115532 115518 4.4532
115518 115532 4.4532
115518 115519 12.1788
115519 115518 12.1788
115519 115520 3.0456
115520 115519 3.0456
115520 115521 3.7224
115521 115520 3.7224
115521 115522 3.2688
115522 115521 3.2688
115522 115536 32.922
115536 115522 32.922
115536 115537 2.8404
115537 115536 2.8404
115537 115538 2.3976
115538 115537 2.3976
115538 115539 2.7828
115539 115538 2.7828
115539 115540 2.5596
115540 115539 2.5596
115540 115541 3.6936
115541 115540 3.6936
115541 115542 8.4096
115542 115541 8.4096
115542 115543 4.0176
115543 115542 4.0176
115543 115533 5.076
115533 115543 5.076
115533 115550 2.1276
115550 115533 2.1276
115550 115544 1.4544
115544 115550 1.4544
115544 115545 4.2372
115545 115544 4.2372
115545 115546 4.734
115546 115545 4.734
115546 115547 4.1544
115547 115546 4.1544
115547 115548 5.1444
115548 115547 5.1444
115548 115549 4.788
115549 115548 4.788
115549 115511 11.4732
115511 115549 11.4732
115511 115555 10.0224
115555 115511 10.0224
115555 115556 3.6288
115556 115555 3.6288
115556 115557 7.47
115557 115556 7.47
115557 115558 2.0844
115558 115557 2.0844
115558 115559 2.4048
115559 115558 2.4048
115559 115560 2.2968
115560 115559 2.2968
115560 115561 7.7652
115561 115560 7.7652
115561 115562 2.7108
115562 115561 2.7108
115562 115563 44.442
115563 115562 44.442
115563 115564 21.8772
115564 115563 21.8772
115564 115565 5.6664
115565 115564 5.6664
115565 115505 10.6092
115505 115565 10.6092
115505 115506 2.8728
115506 115505 2.8728
115506 115507 2.7756
115507 115506 2.7756
115507 115508 7.2612
115508 115507 7.2612
115508 115509 5.5836
115509 115508 5.5836
115509 115510 6.1344
115510 115509 6.1344
115510 1611810 1.89
1611810 115510 1.89
1611810 115504 28.7028
115504 1611810 28.7028
115504 115500 13.6836
115500 115504 13.6836
115500 115503 9.6876
115503 115500 9.6876
115503 22085 19.782
22085 115503 19.782
115550 115534 1.5228
115534 115550 1.5228
115534 115535 2.9808
115535 115534 2.9808
115687 115688 4.6332
115688 115687 4.6332
115688 493328 35.7624
493328 115688 35.7624
115688 115698 10.0584
115698 115688 10.0584
115698 115699 4.05
115699 115698 4.05
115699 493329 31.7952
493329 115699 31.7952
2016672 115670 16.9056
115670 2016672 16.9056
115670 1388262 6.93
1388262 115670 6.93
1388262 1388263 8.0748
1388263 1388262 8.0748
1388263 1388274 3.996
1388274 1388263 3.996
1388274 1388273 3.7656
1388273 1388274 3.7656
1388273 1388264 3.708
1388264 1388273 3.708
1388264 115674 2.9916
115674 1388264 2.9916
115674 1388265 3.7908
1388265 115674 3.7908
1388265 1388266 5.5512
1388266 1388265 5.5512
1388266 1388267 5.9328
1388267 1388266 5.9328
2016674 1388267 0.6732
1388267 2016674 0.6732
115693 115694 9.5256
115694 115693 9.5256
115694 127399 16.8552
127399 115694 16.8552
127399 127398 21.8664
127398 127399 21.8664
127398 127397 33.516
127397 127398 33.516
127397 115682 32.2344
115682 127397 32.2344
115682 115683 13.7016
115683 115682 13.7016
115683 115684 16.8192
115684 115683 16.8192
115684 115681 15.912
115681 115684 15.912
115681 115671 18.6984
115671 115681 18.6984
115671 115672 27.036
115672 115671 27.036
115672 115673 17.8128
115673 115672 17.8128
115673 115674 8.4168
115674 115673 8.4168
115685 115686 13.806
115686 115685 13.806
115686 1987061 8.6148
1987061 115686 8.6148
1987061 115687 30.4164
115687 1987061 30.4164
115687 115697 13.9572
115697 115687 13.9572
115697 1987060 9.6696
1987060 115697 9.6696
1987060 1987073 3.9672
1987073 1987060 3.9672
115690 115691 1.4004
115691 115690 1.4004
115691 115692 21.7116
115692 115691 21.7116
115692 493482 11.6496
493482 115692 11.6496
493482 1075447 9.9072
1075447 493482 9.9072
1075447 115689 16.9092
115689 1075447 16.9092
84465 115696 0.707
115696 84465 0.707
115696 1987058 1.2974
1987058 115696 1.2974
1987058 115693 5.9306
115693 1987058 5.9306
115693 115690 0.4918
115690 115693 0.4918
115750 115790 14.79
115790 115750 14.79
115790 84441 3.114
84441 115790 3.114
84441 115791 0.99
115791 84441 0.99
115791 84440 18.7476
84440 115791 18.7476
84440 115792 10.7004
115792 84440 10.7004
115751 115752 18.9756
115752 115751 18.9756
115752 493332 16.4052
493332 115752 16.4052
493332 493336 6.1416
493336 493332 6.1416
493336 493335 13.4388
493335 493336 13.4388
115792 84438 4.2192
84438 115792 4.2192
84438 115793 4.5936
115793 84438 4.5936
115793 115794 8.5752
115794 115793 8.5752
115794 115788 69.7716
115788 115794 69.7716
115788 115789 17.8092
115789 115788 17.8092
2016678 115785 2.1324
115785 2016678 2.1324
84548 84549 1.6754
84549 84548 1.6754
84549 84550 1.1671
84550 84549 1.1671
84550 84551 1.3061
84551 84550 1.3061
84551 84552 1.6315
84552 84551 1.6315
84552 84553 1.6999
84553 84552 1.6999
84553 84554 1.1815
84554 84553 1.1815
84554 1984142 1.3018
1984142 84554 1.3018
1984142 84555 0.1202
84555 1984142 0.1202
84555 84556 1.3349
84556 84555 1.3349
84556 1694766 0.4982
1694766 84556 0.4982
1694766 84557 0.9958
84557 1694766 0.9958
84557 1984141 0.481
1984141 84557 0.481
1984141 84558 1.8022
84558 1984141 1.8022
84558 481665 1.2557
481665 84558 1.2557
116267 401979 6.408
401979 116267 6.408
401979 116268 12.9708
116268 401979 12.9708
116268 401982 4.1964
401982 116268 4.1964
401982 401980 7.7568
401980 401982 7.7568
108819 1204368 2.16
1204368 116257 22.0896
116257 1894342 3.6036
1894342 1894343 2.8656
1894343 1321825 2.0844
116282 116284 18.126
116284 116282 18.126
116284 116283 4.8168
116283 116284 4.8168
116283 116260 18.45
116260 116283 18.45
116263 116265 8.1144
116265 116263 8.1144
116265 116264 8.28
116264 116265 8.28
84245 84246 1.1786
84246 84245 1.1786
84246 84247 0.8626
84247 84246 0.8626
84247 84248 0.9842
84248 84247 0.9842
84248 84249 0.5933
84249 84248 0.5933
84249 84250 0.689
