80892
673831 1748927 1.3793
1748927 1748917 1.2543
1748917 28034 0.9782
28034 1975239 4.2953
1975239 28034 4.2953
1975239 3459 1.2693
3459 1975239 1.2693
60 1946987 0.3425
1946987 1946988 0.2911
1946988 1946989 0.306
1946989 1946990 0.3055
1946990 1946991 0.4047
1946991 1946992 1.5475
1946992 662842 1.333
44 69 4.8857
69 44 4.8857
69 70 1.2178
70 69 1.2178
70 71 3.0857
71 70 3.0857
71 86951 1.9569
86951 71 1.9569
86951 1493855 4.2326
1493855 86951 4.2326
1493855 72 0.5863
72 1493855 0.5863
22 85 1.1988
85 86 0.8958
86 276531 0.6168
276531 87 0.4896
87 212850 0.4656
212850 88 1.6434
99 276462 0.8892
276462 196352 0.4002
196352 276504 0.4074
276504 98 0.2874
98 94 0.7752
80 101 0.3776
101 80 0.3776
1959244 84161 0.6597
84161 88144 8.1477
88144 1946882 1.521
1946882 1978328 0.9063
1978328 115 0.3843
63 76 1.9937
76 63 1.9937
2245 2246 0.7877
2246 212799 0.6725
212799 276480 0.5162
276480 212796 0.4918
212796 2247 0.4565
2247 276445 0.3895
276445 276437 0.3931
276437 2248 0.4522
2248 276528 0.2196
276528 1091525 0.4298
1091525 2249 0.5414
2253 1091524 0.5242
1091524 276428 0.5227
276428 2252 0.4054
2252 276460 0.5069
276460 2251 0.4752
2251 276470 0.5105
276470 212798 0.5141
212798 2250 0.6934
2250 276512 0.7999
276512 2230 0.7416
115 227718 4.6913
227718 115 4.6913
227718 88140 2.1456
88140 227718 2.1456
88140 84164 8.3787
84164 88140 8.3787
84164 1713665 9.8763
1713665 84164 9.8763
1713665 2254 1.8977
2254 1713665 1.8977
2255 1713664 2.376
1713664 2255 2.376
1713664 682215 2.2845
682215 1713664 2.2845
682215 2266 4.9814
2266 682215 4.9814
2254 1713666 1.1904
1713666 2254 1.1904
1713666 84165 2.5692
84165 1713666 2.5692
84165 1270354 11.598
1270354 84165 11.598
1270354 1270353 2.0352
1270353 1270354 2.0352
1270353 2270 1.9584
2270 1270353 1.9584
2270 2271 12.402
2271 2270 12.402
2359 132477 1.8552
132477 2358 0.4896
2358 132476 0.3912
132476 132475 0.3858
132475 2357 0.4728
2357 276636 0.4254
276636 2356 0.4218
2356 276692 0.399
2725 54459 2.3287
54459 2726 0.9401
2726 276447 0.6531
276447 196355 0.6994
196355 212846 0.9072
212846 100 1.5058
27755 27756 2.4222
27756 276564 0.648
276564 276696 0.5502
276696 27757 0.8526
27757 276639 0.759
276639 276581 0.7638
276581 27758 1.014
27758 276714 1.5048
276714 2866 3.7068
2866 276659 1.4268
276659 54453 7.2168
27560 27559 18.8802
27559 27560 18.8802
27559 27558 2.2698
27558 27559 2.2698
27558 1039415 7.2432
1039415 27558 7.2432
1039415 911281 14.7006
911281 1039415 14.7006
911281 27557 14.3964
27557 911281 14.3964
947535 1748919 2.9844
1748919 3460 2.952
3460 267817 4.896
267817 3461 6.8868
3462 3463 10.206
3463 947533 7.9344
3499 1721282 3.1279
1721282 1721283 2.5961
1721283 1721280 23.7816
1721280 470648 1.4626
470649 1115043 2.483
1115043 57882 1.0913
57882 3500 1.8082
3500 212827 16.4129
212827 44568 4.6625
1115133 1115128 2.1878
1115128 3502 11.6249
3502 212826 1.5758
212826 54554 1.5182
54554 3503 1.0121
3503 1085480 0.8095
1085480 3504 1.6776
3465 149477 0.5739
149477 395772 0.1394
395772 3506 0.3528
3506 1736533 0.0633
1736533 57921 0.3297
57921 3507 0.3955
3507 3508 0.5976
3607 84814 0.9195
84814 3646 0.5575
3646 86160 0.6084
86160 3647 2.7026
3647 74301 0.7699
74301 74299 0.5878
74299 74300 0.6737
74300 1493860 7.8038
1493860 3645 0.3543
3648 1781100 0.8722
1781100 1781097 0.2592
1781097 1781099 0.2381
1781099 1781098 0.4042
1781098 816192 0.5256
28 6681 1.9482
6681 276652 0.7758
276652 276671 0.7266
276671 6682 0.4734
6682 276613 0.597
276613 276742 0.6258
276742 6683 2.7228
6683 276682 1.0158
276682 6684 0.7512
6684 276626 0.747
276626 276565 0.6672
276565 6685 0.6558
6685 276699 0.6816
276699 6686 0.7044
6686 276641 0.7026
276641 6687 0.9072
6687 276583 0.9474
276583 276716 2.394
276716 6688 0.7998
6688 276660 0.5316
276660 6689 0.423
6689 276600 0.4338
276600 6690 0.4806
6690 2347 0.7698
23491 6697 2.961
6697 132498 0.9648
132498 276661 0.7758
276661 276602 0.8256
276602 6698 0.6696
6698 132506 0.6252
132506 6699 0.6078
6699 276733 0.6066
276733 132507 0.5106
132507 276675 0.4896
276675 6700 0.573
6700 132508 0.6018
132508 276617 0.6198
276617 6701 0.6636
6701 276557 0.5364
276557 132509 0.5004
132509 6702 0.4254
6702 276687 0.3744
276687 6703 0.498
6703 276631 1.2504
276631 132505 1.776
132505 6704 0.7422
21491 132511 2.7312
132511 132510 0.705
132510 276727 0.747
276727 6711 0.9504
6711 276598 9.2538
276598 6712 1.4004
6712 276572 0.9504
276572 23607 0.9552
23607 6713 0.7608
6713 6714 1.8558
6714 1390872 0.5658
1390872 132482 0.4518
132482 276670 0.5286
276670 6715 0.6174
6715 276612 0.801
276612 1934440 0.2886
1934440 276570 0.6
276570 6716 0.87
6716 21492 1.4916
23494 132478 1.0422
132478 284900 0.8256
284900 276728 1.1502
276728 6717 2.4588
6717 132484 1.0188
132484 276705 0.6894
276705 132485 0.5562
132485 276650 0.582
276650 21493 0.6804
21493 21494 0.7662
21494 276591 0.8412
276591 2353 1.272
6719 276711 3.9768
276711 276657 3.618
276657 276597 2.4228
276597 276684 0.9084
276684 6720 0.7644
6720 276628 0.8286
276628 6721 1.62
6721 23610 2.8794
23610 276567 1.4088
276567 276701 1.131
276701 6722 0.7572
6722 276645 0.9474
276645 276587 0.885
276587 132514 0.7794
132514 23493 1.6422
132512 132513 1.5558
132513 276715 0.624
276715 276582 0.57
276582 132520 0.6108
132520 276640 0.6858
276640 6723 1.0512
6723 276698 1.344
276698 23611 1.0764
23611 6724 1.0314
6724 276620 1.1526
276620 132555 1.0734
132555 6725 2.181
6725 276560 1.017
276560 132556 0.9312
132556 276690 1.4202
276690 23474 1.3008
23478 132554 2.2032
132554 132553 1.2291
132553 276634 1.2024
276634 6726 1.1283
6726 276575 1.0749
276575 132552 0.8979
132552 276708 0.8249
276708 6727 0.8331
6727 276653 1.0903
276653 132551 1.1067
132551 6728 1.1592
6728 132550 1.187
132550 276593 1.0615
276593 132549 0.9617
132549 276724 1.1211
276724 6729 0.9123
6729 276666 0.9309
276666 132519 1.0862
132519 276608 1.2363
276608 27 2.5365
23477 427798 2.7885
427798 720387 1.7023
720387 276616 1.3011
276616 720388 1.1973
720388 276674 0.9792
276674 26965 0.935
26965 276731 0.6501
276731 276601 0.7827
276601 26966 0.7395
26966 6730 0.9463
6730 90531 0.8835
90531 90532 1.0738
90532 26967 1.1438
26967 276614 4.5545
276614 6731 1.9131
6731 276717 0.9134
276717 276693 0.8733
276693 109989 0.9792
109989 6732 1.0255
6732 276562 0.9267
276562 109990 0.8342
109990 276623 0.9525
276623 6733 1.0152
6733 109982 0.9463
109982 276679 1.0131
276679 6734 1.0574
6734 276738 1.0893
276738 109983 1.2857
109983 23479 1.8864
23475 427799 2.3682
427799 276695 1.2564
276695 6735 0.6336
6735 132516 0.4974
132516 276604 0.4818
276604 6736 0.4572
6736 6737 0.495
6737 132515 0.606
132515 6738 0.5616
6738 276663 0.5148
23482 132532 1.2312
132532 132529 0.6562
132529 276647 0.8033
276647 132530 0.8558
132530 276702 0.8403
276702 23483 0.973
23473 6744 1.05
6744 37947 1.7286
37947 146016 0.8688
146016 6745 0.9816
6745 276584 0.8208
276584 110013 0.8568
23480 132538 1.2204
132538 6749 0.8664
6749 6750 0.6498
6750 276745 0.6324
276745 276685 0.543
276685 132539 0.6468
132539 132540 0.6564
132540 276629 0.7152
276629 6751 0.6918
6751 132541 0.6456
132541 6752 0.5946
6752 132542 0.747
132542 132543 0.717
132543 132544 0.702
132544 6753 0.7068
6753 276568 0.783
276568 132546 0.7176
132546 132547 0.6858
132547 132548 0.6348
132548 6754 0.816
6754 132545 1.9878
132545 23476 2.6526
1803 427800 3.6977
427800 132558 4.3087
132558 276566 1.8123
276566 276627 1.7712
276627 132557 1.765
132557 6755 1.8103
6755 276683 2.0715
276683 6756 2.1579
6756 132534 9.8362
132534 276743 1.2343
276743 6757 0.9843
6757 132533 1.1325
132533 132528 1.2857
132528 6758 2.7453
25 145270 3.9564
145270 1313101 0.9906
1313101 145269 1.08
145269 1313102 0.7116
1313102 6789 0.7938
6789 145268 1.3152
145268 538765 10.9986
538765 538768 0.939
538768 6790 1.1718
6790 538769 0.9084
538769 352869 0.9402
352869 352870 1.3962
352870 810094 1.032
810094 538770 1.1706
538770 25246 1.9446
25247 36626 3.0504
36626 1864398 1.0026
1864398 538777 0.9582
538777 36627 0.951
36627 1873139 0.7446
1873139 36632 0.6492
36632 1873138 0.8934
1873138 6787 1.0062
6787 1686989 8.925
1686989 6788 0.9192
6788 36628 0.924
36628 1686990 1.2324
1686990 10131 2.4972
5746 25246 8.6951
6778 75288 0.7848
75288 1566179 0.105
1566179 900793 1.356
900793 900796 0.5418
900796 75287 0.285
75287 900799 0.402
900799 24008 0.4938
24008 900803 0.4926
900803 874454 0.5988
874454 920524 0.4446
920524 390362 0.8766
390362 901030 0.9942
901030 874456 1.1718
874456 1095655 1.7442
1095655 874457 1.7874
874457 38114 0.087
1448449 390372 1.7068
390372 1448449 1.7068
390372 726913 1.6243
726913 390372 1.6243
726913 13707 0.4997
13707 726913 0.4997
15150 75332 0.7956
75332 1925494 8.2728
1925494 875515 2.0772
875515 888046 0.7506
888046 390367 3.0282
390367 715751 1.9098
715751 1992554 0.66
15162 716104 4.5
716104 15162 4.5
716104 1453173 4.7052
1453173 716104 4.7052
1453173 715663 15.426
715663 1453173 15.426
715663 715662 4.4568
715662 715663 4.4568
715662 57388 0.6372
57388 715662 0.6372
6781 737218 3.1968
737218 6781 3.1968
737218 1164043 1.1916
1164043 737218 1.1916
1164043 27275 28.7928
27275 1164043 28.7928
27275 23753 19.4184
23753 27275 19.4184
23753 716043 6.588
716043 23753 6.588
716043 1314982 1.0728
1314982 716043 1.0728
1314982 15166 9.6012
15166 1314982 9.6012
15166 1452387 3.6792
1452387 15166 3.6792
1452387 282199 16.0164
282199 1452387 16.0164
282199 1882477 36.8928
1882477 282199 36.8928
1882477 1452388 0.9432
1452388 1882477 0.9432
1452388 282214 2.7864
282214 1452388 2.7864
282214 1200580 3.5856
1200580 282214 3.5856
1200580 1200579 2.4948
1200579 1200580 2.4948
1200579 15165 3.3696
15165 1200579 3.3696
15165 1882481 13.6476
1882481 15165 13.6476
1882481 949108 17.6616
949108 1882481 17.6616
949108 715710 8.8416
715710 949108 8.8416
715710 716107 11.43
716107 715710 11.43
716107 716109 4.266
716109 716107 4.266
15167 737223 1.1748
737223 715535 1.3728
715535 715536 9.0972
715536 714249 1.9572
714249 38105 4.02
38105 145408 11.8116
145408 714212 4.3788
714212 207906 3.258
207906 714208 2.8596
714208 145402 3.5556
145402 715616 7.3716
715616 38103 4.1412
38103 714180 5.1192
714180 714182 5.466
714182 1826483 2.4456
1826483 1840800 1.3884
1840800 38095 0.2112
38095 1840779 4.1808
1840779 38098 6.6144
38098 2015343 0.7536
16712 16713 3.4078
2243 2012497 1.7417
2012497 64 1.6423
16724 276523 0.719
276523 16723 0.6423
16723 16722 0.4762
16722 276515 0.5313
276515 16726 0.8043
16726 16725 1.2641
16730 16727 0.9885
16727 16728 0.6465
16728 276429 0.5369
276429 16729 0.8784
16729 276477 0.8465
276477 16724 0.6758
885944 389447 3.2997
389447 708857 3.6545
708857 708856 8.6966
708856 19207 3.7862
19207 708855 3.9816
708855 708854 2.303
708854 708853 4.3766
708853 23560 4.3725
19210 19209 7.0251
19209 708858 2.9304
708858 19208 3.3542
19208 1527122 11.7555
1527122 19206 3.3048
311645 1854360 2.028
1854360 1854359 1.1604
1854359 1854361 1.3056
1854361 1854362 0.9876
1024734 2015379 9.024
2015379 1024734 9.024
1024734 1992712 10.4676
1992712 1024734 10.4676
1992712 20845 1.5876
20845 1992712 1.5876
20845 1992711 4.4232
1992711 20845 4.4232
1992711 1823258 5.3088
1823258 1992711 5.3088
1823258 1036942 4.1976
1036942 1823258 4.1976
1036942 454498 11.1096
454498 1036942 11.1096
454498 1823268 0.7812
1823268 454498 0.7812
1823268 1992713 12.8736
1992713 1823268 12.8736
1992713 20840 3.5124
20840 1992713 3.5124
20840 1992714 2.52
1992714 20840 2.52
1992714 20841 33.4656
20841 1992714 33.4656
20841 20842 2.0472
20842 20841 2.0472
20842 20843 19.386
20843 20842 19.386
20843 1038632 7.7088
1038632 20843 7.7088
1038632 1641864 4.7148
1641864 1038632 4.7148
1641864 71331 2.4
71331 1641864 2.4
71331 71332 1.734
71332 71331 1.734
71332 1407290 1.572
1407290 71332 1.572
23495 206896 2.6686
206896 23471 2.4192
23471 23482 5.7497
2343 2342 2.6215
2342 145943 1.5102
145943 145942 1.8371
145942 145950 3.0337
145950 2341 1.3298
23481 132535 2.8321
23470 145940 4.6771
145940 145941 1.6232
145941 23484 2.1283
23484 23485 2.1809
276570 410131 11.8836
410131 410130 6.2172
410130 23599 6.7896
23599 23600 4.3164
23600 23601 2.7576
23601 136272 3.8592
136272 23602 3.5604
23602 136273 2.6496
23611 23608 6.462
23608 23611 6.462
23608 1132325 7.488
1132325 23608 7.488
1132325 824133 14.1732
824133 1132325 14.1732
824133 276719 13.392
276719 824133 13.392
276719 1132338 17.244
1132338 276719 17.244
1132338 23609 1.7604
23609 1132338 1.7604
23609 23610 5.1804
23610 23609 5.1804
23751 716619 5.4612
716619 23751 5.4612
716619 282598 6.9336
282598 716619 6.9336
282598 23740 29.4192
23740 282598 29.4192
23740 388120 5.796
388120 23740 5.796
388120 23741 5.202
23741 388120 5.202
23741 388119 6.2388
388119 23741 6.2388
388119 1200553 3.9924
1200553 388119 3.9924
1200553 1200552 2.5416
1200552 1200553 2.5416
1200552 23742 1.6956
23742 1200552 1.6956
23757 737212 0.8856
737212 23757 0.8856
737212 895735 1.9065
895735 737212 1.9065
895735 895733 2.7545
895733 895735 2.7545
895733 888936 12.6226
888936 895733 12.6226
888936 888880 1.0327
888880 888936 1.0327
888880 27728 0.6274
27728 888880 0.6274
27728 1752597 0.8573
1752597 27728 0.8573
1752597 27729 0.9077
27729 1752597 0.9077
23760 757834 0.7482
757834 23760 0.7482
757834 1348779 2.595
1348779 757834 2.595
1348779 437122 0.1482
437122 1348779 0.1482
437122 92851 2.5512
92851 437122 2.5512
92851 92853 6.2652
92853 92851 6.2652
92853 92855 4.8798
92855 92853 4.8798
92855 757833 0.4674
757833 92855 0.4674
757833 92857 2.7984
92857 757833 2.7984
92857 1348521 0.735
1348521 92857 0.735
1348521 92368 2.6226
92368 1348521 2.6226
92368 757677 0.7482
757677 92368 0.7482
23758 767147 0.775
767147 23758 0.775
767147 767146 3.33
767146 767147 3.33
23766 37738 0.5251
37738 23766 0.5251
37738 1270059 1.9759
1270059 37738 1.9759
23767 1032591 3.4452
1032591 1270046 4.0608
1270046 264587 17.5068
264587 1004811 15.534
1004811 164024 3.5604
164024 57552 40.5684
23770 875609 4.1832
875609 23770 4.1832
875609 23771 60.4692
23771 875609 60.4692
23771 333516 3.8124
333516 23771 3.8124
333516 333546 4.0464
333546 333516 4.0464
333546 333526 3.5856
333526 333546 3.5856
333526 23772 4.1436
23772 333526 4.1436
23772 333554 5.2416
333554 23772 5.2416
333554 23773 3.096
23773 333554 3.096
23773 333570 11.34
333570 23773 11.34
333570 23774 5.2848
23774 333570 5.2848
23774 1053475 3.2328
1053475 23774 3.2328
1053475 38125 12.8196
38125 1053475 12.8196
38125 23775 6.03
23775 38125 6.03
23775 282659 36.6084
282659 23775 36.6084
282659 799936 26.7372
799936 282659 26.7372
799936 38143 9.9252
38143 799936 9.9252
38143 23776 19.8936
23776 38143 19.8936
23776 282564 12.0312
282564 23776 12.0312
282564 23777 11.25
23777 282564 11.25
23777 696109 28.6308
696109 23777 28.6308
696109 23748 19.2744
23748 696109 19.2744
1263885 27861 0.3604
27861 27862 2.9459
27862 145933 1.0087
145933 145934 0.5598
145934 23472 0.8978
23472 206682 2.8339
206682 2341 2.7979
24157 681103 0.5436
681103 24157 0.5436
681103 681168 0.6408
681168 681103 0.6408
681168 1884968 3.0618
1884968 681168 3.0618
1884968 323045 0.285
323045 1884968 0.285
323045 23784 0.9426
23784 323045 0.9426
23784 1278189 0.3822
1278189 23784 0.3822
1278189 323086 0.393
323086 1278189 0.393
323086 1278188 0.4806
1278188 323086 0.4806
1278188 323009 0.4374
323009 1278188 0.4374
323009 23783 0.8886
23783 323009 0.8886
23783 323054 0.7614
323054 23783 0.7614
323054 23782 0.924
23782 323054 0.924
23782 323109 0.783
323109 23782 0.783
323109 323020 0.8022
323020 323109 0.8022
323020 23781 0.9102
23781 323020 0.9102
23781 323062 0.8286
323062 23781 0.8286
323062 1278187 0.4734
1278187 323062 0.4734
1278187 323117 0.4452
323117 1278187 0.4452
323117 323035 0.615
323035 323117 0.615
323035 1278186 0.2256
1278186 323035 0.2256
1278186 322995 0.3066
322995 1278186 0.3066
322995 1278184 0.5052
1278184 322995 0.5052
1278184 23780 0.285
23780 1278184 0.285
23780 1278185 0.2748
1278185 23780 0.2748
1278185 37747 0.3732
37747 1278185 0.3732
6777 75302 0.6958
75302 6777 0.6958
75302 843223 1.3366
843223 75302 1.3366
843223 1098113 0.5611
1098113 843223 0.5611
1098113 843226 0.8295
843226 1098113 0.8295
843226 916364 1.1453
916364 843226 1.1453
916364 1829891 0.1435
1829891 916364 0.1435
1829891 228465 0.5035
228465 1829891 0.5035
228465 1829887 0.4891
1829887 228465 0.4891
1829887 1829890 0.9982
1829890 1829887 0.9982
1829890 916368 1.2281
916368 1829890 1.2281
916368 888768 2.7273
888768 916368 2.7273
888768 228472 2.2305
228472 888768 2.2305
228472 75311 1.3731
75311 228472 1.3731
885944 885945 0.3898
885945 885944 0.3898
885945 19206 4.1487
19206 885945 4.1487
24148 143335 6.8316
143335 122858 3.9174
122858 24149 6.4608
24149 122859 5.2572
122859 122883 2.8476
122883 24150 2.4522
24150 389981 0.648
389981 24151 0.4842
24151 389982 0.57
389982 24152 0.645
24152 389983 0.4674
389983 24112 0.5784
24112 143351 0.4734
143351 389984 0.5544
389984 24113 0.4338
24113 24114 0.5328
24114 389985 0.9312
389985 24115 2.2536
24115 160535 1.9224
160535 538722 1.6608
538722 538724 1.7262
538724 120516 1.4832
120516 1059401 5.8206
1059401 1379914 2.3628
1379914 24116 1.9302
23485 145929 1.1005
145929 145930 1.0397
145930 23486 1.5847
23486 23487 1.5905
23487 6719 1.309
6719 145922 1.3
145922 23488 1.6834
24767 25248 3.0108
25248 538721 2.1306
538721 25249 2.106
25249 1050530 2.9274
388133 896475 1.8678
896475 896471 0.2958
896471 716624 0.4458
1002 57919 0.7575
57919 3464 0.5791
3464 1736534 0.3487
1736534 57920 0.2186
57920 395771 0.2787
395771 149476 0.1507
149476 3465 0.5878
20845 1099260 0.7356
1099260 20845 0.7356
1099260 20846 7.5552
20846 1099260 7.5552
20846 1038953 1.8924
1038953 20846 1.8924
1038953 2015405 9.156
2015405 1038953 9.156
1422978 338513 46.08
338513 1422978 46.08
338513 951491 144.2088
951491 338513 144.2088
951491 747985 182.6136
747985 951491 182.6136
747985 951446 213.5232
951446 747985 213.5232
951446 749320 23.328
749320 951446 23.328
749320 784737 122.8464
784737 749320 122.8464
784737 638741 17.9856
638741 784737 17.9856
638741 797426 227.3328
797426 638741 227.3328
797426 717157 14.5296
717157 797426 14.5296
26948 276611 1.5739
276611 26948 1.5739
276611 276669 1.0274
276669 276611 1.0274
276669 26947 1.0102
26947 276669 1.0102
26947 276726 1.2089
276726 26947 1.2089
276726 276655 7.4614
276655 276726 7.4614
276655 1833266 7.1258
1833266 276655 7.1258
1833266 276732 0.1375
276732 1833266 0.1375
276732 836108 0.1354
836108 276732 0.1354
836108 276668 0.2765
276668 836108 0.2765
276668 276610 0.6876
276610 276668 0.6876
276610 276740 0.5278
276740 276610 0.5278
276740 809219 2.7598
809219 276740 2.7598
809219 276720 3.5525
276720 809219 3.5525
276720 276662 0.6487
276662 276720 0.6487
276662 276603 0.3751
276603 276662 0.3751
276603 276734 0.5573
276734 276603 0.5573
276734 276676 5.5534
276676 276734 5.5534
276676 276595 0.6005
276595 276676 0.6005
276595 26946 0.473
26946 276595 0.473
26946 276618 0.3679
276618 26946 0.3679
276618 276558 0.4255
276558 276618 0.4255
276558 276688 0.5954
276688 276558 0.5954
26948 750562 13.999
750562 26948 13.999
750562 717157 20.3378
717157 750562 20.3378
717157 748563 19.6042
748563 717157 19.6042
748563 26950 21.8225
26950 748563 21.8225
26950 747990 11.6244
747990 26950 11.6244
747990 26952 6.5376
26952 747990 6.5376
26950 717153 3.2472
717153 26950 3.2472
717153 717152 5.7672
717152 717153 5.7672
717152 750535 3.5568
750535 717152 3.5568
750535 48979 66.168
48979 750535 66.168
50724 50723 5.01
50723 50724 5.01
50723 68686 4.086
68686 50723 4.086
68686 42693 6.2196
42693 68686 6.2196
42693 68685 3.4692
68685 42693 3.4692
68685 42700 1.908
42700 68685 1.908
42700 68684 2.049
68684 42700 2.049
68684 68683 2.6826
68683 68684 2.6826
68683 50722 5.1822
50722 68683 5.1822
50722 44478 0.651
44478 50722 0.651
26950 717154 23.3136
717154 26950 23.3136
717154 82499 153.5688
82499 717154 153.5688
42693 1029458 1.4112
1029458 42693 1.4112
1029458 42692 9.7416
42692 1029458 9.7416
42692 26959 3.33
26959 42692 3.33
26959 1029457 3.9672
1029457 26959 3.9672
1029457 1784730 2.7936
1784730 1029457 2.7936
1784730 42694 5.022
42694 1784730 5.022
42694 122888 3.162
122888 42694 3.162
132523 222457 0.4291
222457 132523 0.4291
222457 132522 0.3326
132522 222457 0.3326
132522 222454 0.3996
222454 132522 0.3996
222454 132521 0.3362
132521 222454 0.3362
132521 276638 1.3666
276638 132521 1.3666
276638 222437 0.6358
222437 276638 0.6358
222437 132525 0.4961
132525 222437 0.4961
132525 222460 0.4824
222460 132525 0.4824
222460 132524 0.4723
132524 222460 0.4723
132524 222462 3.4049
222462 132524 3.4049
222462 222442 1.1498
222442 222462 1.1498
222442 222443 7.9704
222443 222442 7.9704
222443 26968 12.2846
26968 222443 12.2846
26968 222439 0.3427
222439 26968 0.3427
222439 222447 0.3902
222447 222439 0.3902
222447 222445 0.63
222445 222447 0.63
222445 222451 8.388
222451 222445 8.388
222451 222449 4.8506
222449 222451 4.8506
222449 222456 1.6632
222456 222449 1.6632
222456 222453 0.8431
222453 222456 0.8431
222453 222463 2.2435
222463 222453 2.2435
222463 222459 0.6185
222459 222463 0.6185
222459 222442 1.8468
222442 222459 1.8468
1687232 1982028 1.5861
1982028 1687232 1.5861
1982028 925347 1.5747
925347 1982028 1.5747
925347 1982027 2.1461
1982027 925347 2.1461
1982027 284893 4.3514
284893 1982027 4.3514
284893 284895 3.6756
284895 284893 3.6756
284895 284879 0.9638
284879 284895 0.9638
284879 276643 16.7107
276643 284879 16.7107
276643 955420 0.9653
955420 276643 0.9653
955420 19211 0.8337
19211 955420 0.8337
949670 1323937 0.6324
1323937 949670 0.6324
1323937 277914 2.856
277914 1323937 2.856
277914 278764 24.7056
278764 277914 24.7056
278764 1323924 0.9372
1323924 278764 0.9372
1323924 1031906 2.13
1031906 1323924 2.13
1031906 1252812 9.6744
1252812 1031906 9.6744
1252812 278038 2.3028
278038 1252812 2.3028
278038 277943 7.5156
277943 278038 7.5156
277943 278005 13.7316
278005 277943 13.7316
278005 26980 3.6864
26980 278005 3.6864
26980 277987 33.0876
277987 26980 33.0876
277987 277926 17.0676
277926 277987 17.0676
26982 26987 34.884
26987 26982 34.884
26987 26988 39.9204
26988 26987 39.9204
26988 1323823 17.7012
1323823 26988 17.7012
1323823 1323824 2.7144
1323824 1323823 2.7144
1323824 1323825 26.3088
1323825 1323824 26.3088
1323825 1323826 5.7132
1323826 1323825 5.7132
19204 2015407 2.8584
2015407 19204 2.8584
19204 1686988 0.8856
1686988 19204 0.8856
1686988 524678 0.5781
524678 1686988 0.5781
524678 1182234 0.5601
1182234 524678 0.5601
1182234 19205 0.2962
19205 1182234 0.2962
27272 895789 1.3104
895789 895785 27.6768
895785 895783 1.8864
895783 895784 1.4832
895784 895786 1.422
895786 895787 1.314
895787 895788 1.4688
895788 895791 25.8732
895791 895792 1.908
895792 895790 2.0988
895790 27272 2.4336
6780 716013 3.2328
716013 6780 3.2328
716013 1590452 0.8928
1590452 716013 0.8928
1590452 1164044 2.5236
1164044 1590452 2.5236
1164044 1593349 2.0376
1593349 1164044 2.0376
1593349 1593389 3.7872
1593389 1593349 3.7872
1593389 27276 21.7296
27276 1593389 21.7296
27276 716023 4.9032
716023 27276 4.9032
716023 716026 13.5792
716026 716023 13.5792
716026 716030 7.1208
716030 716026 7.1208
716030 1034277 2.9988
1034277 716030 2.9988
1034277 1314986 0.6732
1314986 1034277 0.6732
1314986 27273 19.584
27273 1314986 19.584
27273 1034278 4.1904
1034278 27273 4.1904
1034278 282203 16.6104
282203 1034278 16.6104
282203 1034271 1.3284
1034271 282203 1.3284
1034271 716034 6.2784
716034 1034271 6.2784
716034 716035 18.378
716035 716034 18.378
716035 27274 3.7404
27274 716035 3.7404
27275 1736919 4.7556
1736919 27275 4.7556
1736919 1736944 11.844
1736944 1736919 11.844
1736944 27276 40.41
27276 1736944 40.41
251118 827835 8.7192
827835 251118 8.7192
827835 251202 78.696
251202 827835 78.696
251202 251137 69.7608
251137 251202 69.7608
251137 251178 87.8436
251178 251137 87.8436
79381 328046 1.8159
328046 79381 1.8159
328046 1923933 0.145
1923933 328046 0.145
1923933 79380 0.5266
79380 1923933 0.5266
79380 1923922 0.126
1923922 79380 0.126
1923922 1102819 0.3538
1102819 1923922 0.3538
1102819 79379 1.1561
79379 1102819 1.1561
79379 1100308 0.9375
1100308 79379 0.9375
19212 27507 5.0121
27507 19212 5.0121
27507 1422322 1.5354
1422322 27507 1.5354
1422322 723369 0.8973
723369 1422322 0.8973
723369 1422316 7.1046
1422316 723369 7.1046
1422316 1029115 5.3883
1029115 1422316 5.3883
1029115 1323278 14.3451
1323278 1029115 14.3451
1323278 1323277 5.6574
1323277 1323278 5.6574
1323277 27513 10.2267
27513 1323277 10.2267
41895 27508 1.5624
27508 41895 1.5624
27508 1323214 3.3768
1323214 27508 3.3768
1323214 1323217 3.9564
1323217 1323214 3.9564
1323217 1323219 5.3292
1323219 1323217 5.3292
1323219 277999 4.0536
277999 1323219 4.0536
277999 1323221 1.5636
1323221 277999 1.5636
1323221 278049 6.5424
278049 1323221 6.5424
278049 1323223 1.2144
1323223 278049 1.2144
1323223 1179013 6.8316
1179013 1323223 6.8316
1179013 27509 14.2224
27509 1179013 14.2224
27506 588025 1.338
588025 27506 1.338
588025 277938 13.5084
277938 588025 13.5084
277938 278058 2.0736
278058 277938 2.0736
278058 277991 6.2808
277991 278058 6.2808
277991 1487046 0.7812
1487046 277991 0.7812
1487046 27510 10.2132
27510 1487046 10.2132
27519 1988411 0.8532
1988411 27519 0.8532
1988411 350882 11.79
350882 1988411 11.79
350882 27536 1.3356
27536 350882 1.3356
27536 27520 1.1088
27520 27536 1.1088
74 1480075 1.3428
1480075 74 1.3428
1480075 27523 14.1768
27523 1480075 14.1768
27523 27524 7.5132
27524 27523 7.5132
27524 27526 4.068
27526 27524 4.068
27526 27525 50.2776
27525 27526 50.2776
27525 27527 11.0016
27527 27525 11.0016
27527 27528 5.508
27528 27527 5.508
27523 721754 3.7674
721754 27523 3.7674
721754 721756 4.383
721756 721754 4.383
721756 27532 2.3544
27532 721756 2.3544
27532 721758 2.0034
721758 27532 2.0034
721758 721760 4.3236
721760 721758 4.3236
721760 721762 4.3848
721762 721760 4.3848
721762 721764 4.2894
721764 721762 4.2894
721764 721768 4.428
721768 721764 4.428
721768 721771 4.401
721771 721768 4.401
721771 27529 1.4382
27529 721771 1.4382
27529 537407 4.5846
537407 27529 4.5846
537407 86982 1.3086
86982 537407 1.3086
27530 27531 9.3636
27531 27530 9.3636
27531 27532 16.2108
27532 27531 16.2108
27534 1988408 8.9496
1988408 27534 8.9496
1988408 1988406 4.356
1988406 1988408 4.356
1988406 27535 2.6892
27535 1988406 2.6892
27535 1988407 3.0852
1988407 27535 3.0852
1988407 27537 2.7972
27537 1988407 2.7972
27537 27521 9.8856
27521 27537 9.8856
27534 27538 4.6116
27538 27534 4.6116
27538 27539 9.2232
27539 27538 9.2232
27539 27540 4.4172
27540 27539 4.4172
27539 27551 4.518
27551 27539 4.518
27551 27552 6.5844
27552 27551 6.5844
27552 27553 6.4116
27553 27552 6.4116
27553 27554 6.7068
27554 27553 6.7068
27554 27555 8.9892
27555 27554 8.9892
27555 350884 7.3476
350884 27555 7.3476
350884 350883 3.4596
350883 350884 3.4596
350883 27521 3.438
27521 350883 3.438
27754 1001 2.6687
1001 1002 6.021
115 1000 1.3058
1000 1287378 3.7466
1287378 1955483 0.6593
1955483 1287377 1.6344
1287377 1946880 2.357
1946880 1287372 2.2094
1287372 1287373 8.2471
1287373 1382432 2.8846
1382432 1415653 9.4083
1415653 1287376 0.5482
1278683 130617 7.329
452408 27763 1.7165
27763 212816 0.2819
212816 54456 0.2581
54456 276704 0.2218
276704 27762 0.2801
27762 212810 0.2923
212810 212819 0.2999
212819 27761 0.3413
27761 212812 0.4169
212812 276571 0.4568
276571 27760 0.6865
27774 212815 0.4668
212815 276741 0.3738
276741 212809 0.378
212809 27775 0.5844
27775 212818 0.6948
212818 27776 0.9972
27776 212817 0.7398
212817 27777 0.525
27777 212811 0.4692
212811 276681 0.3996
276681 27778 0.5166
27778 212820 0.4602
212820 276625 0.435
276625 27779 0.5838
27779 27780 1.413
27770 27771 2.5067
27771 276649 0.9868
276649 212821 0.7322
212821 161251 0.7056
161251 452407 4.8931
6714 276725 0.741
276725 27864 0.375
27864 27865 0.339
27865 276594 0.303
276594 132481 0.2898
132481 276654 0.3696
276654 276744 0.4158
276744 27866 0.4806
27866 27867 0.5172
27867 132488 0.3654
132488 27868 0.3918
27868 276615 0.4212
276615 27869 0.4248
27869 44114 0.4932
28026 1988045 1.4004
1988045 28026 1.4004
1988045 28027 0.684
28027 1988045 0.684
28027 1988055 0.7092
1988055 28027 0.7092
1988055 1988044 0.7668
1988044 1988055 0.7668
1988044 1988054 0.9756
1988054 1988044 0.9756
1988054 1988053 1.2348
1988053 1988054 1.2348
1988053 1988052 1.1412
1988052 1988053 1.1412
1988052 1988051 1.44
1988051 1988052 1.44
1988051 1988050 1.728
1988050 1988051 1.728
1988050 1988049 0.9864
1988049 1988050 0.9864
1988049 1988048 1.2924
1988048 1988049 1.2924
1988048 1988324 0.6552
1988324 1988048 0.6552
1988324 1988047 0.6156
1988047 1988324 0.6156
1988047 1988046 0.5724
1988046 1988047 0.5724
1988046 1988315 0.8928
1988315 1988046 0.8928
1988315 1988319 27.5184
1988319 1988315 27.5184
1988319 1988323 0.684
1988323 1988319 0.684
1988323 1988322 0.7992
1988322 1988323 0.7992
1988322 1988318 1.1016
1988318 1988322 1.1016
1988318 1988317 0.9612
1988317 1988318 0.9612
1988317 1988316 0.8424
1988316 1988317 0.8424
1988316 1988320 1.0008
1988320 1988316 1.0008
1988320 1988321 5.112
1988321 1988320 5.112
28028 28029 1.6488
28029 28028 1.6488
28029 86973 0.4824
86973 28029 0.4824
86973 86975 12.0852
86975 86973 12.0852
86975 1988321 9.0666
1988321 86975 9.0666
1988321 86977 2.016
86977 1988321 2.016
86977 86958 12.663
86958 86977 12.663
86958 28030 3.6036
28030 86958 3.6036
41046 1114324 5.3316
1114324 1114322 6.4476
1114322 1114325 6.7392
1114325 1114327 7.182
1114327 1114329 6.7536
1114329 1114331 6.84
1114331 1114333 7.2792
1114333 1114335 8.1828
1114335 41047 9.6372
3490 41046 36.594
3493 30025 0.6094
30025 30026 3.3382
30059 984739 22.1868
984739 30059 22.1868
984739 30060 11.3832
30060 984739 11.3832
30060 30061 6.4188
30061 30060 6.4188
30061 984740 9.1044
984740 30061 9.1044
984740 1467908 11.34
1467908 984740 11.34
1467908 30062 27.1296
30062 1467908 27.1296
30062 30063 45.594
30063 30062 45.594
30063 984741 10.3176
984741 30063 10.3176
984741 984742 13.014
984742 984741 13.014
984742 30064 24.7356
30064 984742 24.7356
30064 30065 14.2272
30065 30064 14.2272
30065 984743 18.8604
984743 30065 18.8604
984743 30066 25.3476
30066 984743 25.3476
30066 30067 17.8236
30067 30066 17.8236
30067 30068 5.9724
30068 30067 5.9724
30068 30069 8.9316
30069 30068 8.9316
30069 30072 6.9804
30072 30069 6.9804
30098 30099 33.93
30099 30098 33.93
30099 435416 4.9668
435416 30099 4.9668
30102 187835 27.4392
187835 30102 27.4392
187835 30094 14.5296
30094 187835 14.5296
30095 30096 41.8968
30096 30095 41.8968
30106 30103 41.8236
30103 30106 41.8236
30107 1527732 19.8252
1527732 30107 19.8252
1527732 983444 20.3796
983444 1527732 20.3796
983444 198015 11.5992
198015 983444 11.5992
198015 906097 6.5184
906097 198015 6.5184
30026 110065 0.2263
110065 110073 2.4192
110073 3495 0.5791
30026 1645484 1.5309
1645484 30026 1.5309
1645484 96046 3.8592
96046 1645484 3.8592
96046 1566233 0.387
1566233 96046 0.387
1566233 96044 10.5399
96044 1566233 10.5399
96044 1859389 9.9081
1859389 96044 9.9081
1859389 30027 0.8271
30027 1859389 0.8271
30027 1566165 0.8568
1566165 30027 0.8568
1566165 96042 9.5211
96042 1566165 9.5211
96042 30102 10.9656
30102 96042 10.9656
30102 30096 10.6182
30096 30102 10.6182
30096 30106 10.584
30106 30096 10.584
30106 399812 0.9432
399812 30106 0.9432
399812 49918 9.7434
49918 399812 9.7434
49918 30098 10.8288
30098 49918 10.8288
30098 1702440 0.6741
1702440 30098 0.6741
1702440 1315729 2.4534
1315729 1702440 2.4534
1315729 1315739 3.591
1315739 1315729 3.591
1315739 435546 1.503
435546 1315739 1.503
435546 1566234 4.8267
1566234 435546 4.8267
1566234 30028 0.7488
30028 1566234 0.7488
434285 434279 5.016
434279 434285 5.016
434279 434277 1.7028
434277 434279 1.7028
434277 434275 2.46
434275 434277 2.46
434275 434267 3.0576
434267 434275 3.0576
434267 434253 5.5164
434253 434267 5.5164
434253 434244 3.438
434244 434253 3.438
434244 434239 1.6608
434239 434244 1.6608
434239 30117 2.6844
30117 434239 2.6844
30117 434230 1.1856
434230 30117 1.1856
434230 434224 1.1124
434224 434230 1.1124
434224 434222 0.774
434222 434224 0.774
434222 434215 1.5936
434215 434222 1.5936
434215 434208 1.6968
434208 434215 1.6968
434208 434183 4.1088
434183 434208 4.1088
434183 30118 0.87
30118 434183 0.87
30118 434160 2.2344
434160 30118 2.2344
434160 434156 0.3372
434156 434160 0.3372
434156 434152 2.2356
434152 434156 2.2356
434152 434148 1.9596
434148 434152 1.9596
434148 434147 0.8244
434147 434148 0.8244
434147 434144 1.566
434144 434147 1.566
434144 434143 1.0248
434143 434144 1.0248
434143 434142 4.5852
434142 434143 4.5852
434142 434139 1.3788
434139 434142 1.3788
434139 434134 1.524
434134 434139 1.524
434134 434133 2.3964
434133 434134 2.3964
434133 434128 5.9964
434128 434133 5.9964
434128 434127 1.4316
434127 434128 1.4316
434127 434126 1.6896
434126 434127 1.6896
434126 434117 5.0628
434117 434126 5.0628
434117 434116 5.1912
434116 434117 5.1912
27351 1511680 1.7738
1511680 27351 1.7738
1511680 1132946 3.5095
1132946 1511680 3.5095
1132946 155194 3.043
155194 1132946 3.043
558152 643589 2.3256
276537 2015477 3.2184
2015477 276537 3.2184
276537 30619 27.1692
30619 276537 27.1692
26948 750538 1.481
750538 276700 0.6422
276700 276644 0.6941
276644 1686987 0.6322
1686987 26949 0.9626
34994 34995 10.9908
34995 34994 10.9908
34995 34996 10.8792
34996 34995 10.8792
34996 34998 16.6248
34998 34996 16.6248
34994 485544 2.4048
485544 34994 2.4048
485544 34998 22.2552
34998 485544 22.2552
517456 2015537 0.0414
517456 1790324 0.4764
1790324 517457 0.39
517457 2015539 0.0174
37735 37736 18.756
37736 37735 18.756
90973 92829 1.4863
92829 90973 1.4863
92829 77788 1.0342
77788 92829 1.0342
77788 92841 3.2117
92841 77788 3.2117
92841 92823 6.4949
92823 92841 6.4949
92823 1756887 0.719
1756887 92823 0.719
1756887 92821 0.4726
92821 1756887 0.4726
92821 77805 0.487
77805 92821 0.487
77805 1756943 2.2505
1756943 77805 2.2505
1756943 91354 0.3183
91354 1756943 0.3183
91354 1736978 0.937
1736978 91354 0.937
1736978 92819 0.3333
92819 1736978 0.3333
92819 1756942 0.6146
1756942 92819 0.6146
1756942 77801 0.8491
77801 1756942 0.8491
77801 1348519 0.9581
1348519 77801 0.9581
1348519 92814 3.3094
92814 1348519 3.3094
92814 92812 3.2616
92812 92814 3.2616
92812 1756888 0.2391
1756888 92812 0.2391
1756888 90976 6.4101
90976 1756888 6.4101
90976 92433 0.9324
92433 90976 0.9324
92433 77764 0.5241
77764 92433 0.5241
77764 1756879 0.4325
1756879 77764 0.4325
1756879 1032586 0.4613
1032586 1756879 0.4613
1032586 1348518 2.2474
1348518 1032586 2.2474
1348518 92674 1.3608
92674 1348518 1.3608
92674 1269989 0.5878
1269989 92674 0.5878
1269989 1269990 0.4279
1269990 1269989 0.4279
1269990 164081 1.2343
164081 1269990 1.2343
164081 143826 2.1147
143826 164081 2.1147
143826 23765 0.4819
23765 143826 0.4819
37739 967111 0.7621
967111 37739 0.7621
37742 1468398 0.7949
1468398 37742 0.7949
1468398 79323 3.4726
79323 1468398 3.4726
79323 58682 8.6342
58682 79323 8.6342
681160 681101 0.9693
681101 681164 2.5119
681164 135881 1.0575
37934 1680636 11.6604
1680636 206683 7.2936
206683 206684 4.4028
206684 282838 3.852
282838 37935 5.2776
37935 206685 5.4072
206685 37936 6.39
37939 1182039 3.4272
1182039 1182040 4.212
1182040 37940 4.0068
37940 1524388 5.2992
1524388 1524390 5.6988
1524390 1524392 3.942
1524392 1524393 3.9096
1524393 1524395 6.2244
1524395 944015 5.5332
944015 1524397 6.678
1524397 41912 6.7284
41912 41910 6.6852
41910 1524420 3.0024
1524420 37956 3.6684
37956 1182038 6.1416
1182038 37941 9.8856
37941 1524401 5.5872
1524401 1524403 6.0084
1524403 37942 6.3216
41904 41905 10.3284
41905 1524415 5.886
1524415 367263 2.6676
367263 1524414 3.9204
1524414 276646 2.7
276646 1524413 3.9708
1524413 276588 2.7612
276588 1524408 4.086
1524408 206675 1.6632
206675 1524411 4.6188
1524411 1524418 4.0572
1524418 1524406 4.1328
1524406 41914 5.6628
41914 41916 3.2292
41916 41909 3.6504
37941 37954 6.9948
37954 37941 6.9948
37954 37955 22.1832
37955 37954 22.1832
37956 37955 10.3968
37955 37956 10.3968
37955 1524399 8.1792
1524399 37955 8.1792
1524399 37957 4.3272
37957 1524399 4.3272
23473 37958 0.6305
37958 1263882 0.575
1263882 37959 0.4392
37959 37960 0.4608
37960 206897 0.3497
206897 37961 0.3497
37961 37962 0.3806
1263885 37964 1.6128
37964 1263884 0.5575
1263884 206680 0.5102
206680 37965 0.5359
37965 1263883 0.5235
1263883 37966 0.5883
37966 37967 0.6346
37967 1263886 1.5963
323037 323108 1.8558
323108 323037 1.8558
323108 323116 1.0656
323116 323108 1.0656
323116 1289929 27.2934
1289929 323116 27.2934
1289929 39708 0.6894
39708 1289929 0.6894
39708 2015553 0.7362
2015553 39708 0.7362
38087 1014834 3.3696
1014834 38087 3.3696
1014834 38088 9.4716
38088 1014834 9.4716
38095 714279 2.3436
714279 38095 2.3436
714279 715675 10.8432
715675 714279 10.8432
715675 38096 2.9628
38096 715675 2.9628
38096 38097 31.9284
38097 38096 31.9284
38097 714280 13.338
714280 38097 13.338
714280 38098 2.7072
38098 714280 2.7072
38096 38099 32.724
38099 38096 32.724
38099 714287 9.9504
714287 38099 9.9504
714287 38100 1.9404
38100 714287 1.9404
212127 2015555 1.8144
2015555 212127 1.8144
212127 212136 1.9332
212136 212127 1.9332
212136 212123 16.5312
212123 212136 16.5312
212123 1840782 2.2788
1840782 212123 2.2788
1840782 1840783 1.5552
1840783 1840782 1.5552
1840783 212133 2.0232
212133 1840783 2.0232
212133 1840781 1.2816
1840781 212133 1.2816
1840781 1840784 1.5948
1840784 1840781 1.5948
38097 2015557 15.8364
2015557 38097 15.8364
123748 714557 4.7268
714557 123748 4.7268
714557 1840775 2.9196
1840775 714557 2.9196
1840775 123747 4.3164
123747 1840775 4.3164
123747 123744 24.9984
123744 123747 24.9984
123744 1728039 5.4684
1728039 123744 5.4684
1728039 123743 22.6152
123743 1728039 22.6152
123743 1727964 6.1812
1727964 123743 6.1812
1727964 145410 8.6076
145410 1727964 8.6076
145410 209307 17.532
209307 145410 17.532
209307 207905 9.4068
207905 209307 9.4068
207905 1840773 4.9932
1840773 207905 4.9932
1840773 38103 8.7804
38103 1840773 8.7804
38103 714276 2.124
714276 38103 2.124
714276 714206 7.5456
714206 714276 7.5456
714206 145404 3.9384
145404 714206 3.9384
145404 714216 3.4272
714216 145404 3.4272
714216 145407 29.9808
145407 714216 29.9808
145407 714214 3.096
714214 145407 3.096
714214 1840795 4.7772
1840795 714214 4.7772
1840795 714290 3.3444
714290 1840795 3.3444
714290 38104 1.926
38104 714290 1.926
38105 714271 1.3752
714271 38105 1.3752
714271 209610 13.8096
209610 714271 13.8096
209610 209612 31.0212
209612 209610 31.0212
209612 714247 3.9024
714247 209612 3.9024
714247 714227 8.2044
714227 714247 8.2044
714227 38106 2.0556
38106 714227 2.0556
38107 714228 1.4292
714228 38107 1.4292
714228 714232 4.2156
714232 714228 4.2156
714232 714252 4.7196
714252 714232 4.7196
714252 714250 23.5476
714250 714252 23.5476
714250 715529 26.4564
715529 714250 26.4564
38108 445770 5.724
445770 38108 5.724
445770 445775 3.456
445775 445770 3.456
445775 445783 5.1912
445783 445775 5.1912
445783 1904332 89.9568
1904332 445783 89.9568
1904332 445814 1.656
445814 1904332 1.656
445812 1904333 1.6776
1904333 445812 1.6776
1904333 891979 11.4264
891979 1904333 11.4264
891979 228818 1.5444
228818 891979 1.5444
228818 891971 20.628
891971 228818 20.628
891971 38109 31.1256
38109 891971 31.1256
38109 445793 17.6832
445793 38109 17.6832
445793 282212 5.1228
282212 445793 5.1228
282212 282213 22.0716
282213 282212 22.0716
282213 889097 4.9356
889097 282213 4.9356
889097 874458 19.5084
874458 889097 19.5084
874458 38110 3.8844
38110 874458 3.8844
445793 445790 5.9544
445790 445793 5.9544
445790 445761 38.6928
445761 445790 38.6928
445761 38111 9.468
38111 445761 9.468
38113 875622 5.004
875622 38113 5.004
875622 900832 4.1004
900832 875622 4.1004
900832 228811 12.8016
228811 900832 12.8016
228811 922287 9.1404
922287 228811 9.1404
922287 900923 24.408
900923 922287 24.408
900923 876731 0.9216
876731 900923 0.9216
876731 874461 35.0964
874461 876731 35.0964
874461 38114 3.06
38114 874461 3.06
38116 737217 3.2184
737217 917356 0.882
917356 38117 5.5764
38120 875521 4.8888
875521 38120 4.8888
875521 38121 37.7172
38121 875521 37.7172
38121 38122 11.484
38122 38121 11.484
38122 38123 11.1024
38123 38122 11.1024
38123 45150 14.5656
45150 38123 14.5656
45150 38124 7.4484
38124 45150 7.4484
38124 38125 8.9712
