108222
14233 14234 5.878
14235 294009 3.3724
23308 969640 1.8396
969640 23308 1.8396
969640 1528528 8.9616
1528528 969640 8.9616
1528528 23317 1.3524
23317 1528528 1.3524
23317 23318 6.0168
23318 23317 6.0168
23318 23319 5.9088
23319 23318 5.9088
23319 23320 7.542
23320 23319 7.542
23320 1528515 3.4404
1528515 23320 3.4404
1528515 1528527 6.822
1528527 1528515 6.822
1528527 23321 0.5652
23321 1528527 0.5652
23321 1528516 6.8052
1528516 23321 6.8052
1528516 1528522 1.6464
1528522 1528516 1.6464
1528522 23322 0.8652
23322 1528522 0.8652
23322 23323 7.1412
23323 23322 7.1412
23323 23324 2.418
23324 23323 2.418
23324 23325 1.7436
23325 23324 1.7436
23325 23326 2.9748
23326 23325 2.9748
23326 23327 3.9288
23327 23326 3.9288
23327 23316 22.5636
23316 23327 22.5636
23316 23315 0.33
23315 23316 0.33
23315 23314 1.2336
23314 23315 1.2336
23314 23313 3.0624
23313 23314 3.0624
23313 23312 6.3852
23312 23313 6.3852
23312 23311 3.282
23311 23312 3.282
23311 1528512 3.1044
1528512 23311 3.1044
1528512 23310 0.7848
23310 1528512 0.7848
23310 1528511 1.1328
1528511 23310 1.1328
1528511 23309 8.3376
23309 1528511 8.3376
23309 1992107 15.7656
1992107 23309 15.7656
1992107 1992106 14.4216
1992106 1992107 14.4216
1992106 142952 0.8088
142952 1992106 0.8088
79396 1643478 4.5324
1643478 79396 4.5324
1643478 79398 1.0517
79398 1643478 1.0517
79398 1643477 9.7437
1643477 79398 9.7437
1643477 79392 1.565
79392 1643477 1.565
1429764 274529 1.7702
274529 54468 1.0985
54468 274545 0.7046
274545 27628 0.8331
27628 27635 2.1723
27630 1429784 0.7764
1429784 274623 0.483
274623 27631 0.3924
27631 274605 0.4344
274605 27632 0.3792
27632 274551 0.4476
274551 27633 0.555
27633 27634 0.9864
1263609 1478872 2.2488
1478872 1263609 2.2488
1478872 1263610 0.933
1263610 1478872 0.933
1263610 1883988 0.8082
1883988 1263610 0.8082
1883988 1978984 1.5474
1978984 1883988 1.5474
1978984 1399749 0.7674
1399749 1978984 0.7674
1399749 1490332 1.8366
1490332 1399749 1.8366
1490332 1287594 2.34
1287594 1490332 2.34
31300 1321346 0.182
1321346 1321347 1.0212
1321347 1321345 0.2904
1321345 31669 0.212
31669 196341 0.1284
196341 512342 0.13
512342 512341 0.1204
512341 31670 0.1196
31670 512339 0.1432
512339 512337 0.1516
512337 31671 0.2412
31682 1321244 1.6512
1321244 1321243 0.2052
1321243 1321242 0.2694
1321242 512354 0.2436
512354 1321241 0.2562
1321241 196336 0.1848
196336 512357 0.2724
512357 91528 0.2736
91528 196338 0.216
196338 512364 0.2178
512364 31683 0.5112
31687 951673 0.6366
951673 1399746 4.215
1399746 172055 0.582
115853 1892139 3.2837
1892139 1687707 0.215
1687707 172064 0.4999
172064 1687705 1.7851
1687705 172063 0.1769
172063 173265 3.8417
173265 578854 0.161
578854 31689 0.4793
1980211 1980204 0.697
1980204 1980211 0.697
1980204 1980202 1.9616
1980202 1980204 1.9616
1980202 149666 0.5224
149666 1980202 0.5224
149666 710022 0.6905
710022 149666 0.6905
710022 892404 0.3514
892404 710022 0.3514
892404 656010 1.0181
656010 892404 1.0181
656010 471063 0.8816
471063 656010 0.8816
471063 123579 1.804
123579 471063 1.804
123579 1980384 2.5546
1980384 123579 2.5546
1980384 1980379 0.7387
1980379 1980384 0.7387
1980379 32246 1.3604
32246 1980379 1.3604
32246 73511 0.5044
73511 32246 0.5044
73511 499724 0.3254
499724 73511 0.3254
499724 32247 0.77
32247 499724 0.77
32247 32248 1.5685
32248 32247 1.5685
32248 1978789 6.9901
1978789 32248 6.9901
1978789 350528 0.7942
350528 1978789 0.7942
350528 73512 0.6768
73512 350528 0.6768
73512 1978790 1.2452
1978790 73512 1.2452
1978790 32249 12.839
32249 1978790 12.839
32249 678167 1.6168
678167 32249 1.6168
678167 1978791 0.1962
1978791 678167 0.1962
1978791 678168 1.3651
678168 1978791 1.3651
678168 710004 0.36
710004 678168 0.36
710004 678169 0.8834
678169 710004 0.8834
678169 1714916 1.0354
1714916 678169 1.0354
1714916 678170 0.3712
678170 1714916 0.3712
678170 73513 0.4194
73513 678170 0.4194
33755 33756 2.175
33756 615472 1.8852
615472 33764 0.8268
1094203 1355676 1.8126
1355676 1094203 1.8126
1355676 407311 0.9888
407311 1355676 0.9888
407311 1682526 3.6714
1682526 407311 3.6714
1682526 33760 0.816
33760 1682526 0.816
33760 696355 0.5634
696355 33760 0.5634
696355 696354 0.5712
696354 696355 0.5712
696354 375521 1.0806
375521 696354 1.0806
375521 1982893 6.9534
1982893 375521 6.9534
1982893 33757 0.9294
33757 1982893 0.9294
33757 1982894 1.1058
1982894 33757 1.1058
1982894 33758 5.976
33758 1982894 5.976
33758 33761 1.1406
33761 33758 1.1406
33761 33759 1.143
33759 33761 1.143
33759 49597 4.6188
49597 33759 4.6188
49597 1725463 0.5862
1725463 49597 0.5862
1725463 49587 0.4506
49587 1725463 0.4506
49587 1982892 6.273
1982892 49587 6.273
1982892 49585 1.782
49585 1982892 1.782
49585 1982891 1.326
1982891 49585 1.326
1982891 49583 4.656
49583 1982891 4.656
49583 825946 9.1956
825946 49583 9.1956
825946 49579 0.396
49579 825946 0.396
49579 1725418 5.5674
1725418 49579 5.5674
1725418 930076 13.1556
930076 1725418 13.1556
930076 375487 3.048
375487 930076 3.048
375487 97331 1.0608
97331 375487 1.0608
33742 1355671 0.3756
1355671 407314 0.3948
407314 1355661 1.3146
33765 375898 1.5792
49505 1982815 15.8928
1982815 49505 15.8928
1982815 49480 11.7228
49480 1982815 11.7228
33749 1682399 0.508
1682399 33749 0.508
1682399 202617 0.5324
202617 1682399 0.5324
202617 1682719 0.4954
1682719 202617 0.4954
1682719 33746 0.5299
33746 1682719 0.5299
33746 1469611 0.6271
1469611 33746 0.6271
1469611 1682718 0.3496
1682718 1469611 0.3496
1682718 124039 1.2665
124039 1682718 1.2665
124039 1682373 1.4843
1682373 124039 1.4843
1682373 1682371 1.1689
1682371 1682373 1.1689
1682371 1682385 0.7679
1682385 1682371 0.7679
1682385 1682374 0.8608
1682374 1682385 0.8608
1682374 1343038 5.7107
1343038 1682374 5.7107
1343038 1682406 3.0078
1682406 1343038 3.0078
1682406 33750 0.6145
33750 1682406 0.6145
33750 1682360 1.0753
1682360 33750 1.0753
1682360 1343039 0.189
1343039 1682360 0.189
1343039 1682353 1.0166
1682353 1343039 1.0166
1682353 1343040 0.679
1343040 1682353 0.679
1343040 1682359 1.0462
1682359 1343040 1.0462
1682359 81136 1.6427
81136 1682359 1.6427
81136 149338 1.6477
149338 81136 1.6477
33976 1728400 3.7944
1728400 33976 3.7944
1728400 33986 4.9932
33986 1728400 4.9932
33986 82647 6.5736
82647 33986 6.5736
82647 82654 35.5608
82654 82647 35.5608
82654 33990 20.43
33990 82654 20.43
33990 499738 23.5296
499738 33990 23.5296
499738 1061479 9.7596
1061479 499738 9.7596
1061479 33987 12.6324
33987 1061479 12.6324
33987 33977 10.9224
33977 33987 10.9224
33977 33991 21.9888
33991 33977 21.9888
33991 1728319 1.584
1728319 33991 1.584
1728319 33978 20.8188
33978 1728319 20.8188
33978 33979 30.9528
33979 33978 30.9528
33979 33892 8.8992
33892 33979 8.8992
33892 1728364 7.3656
1728364 33892 7.3656
1728364 1061589 16.1604
1061589 1728364 16.1604
1061589 33893 23.3496
33893 1061589 23.3496
33893 33894 6.5808
33894 33893 6.5808
33894 1536523 4.2552
1536523 33894 4.2552
1536523 33895 1.494
33895 1536523 1.494
33895 82672 1.5336
82672 33895 1.5336
82672 82676 25.0056
82676 82672 25.0056
82676 33896 37.3428
33896 82676 37.3428
33896 615475 4.1256
615475 33896 4.1256
615475 33897 8.4528
33897 615475 8.4528
33897 33898 7.578
33898 33897 7.578
33898 33989 3.3804
33989 33898 3.3804
33989 921587 4.7772
921587 33989 4.7772
921587 1728398 0.3852
1728398 921587 0.3852
1728398 33899 4.6728
33899 1728398 4.6728
512321 512318 1.0344
512318 512316 0.4664
512316 512314 0.1688
512314 1321272 0.1328
1321272 1321271 0.134
1321271 33902 0.1468
33902 512312 0.1704
512312 1321270 0.14
1321270 512311 0.1312
512311 1321269 0.1352
1321269 1321268 0.122
1321268 33903 0.1552
33903 1321279 0.0872
1321279 1321267 0.0828
1321267 512309 0.178
512309 196339 0.2604
196339 33904 0.244
31674 94621 2.2561
94621 31674 2.2561
558968 558949 0.5956
558949 558946 1.4156
558946 22333 7.2596
22335 22332 7.2048
22332 558945 1.3436
558945 558957 0.7156
33979 33980 10.4616
33980 33979 10.4616
33980 33981 6.0948
33981 33980 6.0948
33981 1061590 5.4576
1061590 33981 5.4576
1061590 33988 4.7664
33988 1061590 4.7664
33988 33982 6.642
33982 33988 6.642
33982 33984 3.996
33984 33982 3.996
33984 33983 5.4504
33983 33984 5.4504
33983 33985 4.374
33985 33983 4.374
33985 33892 14.4504
33892 33985 14.4504
375445 33993 0.6329
33767 188191 0.6396
188191 559019 0.369
559019 188199 0.2994
188199 559016 0.2634
559016 91467 0.2988
91467 559009 0.2772
559009 188194 0.363
188194 559007 0.549
559007 27246 0.627
17730 1321323 2.1132
1321323 1321322 0.2364
1321322 35232 0.2076
35232 1321321 0.1974
1321321 1321320 0.2268
1321320 512369 0.2412
512369 35233 0.192
35233 512370 0.1998
512370 512374 0.1524
512374 35234 0.159
35234 512379 0.2676
512379 512382 0.2538
512382 512385 0.2568
512385 35235 0.4536
384942 27614 2.2716
27614 384942 2.2716
31673 96668 2.0382
96668 31673 2.0382
33975 1388990 2.0388
1388990 1966748 4.7256
1966748 1399736 2.7336
1399736 1399735 12.6318
1399735 145016 3.6816
33974 33787 1.3027
33787 33974 1.3027
33975 33974 0.7277
33974 33975 0.7277
94612 512360 2.3076
512360 512361 1.044
512361 94622 0.9558
94622 1321339 0.8226
1321339 1321340 1.269
1321340 1321341 0.9396
1321341 512358 0.8442
512358 94623 0.9774
94623 512355 0.9864
512355 512352 0.846
512352 94624 0.9576
94624 512348 1.5858
33743 1450848 0.5838
1450848 33743 0.5838
1450848 1982811 1.3278
1982811 1450848 1.3278
1982811 1355673 1.4412
1355673 1982811 1.4412
1355673 1682610 0.6438
1682610 1355673 0.6438
1682610 1419608 0.4728
1419608 1682610 0.4728
46667 1699972 0.3291
1699972 1699973 0.2551
1699973 1699974 0.2078
1699974 33956 0.2967
46669 46668 1.5778
49348 1422779 1.1064
1422779 49348 1.1064
148018 1368889 11.862
1368889 148018 11.862
1368889 276214 0.2292
276214 1368889 0.2292
276214 526774 1.0416
526774 276214 1.0416
526774 276259 4.6824
276259 526774 4.6824
276259 1471527 9.2052
1471527 276259 9.2052
1471527 276356 2.7012
276356 1471527 2.7012
276356 1368900 1.4172
1368900 276356 1.4172
1368900 276338 1.6812
276338 1368900 1.6812
276338 46713 1.5012
46713 276338 1.5012
46713 1471522 2.6184
1471522 46713 2.6184
1471522 2015685 1.9212
2015685 1471522 1.9212
49458 1179962 0.5487
1179962 49458 0.5487
1179962 165826 1.2759
165826 1179962 1.2759
165826 165823 4.5118
165823 165826 4.5118
165823 699761 0.3651
699761 165823 0.3651
699761 165811 0.8342
165811 699761 0.8342
165811 187351 1.5264
187351 165811 1.5264
187351 165846 0.9483
165846 187351 0.9483
165846 139011 2.9052
139011 165846 2.9052
139011 699460 2.5951
699460 139011 2.5951
699460 49463 2.0001
49463 699460 2.0001
35680 139264 0.9406
139264 35680 0.9406
139264 138700 0.9617
138700 139264 0.9617
138700 730889 3.0703
730889 138700 3.0703
49378 49379 14.4588
49379 49378 14.4588
49379 276282 13.4484
276282 49379 13.4484
276282 2015729 12.684
2015729 276282 12.684
36150 49350 3.1044
49350 36150 3.1044
49350 49379 15.8256
49379 49350 15.8256
49379 49352 17.9964
49352 49379 17.9964
49352 49380 18.1476
49380 49352 18.1476
49380 49381 16.1436
49381 49380 16.1436
49381 49382 17.5956
49382 49381 17.5956
49383 49384 3.552
49384 49383 3.552
49384 49380 12.618
49380 49384 12.618
49380 49375 30.66
49375 49380 30.66
49375 2015731 19.7904
2015731 49375 19.7904
49387 49388 9.2976
49388 49387 9.2976
49388 49381 12.7044
49381 49388 12.7044
49381 49374 30.3444
49374 49381 30.3444
49374 49389 26.1348
49389 49374 26.1348
49389 2015733 4.746
2015733 49389 4.746
49391 49392 15.9048
49392 49391 15.9048
49392 409356 12.084
409356 49392 12.084
409356 49382 0.504
49382 409356 0.504
49382 49373 29.5524
49373 49382 29.5524
49373 49393 26.454
49393 49373 26.454
49393 2015735 16.86
2015735 49393 16.86
49370 49395 10.56
49395 49370 10.56
49395 49396 10.002
49396 49395 10.002
49396 716849 1.4292
716849 49396 1.4292
49384 49388 15.8568
49388 49384 15.8568
49388 49392 17.8896
49392 49388 17.8896
49392 49408 17.652
49408 49392 17.652
212623 1430097 44.9064
1430097 212623 44.9064
1430097 49422 7.7472
49422 1430097 7.7472
49368 212620 17.55
212620 49368 17.55
212620 212622 25.2864
212622 212620 25.2864
212622 49369 26.7768
49369 212622 26.7768
49421 212615 1.4736
212615 49421 1.4736
212615 212611 1.6632
212611 212615 1.6632
212611 49369 4.8792
49369 212611 4.8792
49369 49366 27.1284
49366 49369 27.1284
49366 236799 24.0948
236799 49366 24.0948
236799 236801 8.3424
236801 236799 8.3424
236801 236802 1.6572
236802 236801 1.6572
236802 498160 5.4648
498160 236802 5.4648
49420 274518 1.7676
274518 49420 1.7676
274518 274642 2.2716
274642 274518 2.2716
274642 49421 61.4016
49421 274642 61.4016
49370 498151 6.432
498151 49370 6.432
498151 1527573 6.3
1527573 498151 6.3
1527573 236798 12.0696
236798 1527573 12.0696
236798 49371 1.0464
49371 236798 1.0464
49371 49415 14.0724
49415 49371 14.0724
49415 49416 19.7802
49416 49415 19.7802
49416 49417 12.5208
49417 49416 12.5208
49417 1987505 15.516
1987505 49417 15.516
1987505 49365 10.0854
49365 1987505 10.0854
49408 49372 42.0492
49372 49408 42.0492
49372 49364 47.6196
49364 49372 47.6196
49364 2015737 8.1024
2015737 49364 8.1024
49351 49352 12.3144
49352 49351 12.3144
49352 49353 30.9876
49353 49352 30.9876
49353 2015739 7.3704
2015739 49353 7.3704
49378 276217 9.8244
276217 49378 9.8244
276217 571426 6.5004
571426 276217 6.5004
571426 49351 1.1952
49351 571426 1.1952
49350 1247144 1.3008
1247144 49350 1.3008
1247144 49423 1.8552
49423 1247144 1.8552
49423 276284 1.6056
276284 49423 1.6056
276284 49424 1.0476
49424 276284 1.0476
49424 276213 0.8808
276213 49424 0.8808
276213 49425 0.9636
49425 276213 0.9636
49433 1001714 3.3666
1001714 49433 3.3666
1001714 1001685 12.963
1001685 1001714 12.963
1001685 49432 1.5642
49432 1001685 1.5642
49432 49431 1.0164
49431 49432 1.0164
49431 1001706 2.3028
1001706 49431 2.3028
1001706 1001686 8.9388
1001686 1001706 8.9388
1001686 49430 0.639
49430 1001686 0.639
49430 49429 8.0544
49429 49430 8.0544
49429 276242 2.3364
276242 49429 2.3364
276242 571413 1.2294
571413 276242 1.2294
571413 276173 0.7326
276173 571413 0.7326
276173 276332 0.8466
276332 276173 0.8466
276332 49428 1.0296
49428 276332 1.0296
49428 1001716 0.4608
1001716 49428 0.4608
1001716 276260 0.4242
276260 1001716 0.4242
276260 49427 1.6302
49427 276260 1.6302
49427 276189 0.579
276189 49427 0.579
276189 276350 0.7074
276350 276189 0.7074
276350 276336 0.6612
276336 276350 0.6612
276336 276177 2.3874
276177 276336 2.3874
276177 49426 9.2922
49426 276177 9.2922
49426 49349 7.3836
49349 49426 7.3836
49349 1276257 3.7458
1276257 49349 3.7458
1276257 1849668 0.3396
1849668 1276257 0.3396
1849668 49348 0.7938
49348 1849668 0.7938
49456 145035 4.8252
145035 49456 4.8252
145035 138985 2.5488
138985 145035 2.5488
138985 138986 4.2972
138986 138985 4.2972
138986 49457 5.2776
49457 138986 5.2776
49457 138990 4.7268
138990 49457 4.7268
138990 138992 11.31
138992 138990 11.31
138992 138976 8.9436
138976 138992 8.9436
138976 22322 5.3604
22322 138976 5.3604
49468 1725389 0.3612
1725389 49468 0.3612
1725389 1093606 2.0652
1093606 1725389 2.0652
1093606 33766 6.138
33766 1093606 6.138
33766 1692116 7.4538
1692116 33766 7.4538
1692116 33743 2.1372
33743 1692116 2.1372
435740 49486 15.126
49486 435740 15.126
49468 435743 11.3136
435743 49468 11.3136
435743 49487 1.8084
49487 435743 1.8084
49487 435744 1.8252
435744 49487 1.8252
435744 1692118 6.8592
1692118 435744 6.8592
1692118 49488 1.4664
49488 1692118 1.4664
49488 49489 5.2956
49489 49488 5.2956
49489 49490 6.0804
49490 49489 6.0804
49490 49491 4.9908
49491 49490 4.9908
49491 1522329 0.9804
1522329 49491 0.9804
1522329 49492 7.4724
49492 1522329 7.4724
49492 1469574 1.6524
1469574 49492 1.6524
1469574 49493 6.8904
49493 1469574 6.8904
49493 1470097 8.946
1470097 49493 8.946
1470097 49494 0.5436
49494 1470097 0.5436
49494 49501 32.8824
49501 49494 32.8824
49501 1900031 14.4972
1900031 49501 14.4972
1900031 49502 8.946
49502 1900031 8.946
49474 435782 13.5672
435782 49474 13.5672
435782 49503 5.8884
49503 435782 5.8884
49507 1629691 4.6992
1629691 49507 4.6992
1629691 1682540 13.104
1682540 1629691 13.104
1682540 49515 1.4556
49515 1682540 1.4556
49515 1682539 1.3932
1682539 49515 1.3932
1682539 49506 16.746
49506 1682539 16.746
435752 435753 5.4168
435753 435752 5.4168
435753 435754 2.5488
435754 435753 2.5488
435754 49508 5.184
49508 435754 5.184
49508 49514 10.6668
49514 49508 10.6668
49514 49509 13.0524
49509 49514 13.0524
49503 1469532 16.1976
1469532 49503 16.1976
1469532 1438800 7.248
1438800 1469532 7.248
1438800 482332 17.982
482332 1438800 17.982
482332 482331 9.0024
482331 482332 9.0024
482331 482337 17.6988
482337 482331 17.6988
482337 1725483 2.3724
1725483 482337 2.3724
1725483 482324 2.6292
482324 1725483 2.6292
482324 1218210 6.5244
1218210 482324 6.5244
49510 49517 14.232
49517 49510 14.232
49517 967150 8.0568
967150 49517 8.0568
967150 611340 8.8056
611340 967150 8.8056
611340 970341 21.5592
970341 611340 21.5592
970341 49511 0.5556
49511 970341 0.5556
49512 49516 14.424
49516 49512 14.424
49516 967151 3.2376
967151 49516 3.2376
967151 49513 26.3568
49513 967151 26.3568
49514 49515 10.6224
49515 49514 10.6224
49515 49516 11.5968
49516 49515 11.5968
49516 49517 6.1716
49517 49516 6.1716
49509 49518 29.916
49518 49509 29.916
49518 49519 32.0148
49519 49518 32.0148
49519 49520 24.3072
49520 49519 24.3072
33756 49521 4.0284
49521 33756 4.0284
49521 960099 3.528
960099 49521 3.528
960099 49522 1.6788
49522 960099 1.6788
49522 49523 9.0096
49523 49522 9.0096
49523 49524 14.3604
49524 49523 14.3604
49524 49525 13.3464
49525 49524 13.3464
49525 482322 5.2704
482322 49525 5.2704
482322 49526 2.0124
49526 482322 2.0124
49526 49527 10.5204
49527 49526 10.5204
49527 967147 11.1144
967147 49527 11.1144
967147 49528 3.6972
49528 967147 3.6972
49528 49529 7.5816
49529 49528 7.5816
49529 504388 6.3408
504388 49529 6.3408
504388 49530 7.344
49530 504388 7.344
49530 1640569 5.9628
1640569 49530 5.9628
1640569 49531 1.3452
49531 1640569 1.3452
49531 1085370 0.7908
1085370 49531 0.7908
375493 699940 0.9
699940 375493 0.9
699940 49552 0.5064
49552 699940 0.5064
49552 699942 1.0656
699942 49552 1.0656
699942 49533 1.2396
49533 699942 1.2396
49533 49534 6.5676
49534 49533 6.5676
49534 49540 4.1244
49540 49534 4.1244
49540 49535 7.2792
49535 49540 7.2792
49535 49536 8.058
49536 49535 8.058
49536 49560 2.4564
49560 49536 2.4564
49560 49537 11.2212
49537 49560 11.2212
49537 49538 10.8624
49538 49537 10.8624
49538 49565 6.8844
49565 49538 6.8844
49565 49568 10.434
49568 49565 10.434
49568 49539 11.5368
49539 49568 11.5368
49539 179552 4.5732
179552 49539 4.5732
49540 49554 13.5
49554 49540 13.5
49554 49541 0.624
49541 49554 0.624
49541 49542 12.054
49542 49541 12.054
49542 49543 11.814
49543 49542 11.814
49543 981130 13.6944
981130 49543 13.6944
981130 49544 3.2496
49544 981130 3.2496
49544 49539 25.2156
49539 49544 25.2156
179496 1448404 2.0628
1448404 179496 2.0628
1448404 179551 1.3032
179551 1448404 1.3032
49547 49546 4.1892
49546 49547 4.1892
49553 49554 15.1632
49554 49553 15.1632
49554 49555 16.182
49555 49554 16.182
49555 49556 6.6804
49556 49555 6.6804
49556 49557 1.9188
49557 49556 1.9188
49557 49537 2.8596
49537 49557 2.8596
49537 49558 6.6012
49558 49537 6.6012
49558 49559 4.986
49559 49558 4.986
179553 49544 4.968
49544 179553 4.968
49544 49569 11.3064
49569 49544 11.3064
49569 49567 9.678
49567 49569 9.678
49567 49566 1.2528
49566 49567 1.2528
49566 49555 11.652
49555 49566 11.652
49555 49560 9.6972
49560 49555 9.6972
49560 49561 10.3296
49561 49560 10.3296
49561 49572 3.3324
49572 49561 3.3324
49572 1818024 6.6372
1818024 49572 6.6372
1818024 49562 1.3392
49562 1818024 1.3392
49562 49563 7.1244
49563 49562 7.1244
49563 49564 11.9832
49564 49563 11.9832
49565 49566 20.8896
49566 49565 20.8896
49542 49567 16.2348
49567 49542 16.2348
49568 49569 22.902
49569 49568 22.902
49543 49548 13.5636
49548 49543 13.5636
49548 1638057 2.9052
1638057 49548 2.9052
1638057 49570 1.1988
49570 1638057 1.1988
49558 49571 13.7796
49571 49558 13.7796
49571 49572 1.2552
49572 49571 1.2552
49579 825949 0.6528
825949 49579 0.6528
825949 124008 1.8708
124008 825949 1.8708
124008 49580 1.7688
49580 124008 1.7688
49580 49581 4.5924
49581 49580 4.5924
49581 49582 4.4616
49582 49581 4.4616
49582 49578 13.1628
49578 49582 13.1628
49578 49573 6.5712
49573 49578 6.5712
49573 49584 5.8128
49584 49573 5.8128
49584 49577 3.468
49577 49584 3.468
49577 49586 5.5734
49586 49577 5.5734
49586 49576 3.7704
49576 49586 3.7704
49576 375513 8.9154
375513 49576 8.9154
375513 49574 7.089
49574 375513 7.089
49574 1063305 1.9686
1063305 49574 1.9686
49564 179500 1.2552
179500 49564 1.2552
179500 49573 14.1372
49573 179500 14.1372
49573 49583 25.8552
49583 49573 25.8552
696351 49584 12.528
49584 696351 12.528
49584 696352 9.8172
696352 49584 9.8172
696352 696353 3.972
696353 696352 3.972
696353 49585 12.9852
49585 696353 12.9852
49585 825951 0.318
825951 49585 0.318
825951 1725464 0.6732
1725464 825951 0.6732
1725464 49601 10.0656
49601 1725464 10.0656
49601 49602 13.2144
49602 49601 13.2144
49602 49603 14.5872
49603 49602 14.5872
49603 482326 16.1532
482326 49603 16.1532
482326 49604 1.26
49604 482326 1.26
49604 49605 3.7308
49605 49604 3.7308
49605 49606 15.0588
49606 49605 15.0588
49586 49587 23.4588
49587 49586 23.4588
375516 49589 7.3632
49589 375516 7.3632
49589 49590 4.9932
49590 49589 4.9932
49590 1682527 0.9912
1682527 49590 0.9912
1682527 49591 4.8528
49591 1682527 4.8528
375517 49592 7.698
49592 375517 7.698
49592 49593 8.9628
49593 49592 8.9628
49564 696350 2.2908
696350 49564 2.2908
696350 696351 10.4124
696351 696350 10.4124
696351 49594 0.4596
49594 696351 0.4596
49594 49595 9.1884
49595 49594 9.1884
49595 49596 12.5112
49596 49595 12.5112
49596 49586 3.4596
49586 49596 3.4596
49597 825952 0.4104
825952 49597 0.4104
825952 49622 18.4884
49622 825952 18.4884
49622 49598 11.1108
49598 49622 11.1108
49598 49625 9.378
49625 49598 9.378
49625 49599 18.444
49599 49625 18.444
49599 482336 2.8632
482336 49599 2.8632
482336 49600 11.3436
49600 482336 11.3436
49607 482319 19.086
482319 49607 19.086
482319 49608 3.1056
49608 482319 3.1056
49608 49609 12.7788
49609 49608 12.7788
49609 166619 2.8596
166619 49609 2.8596
166619 49610 2.9964
49610 166619 2.9964
49610 49611 7.7016
49611 49610 7.7016
49613 49614 4.308
49614 49613 4.308
49614 1105879 0.9396
1105879 49614 0.9396
1105879 1105880 0.8244
1105880 1105879 0.8244
1105880 375520 1.6956
375520 1105880 1.6956
375520 1105881 0.6144
1105881 375520 0.6144
1105881 49626 3.2724
49626 1105881 3.2724
49626 49615 1.428
49615 49626 1.428
49615 49616 6.93
49616 49615 6.93
33760 526765 1.2078
526765 33760 1.2078
526765 49617 0.975
49617 526765 0.975
49617 526764 5.6526
526764 49617 5.6526
526764 49618 2.1906
49618 526764 2.1906
49618 49619 5.646
49619 49618 5.646
49619 1105875 2.406
1105875 49619 2.406
1105875 1682522 7.1736
1682522 1105875 7.1736
1682522 49620 3.1236
49620 1682522 3.1236
49620 49623 8.9592
49623 49620 8.9592
49623 49624 4.9116
49624 49623 4.9116
49624 49621 4.116
49621 49624 4.116
49621 49622 3.7176
49622 49621 3.7176
49609 49603 90.6192
49603 49609 90.6192
33991 118508 3.2472
118508 33991 3.2472
118508 1733033 18.7704
1733033 118508 18.7704
1733033 50714 23.2596
50714 1733033 23.2596
50714 50713 11.7072
50713 50714 11.7072
50713 1733032 5.5152
1733032 50713 5.5152
1733032 1733031 3.2256
1733031 1733032 3.2256
1733031 615491 2.6496
615491 1733031 2.6496
615491 1733030 5.5872
1733030 615491 5.5872
1733030 1061467 1.4616
1061467 1733030 1.4616
1061467 1733029 3.366
1733029 1061467 3.366
1733029 615499 3.0816
615499 1733029 3.0816
615499 1733028 1.7316
1733028 615499 1.7316
1733028 615490 1.4976
615490 1733028 1.4976
615490 1733027 0.8028
1733027 615490 0.8028
31656 1399738 1.4065
1399738 31656 1.4065
1399738 1359259 1.2348
1359259 1399738 1.2348
1359259 1399748 1.9764
1399748 1359259 1.9764
1399748 885097 9.5936
885097 1399748 9.5936
31660 1684209 2.3664
1684209 745454 2.2878
31657 1684215 1.7327
1684215 1684214 1.6988
1684214 1684213 1.1398
1684213 31658 1.282
31658 31659 0.8078
31659 1684212 0.8374
1684212 1334515 0.7258
1334515 31660 1.5487
892400 400947 0.5321
400947 892400 0.5321
400947 52372 13.253
52372 400947 13.253
52372 52373 4.4914
52373 52372 4.4914
52373 310282 2.3436
310282 52373 2.3436
310282 52374 1.3327
52374 310282 1.3327
52374 310273 1.3061
310273 52374 1.3061
310273 52375 2.3155
52375 310273 2.3155
52375 711438 3.0002
711438 52375 3.0002
711438 52376 2.9527
52376 711438 2.9527
52376 1303089 0.4817
1303089 52376 0.4817
1303089 149668 3.1788
149668 1303089 3.1788
52382 310275 23.1516
310275 52382 23.1516
310275 52383 6.4224
52383 310275 6.4224
52383 52384 7.0776
52384 52383 7.0776
52384 1684378 38.4012
1684378 52384 38.4012
1684378 350527 9.9072
350527 1684378 9.9072
350527 1221147 13.3164
1221147 350527 13.3164
1221147 52385 4.9392
52385 1221147 4.9392
52385 1221159 9.9648
1221159 52385 9.9648
1221159 350544 44.2476
350544 1221159 44.2476
350544 711417 38.3832
711417 350544 38.3832
711417 52386 10.2204
52386 711417 10.2204
52386 1221149 3.3588
1221149 52386 3.3588
1221149 393511 18.4932
393511 1221149 18.4932
393511 711415 5.3028
711415 393511 5.3028
711415 393509 27.8748
393509 711415 27.8748
393509 1221154 4.0068
1221154 393509 4.0068
1221154 1221153 12.7152
1221153 1221154 12.7152
1221153 711414 4.9464
711414 1221153 4.9464
711414 52387 1.602
52387 711414 1.602
52387 52388 2.5596
52388 52387 2.5596
52388 1221152 2.7252
1221152 52388 2.7252
1221152 1221151 4.842
1221151 1221152 4.842
1221151 1221150 5.2416
1221150 1221151 5.2416
1221150 1447991 80.244
1447991 1221150 80.244
1447991 52389 34.362
52389 1447991 34.362
52389 52403 10.3932
52403 52389 10.3932
52403 52393 29.6964
52393 52403 29.6964
52378 310272 32.1552
310272 52378 32.1552
310272 1900314 4.3884
1900314 310272 4.3884
1900314 310288 10.2888
310288 1900314 10.2888
310288 52395 35.19
52395 310288 35.19
52395 350522 31.1472
350522 52395 31.1472
350522 52396 43.596
52396 350522 43.596
52396 711437 2.2248
711437 52396 2.2248
711437 711436 2.2968
711436 711437 2.2968
711436 52397 4.608
52397 711436 4.608
52397 711435 5.5332
711435 52397 5.5332
711435 711434 5.8644
711434 711435 5.8644
711434 52389 13.9896
52389 711434 13.9896
52400 310274 46.1736
310274 52400 46.1736
310274 310289 44.6076
310289 310274 44.6076
310289 52401 3.3804
52401 310289 3.3804
52401 310285 24.1812
310285 52401 24.1812
310285 310286 9.5364
310286 310285 9.5364
310286 310284 7.7472
310284 310286 7.7472
310284 52402 5.58
52402 310284 5.58
52402 310287 39.3912
310287 52402 39.3912
52407 310290 2.1089
310290 52407 2.1089
310290 310281 0.576
310281 310290 0.576
310281 310280 0.5407
310280 310281 0.5407
310280 1637607 1.1297
1637607 310280 1.1297
1637607 310279 1.5235
310279 1637607 1.5235
310279 310278 0.7625
310278 310279 0.7625
310278 310277 0.6984
310277 310278 0.6984
310277 52408 1.0123
52408 310277 1.0123
52408 1164253 4.2775
1164253 52408 4.2775
1164253 52409 1.7165
52409 1164253 1.7165
53038 844448 3.5496
844448 844446 4.374
844446 844445 2.9916
844445 53021 2.9196
53035 53034 4.8996
53034 53035 4.8996
53034 53033 8.7912
53033 53034 8.7912
53036 1200144 9.1951
1200144 53036 9.1951
1200144 1459696 0.6192
1459696 1200144 0.6192
1459696 1459695 0.5177
1459695 1459696 0.5177
1459695 1332743 8.1886
1332743 1459695 8.1886
1332743 1474785 4.662
1474785 1332743 4.662
1474785 1474788 4.7419
1474788 1474785 4.7419
1474788 53037 1.4148
53037 1474788 1.4148
53037 844450 1.3896
844450 53037 1.3896
844450 53022 1.5084
53022 844450 1.5084
53033 456897 2.3064
456897 53033 2.3064
456897 53032 3.5976
53032 456897 3.5976
53032 456896 3.03
456896 53032 3.03
456896 53031 3.3276
53031 456896 3.3276
53031 1474769 1.4916
1474769 53031 1.4916
1474769 456895 2.0184
456895 1474769 2.0184
456895 1474755 0.918
1474755 456895 0.918
1474755 53030 3.8508
53030 1474755 3.8508
53030 456894 3.2316
456894 53030 3.2316
456894 53029 3.8604
53029 456894 3.8604
53029 53021 4.4916
53021 53029 4.4916
53021 165916 6.2304
165916 53021 6.2304
165916 53022 1.71
53022 165916 1.71
53022 165924 2.928
165924 53022 2.928
165924 526770 9.6276
526770 165924 9.6276
526770 53023 12.1824
53023 526770 12.1824
53023 53024 3.204
53024 53023 3.204
53024 165923 4.9932
165923 53024 4.9932
165923 53025 3.1572
53025 165923 3.1572
53025 53026 14.742
53026 53025 14.742
53026 53027 7.812
53027 53026 7.812
53027 165915 3.2688
165915 53027 3.2688
165915 165922 11.6856
165922 165915 11.6856
165922 53028 25.1604
53028 165922 25.1604
53028 165911 21.1536
165911 53028 21.1536
165911 165917 10.6776
165917 165911 10.6776
165917 165921 17.0784
165921 165917 17.0784
165921 165927 31.5108
165927 165921 31.5108
165927 165915 67.6008
165915 165927 67.6008
2012031 139000 0.4752
139000 2012031 0.4752
139000 1399731 3.7877
1399731 139000 3.7877
1399731 139008 0.1599
139008 1399731 0.1599
139008 22320 1.7203
22320 139008 1.7203
22320 22321 1.7604
22321 22320 1.7604
22321 22322 1.4935
22322 22321 1.4935
22322 2012049 4.0433
2012049 22322 4.0433
721881 678144 0.9982
678144 721881 0.9982
678144 684016 5.7147
684016 678144 5.7147
684016 1979008 2.339
1979008 684016 2.339
1979008 678137 2.7365
678137 1979008 2.7365
678137 684014 0.6922
684014 678137 0.6922
684014 35680 0.4233
35680 684014 0.4233
82409 1665565 0.5738
1665565 1665568 0.7582
1665568 1665567 1.1592
1665567 1665566 0.7034
1665566 60880 0.7963
1262648 721331 4.7988
721331 1262648 4.7988
721331 60886 16.8372
60886 721331 16.8372
60886 60996 14.6916
60996 60886 14.6916
60996 60890 25.488
60890 60996 25.488
60890 60995 13.9248
60995 60890 13.9248
60886 61026 26.856
61026 60886 26.856
61026 60885 36.09
60885 61026 36.09
60885 375382 4.932
375382 60885 4.932
375382 60889 9.2016
60889 375382 9.2016
60889 375400 7.3944
375400 60889 7.3944
375400 60883 7.0668
60883 375400 7.0668
60886 60994 29.3868
60994 60886 29.3868
60994 60966 35.046
60966 60994 35.046
60966 375335 12.0816
375335 60966 12.0816
375335 1644556 3.5712
1644556 375335 3.5712
1644556 60882 5.7672
60882 1644556 5.7672
60887 60998 11.4372
60998 60887 11.4372
60998 60888 14.13
60888 60998 14.13
60888 375428 7.2288
375428 60888 7.2288
375428 1876711 7.3764
1876711 375428 7.3764
60889 60888 38.232
60888 60889 38.232
60887 1278896 5.922
1278896 60887 5.922
1278896 1278894 7.4844
1278894 1278896 7.4844
1278894 60885 13.3812
60885 1278894 13.3812
60890 60891 21.3408
60891 60890 21.3408
60891 60892 20.898
60892 60891 20.898
60996 60893 26.8524
60893 60996 26.8524
60890 1278903 10.35
1278903 60890 10.35
1278903 60967 11.34
60967 1278903 11.34
60967 60968 21.5424
60968 60967 21.5424
60970 375339 9.108
375339 60970 9.108
375339 1644554 9.594
1644554 375339 9.594
1644554 61003 2.4372
61003 1644554 2.4372
61003 60969 14.2992
60969 61003 14.2992
60973 375359 9.1908
375359 60973 9.1908
375359 375363 11.61
375363 375359 11.61
375363 499701 0.8172
499701 375363 0.8172
499701 375371 9.5076
375371 499701 9.5076
375371 375401 30.762
375401 375371 30.762
375401 375405 4.0716
375405 375401 4.0716
375405 375417 12.3948
375417 375405 12.3948
375417 60971 7.1676
60971 375417 7.1676
60971 375427 5.8284
375427 60971 5.8284
375427 375434 12.8448
375434 375427 12.8448
375434 375466 45.8964
375466 375434 45.8964
375466 375469 13.7772
375469 375466 13.7772
375469 1278884 2.0484
1278884 375469 2.0484
1278884 375472 3.9204
375472 1278884 3.9204
375472 60972 7.8876
60972 375472 7.8876
60996 1278907 25.4304
1278907 60996 25.4304
1278907 60997 3.9636
60997 1278907 3.9636
60997 1278913 11.0232
1278913 60997 11.0232
1278913 60994 3.6648
60994 1278913 3.6648
60998 1278865 5.0184
1278865 60998 5.0184
1278865 60999 17.3016
60999 1278865 17.3016
60999 1278860 18.9648
1278860 60999 18.9648
1278860 61000 3.9636
61000 1278860 3.9636
61000 60995 24.6276
60995 61000 24.6276
60995 61001 26.2008
61001 60995 26.2008
61001 1278934 4.7592
1278934 61001 4.7592
1278934 61002 18.0756
61002 1278934 18.0756
61002 375341 11.3148
375341 61002 11.3148
375341 61003 10.098
61003 375341 10.098
60893 61026 14.6952
61026 60893 14.6952
683078 679085 4.2732
679085 683078 4.2732
679085 683076 5.1228
683076 679085 5.1228
683076 683071 9.6192
683071 683076 9.6192
683071 676657 5.166
676657 683071 5.166
676657 683887 5.6808
683887 676657 5.6808
683887 683886 0.6264
683886 683887 0.6264
683886 676677 2.1852
676677 683886 2.1852
676677 683883 15.0696
683883 676677 15.0696
683883 676656 10.71
676656 683883 10.71
676656 683881 0.6804
683881 676656 0.6804
683881 139529 5.9364
139529 683881 5.9364
35240 512411 1.563
512411 1321318 0.5154
1321318 512408 0.3138
512408 512407 0.2892
512407 196342 0.3786
196342 74306 0.453
74306 196348 2.4834
33990 1061490 4.4244
1061490 33990 4.4244
1061490 375503 4.2876
375503 1061490 4.2876
837395 837397 1.2744
837397 837395 1.2744
837397 837398 3.5928
837398 837397 3.5928
837398 837396 3.672
837396 837398 3.672
837396 76987 2.5776
76987 837396 2.5776
76987 461935 19.692
461935 76987 19.692
461935 76988 27.4392
76988 461935 27.4392
76988 696320 36.8928
696320 76988 36.8928
696320 76989 6.4584
76989 696320 6.4584
76989 696331 20.664
696331 76989 20.664
696331 76990 36.8424
76990 696331 36.8424
76990 696338 8.424
696338 76990 8.424
696338 76991 55.8936
76991 696338 55.8936
76991 1244772 46.7064
1244772 76991 46.7064
1244772 76992 6.8832
76992 1244772 6.8832
482351 76988 25.6032
76988 482351 25.6032
76988 461937 14.5368
461937 76988 14.5368
461937 76993 9.5256
76993 461937 9.5256
76993 461936 9.576
461936 76993 9.576
461936 76994 26.6256
76994 461936 26.6256
696320 696330 11.268
696330 696320 11.268
696330 76997 12.744
76997 696330 12.744
76997 696332 4.5288
696332 76997 4.5288
696332 696333 4.3992
696333 696332 4.3992
696333 696334 3.9384
696334 696333 3.9384
696334 1244829 1.8144
1244829 696334 1.8144
1244829 76995 2.3688
76995 1244829 2.3688
76995 696336 6.2496
696336 76995 6.2496
696336 76998 6.6384
76998 696336 6.6384
76998 696339 5.7888
696339 76998 5.7888
696339 696337 7.1352
696337 696339 7.1352
696337 696335 6.6384
696335 696337 6.6384
696335 76990 6.5304
76990 696335 6.5304
76990 76999 21.6144
76999 76990 21.6144
77000 77001 2.6928
77001 77000 2.6928
77001 461932 2.2896
461932 77001 2.2896
461932 461934 2.6568
461934 461932 2.6568
461934 76987 2.7072
76987 461934 2.7072
76987 77002 2.5992
77002 76987 2.5992
77002 461933 2.2824
461933 77002 2.2824
461933 77003 0.432
77003 461933 0.432
711912 711911 17.2476
711911 711912 17.2476
711911 430485 7.578
430485 711911 7.578
430485 430484 13.8024
430484 430485 13.8024
430484 77004 3.7872
77004 430484 3.7872
77004 77005 9.414
77005 77004 9.414
77005 77006 27.2232
77006 77005 27.2232
77006 1603195 4.0248
1603195 77006 4.0248
1603195 77007 3.6072
77007 1603195 3.6072
77007 684023 1.7424
684023 77007 1.7424
684023 1648996 1.4868
1648996 684023 1.4868
1648996 1649001 1.3536
1649001 1648996 1.3536
1968113 1968114 5.7429
1968114 1968113 5.7429
79313 978868 17.28
978868 79313 17.28
978868 978866 13.608
978866 978868 13.608
978866 79314 9.3168
79314 978866 9.3168
79314 79315 33.0552
79315 79314 33.0552
79315 79316 48.0888
79316 79315 48.0888
79316 1303021 38.34
1303021 79316 38.34
1303021 1461731 51.6456
1461731 1303021 51.6456
1461731 79317 8.5968
79317 1461731 8.5968
79317 764579 51.9192
764579 79317 51.9192
764579 974019 6.948
974019 764579 6.948
974019 79318 67.0032
79318 974019 67.0032
79319 643303 5.3316
643303 79319 5.3316
643303 465818 6.9264
465818 643303 6.9264
465818 79320 12.654
79320 465818 12.654
79320 467109 18.5724
467109 79320 18.5724
467109 79321 8.6616
79321 467109 8.6616
79321 678532 11.2608
678532 79321 11.2608
678532 467108 12.1716
467108 678532 12.1716
467108 79322 19.6776
79322 467108 19.6776
79435 79395 13.6008
79395 79435 13.6008
79395 81945 28.7136
81945 79395 28.7136
81945 79400 9.5076
79400 81945 9.5076
79400 79396 7.7256
79396 79400 7.7256
79477 79485 6.3324
79485 79477 6.3324
79485 79484 14.8212
79484 79485 14.8212
79484 79483 17.316
79483 79484 17.316
79483 79482 4.2912
79482 79483 4.2912
79482 385482 10.4796
385482 79482 10.4796
385482 79481 1.368
79481 385482 1.368
79481 79480 14.4828
79480 79481 14.4828
384921 2016126 9.4752
2016126 384921 9.4752
384921 79405 25.2036
79405 384921 25.2036
79405 79408 10.1628
79408 79405 10.1628
79410 79418 3.2112
79418 79410 3.2112
79418 79411 3.1824
79411 79418 3.1824
79411 79419 3.6468
79419 79411 3.6468
79419 79412 2.8908
79412 79419 2.8908
79412 79420 2.7288
79420 79412 2.7288
79420 79409 3.6252
79409 79420 3.6252
79415 79424 8.7912
79424 79415 8.7912
79425 79431 3.2112
79431 79425 3.2112
79431 79433 3.1824
79433 79431 3.1824
79433 79427 3.6468
79427 79433 3.6468
79427 79435 2.8908
79435 79427 2.8908
79435 385469 15.156
385469 79435 15.156
385469 79438 3.2472
79438 385469 3.2472
79438 79432 3.3768
79432 79438 3.3768
79432 79437 3.1644
79437 79432 3.1644
79437 79426 3.3408
79426 79437 3.3408
79426 79439 3.0564
79439 79426 3.0564
79439 79428 3.1968
79428 79439 3.1968
79428 79430 3.2616
79430 79428 3.2616
79430 385487 12.2184
385487 79430 12.2184
385487 79429 3.2148
79429 385487 3.2148
79438 79440 4.734
79440 79438 4.734
79440 79441 6.822
79441 79440 6.822
79441 79442 13.4784
79442 79441 13.4784
79454 385471 0.7848
385471 79454 0.7848
385471 79447 2.43
79447 385471 2.43
79474 79456 3.9492
79456 79474 3.9492
79456 79383 26.0388
79383 79456 26.0388
79476 79486 12.366
79486 79476 12.366
79384 501516 2.4583
501516 79384 2.4583
501516 35013 0.9267
35013 501516 0.9267
79487 385495 2.664
385495 79487 2.664
385495 385498 2.7864
385498 385495 2.7864
385498 385497 6.5664
385497 385498 6.5664
385497 79488 1.7892
79488 385497 1.7892
79488 79489 4.2048
79489 79488 4.2048
79489 79490 22.5288
79490 79489 22.5288
79490 79491 18.3312
79491 79490 18.3312
79511 79494 4.572
79494 79511 4.572
79494 79512 4.8816
79512 79494 4.8816
79512 79496 4.8528
79496 79512 4.8528
79496 79513 4.7664
79513 79496 4.7664
79513 79497 4.9608
79497 79513 4.9608
79497 79514 4.86
79514 79497 4.86
79514 79498 4.9608
79498 79514 4.9608
79498 79515 4.8816
79515 79498 4.8816
79502 79504 3.744
79504 79502 3.744
79504 79505 3.744
79505 79504 3.744
79505 79506 3.7512
79506 79505 3.7512
79506 79503 3.7512
79503 79506 3.7512
79502 79494 7.38
79494 79502 7.38
79494 79529 6.3216
79529 79494 6.3216
79529 79518 16.6176
79518 79529 16.6176
79518 385488 5.6664
385488 79518 5.6664
385488 385489 11.484
385489 385488 11.484
385489 385485 4.572
385485 385489 4.572
385485 385490 5.04
385490 385485 5.04
385490 384917 11.2608
384917 385490 11.2608
79504 79496 7.3512
79496 79504 7.3512
79496 79532 12.78
79532 79496 12.78
79519 79497 6.66
79497 79519 6.66
79497 79505 7.452
79505 79497 7.452
79520 79498 15.3864
79498 79520 15.3864
79498 79506 7.6392
79506 79498 7.6392
79521 79495 11.1312
79495 79521 11.1312
79495 79503 7.7976
79503 79495 7.7976
79522 79499 6.3216
79499 79522 6.3216
79499 79507 7.8336
79507 79499 7.8336
79508 79500 7.7256
79500 79508 7.7256
79500 79531 7.6392
79531 79500 7.6392
79531 79523 3.4992
79523 79531 3.4992
79509 79501 7.5456
79501 79509 7.5456
79501 79530 5.4288
79530 79501 5.4288
79530 79524 3.9168
79524 79530 3.9168
79515 79495 4.824
79495 79515 4.824
79495 79516 4.9248
79516 79495 4.9248
79516 79499 4.8168
79499 79516 4.8168
79499 79517 5.0544
79517 79499 5.0544
79517 79500 4.6296
79500 79517 4.6296
79500 79510 4.8744
79510 79500 4.8744
79510 79501 4.86
79501 79510 4.86
79501 79511 5.112
79511 79501 5.112
79503 79507 3.744
79507 79503 3.744
79507 79508 3.7512
79508 79507 3.7512
79508 79509 3.7368
79509 79508 3.7368
79509 79502 3.7512
79502 79509 3.7512
79525 79531 4.3128
79531 79525 4.3128
79531 79526 9.6696
79526 79531 9.6696
79526 79530 5.5152
79530 79526 5.5152
79530 79527 7.812
79527 79530 7.812
79527 79529 6.1704
79529 79527 6.1704
79529 79532 17.4312
79532 79529 17.4312
79532 385629 1.692
385629 79532 1.692
385629 79528 21.1032
79528 385629 21.1032
79528 79397 3.852
79397 79528 3.852
17604 17603 1.0749
17603 17604 1.0749
17603 1978801 0.7349
1978801 17603 0.7349
2016152 81240 1.2105
81240 2016152 1.2105
81240 1359242 23.6853
1359242 81240 23.6853
1359242 662835 3.7359
662835 1359242 3.7359
662835 1359246 1.6191
1359246 662835 1.6191
81945 81946 39.4668
81946 81945 39.4668
35916 684000 1.4526
33992 96283 0.7751
96283 33992 0.7751
96283 60883 1.3997
60883 96283 1.3997
60883 463308 0.2441
463308 60883 0.2441
