152000
541908 1803254 0.3739
1803254 541908 0.3739
1803254 1799150 1.8576
1799150 1803254 1.8576
1799150 139153 0.3358
139153 1799150 0.3358
139153 851932 1.2693
851932 139153 1.2693
8372 72931 0.7294
72931 8372 0.7294
72931 8373 0.94
8373 72931 0.94
8373 373150 0.3391
373150 8373 0.3391
8278 940411 0.7751
940411 8278 0.7751
940411 501410 0.0886
501410 940411 0.0886
501410 1645497 0.2156
1645497 501410 0.2156
1645497 1887915 0.6163
1887915 1645497 0.6163
1887915 9619 0.828
9619 1887915 0.828
1504545 1353983 2.0502
1353983 1504545 2.0502
1353983 339680 0.5292
339680 1353983 0.5292
339680 54901 0.4656
54901 339680 0.4656
54901 1504552 0.435
1504552 54901 0.435
1504661 1504712 0.3199
1504712 1504661 0.3199
1504712 37131 0.3826
37131 1504712 0.3826
37131 1504716 0.3394
1504716 37131 0.3394
1504716 1736809 0.0849
1736809 1504716 0.0849
1736809 37133 0.1913
37133 1736809 0.1913
37133 1504711 0.2885
1504711 37133 0.2885
121561 2007063 0.2099
2007063 2007064 0.1901
2007064 27258 0.338
1983167 239691 0.2174
239691 247332 0.428
247332 245154 0.8626
245154 2007078 2.6885
8372 72930 0.7394
72930 8372 0.7394
8405 8415 1.3338
8415 229073 1.3572
229073 8416 1.134
8416 229091 1.2078
229091 1691758 0.8874
1691758 8401 1.5849
27257 864381 0.1274
864381 864382 0.1267
864382 864383 0.1274
864383 864384 0.1274
864384 864385 0.1267
864385 864386 0.1274
864386 864387 0.1267
864387 864388 0.1274
864388 864389 0.1267
864389 864390 0.1274
864390 864392 0.1267
864392 864393 0.1274
864393 864395 0.1267
864395 864394 0.203
864394 864391 0.2527
864391 27256 0.2131
8342 770986 0.5447
770986 37256 2.0945
37256 8428 2.9221
8428 946841 0.9468
946841 1718884 0.3884
1718884 501400 0.2588
501400 8429 1.0195
8429 722195 0.5792
722195 413761 0.7524
413761 8430 1.1498
8430 1718886 1.0638
1718886 1600873 0.3049
1600873 8431 0.5234
8431 1024131 0.562
8432 835399 0.3756
835399 722245 0.3012
722245 835397 0.249
835397 501385 0.2244
501385 722253 0.2082
722253 27262 0.2454
27262 722190 0.2352
722190 8439 0.4302
946831 1506730 0.2628
1506730 722226 1.0692
722226 1718885 0.9225
1718885 501398 0.5652
501398 1867966 2.9844
1867966 1867965 1.8864
1867965 950592 3.5685
128155 501377 0.5364
501377 501383 2.8523
501383 946829 2.9088
946829 8439 0.7189
8664 837079 0.9958
837079 8664 0.9958
837079 1605967 0.7438
1605967 837079 0.7438
1605967 1605964 0.3982
1605964 1605967 0.3982
1605964 8665 29.5682
8665 1605964 29.5682
8667 517901 10.1592
517901 8667 10.1592
517901 8668 13.6692
8668 517901 13.6692
8668 1605972 6.9552
1605972 8668 6.9552
1605972 517782 28.638
517782 1605972 28.638
229594 229593 1.0714
229593 229592 1.0015
229592 229591 1.049
229591 229590 1.3446
229590 229589 1.8043
229589 297642 1.6902
297642 1406690 0.481
1406690 229660 1.3007
229278 9027 3.234
9027 9028 0.7704
9028 9022 0.7068
9022 229609 0.7128
229609 1632111 0.6264
1632111 9023 0.6018
9023 229610 0.6084
229610 229611 0.7056
229611 229612 0.897
229612 229613 1.065
229613 229614 0.8808
229614 229615 0.6744
229615 229607 0.9744
8405 1055775 1.6173
1055775 8405 1.6173
1055775 1055778 1.7514
1055778 1055775 1.7514
1055778 561546 1.4562
561546 1055778 1.4562
561546 37165 1.8531
37165 561546 1.8531
37165 1055781 1.0377
1055781 37165 1.0377
1055781 37166 0.9279
37166 1055781 0.9279
37166 229516 1.2033
229516 37166 1.2033
229516 561495 2.6478
561495 229516 2.6478
561495 8406 5.526
8406 561495 5.526
8387 229060 0.5562
229060 9029 0.4992
9029 9030 0.3642
9030 9031 0.6318
9031 86725 4.395
9049 220475 1.1458
220475 715053 0.5246
715053 9047 1.2919
9047 9048 2.735
9048 9038 3.8222
128150 923885 0.9946
923885 128150 0.9946
923885 923881 3.8895
923881 923885 3.8895
923881 923877 2.9093
923877 923881 2.9093
923877 501334 2.7859
501334 923877 2.7859
501334 501327 2.9175
501327 501334 2.9175
501327 907636 3.3125
907636 501327 3.3125
907636 927840 0.487
927840 907636 0.487
1100355 1074510 0.4181
1074510 1100355 0.4181
1074510 39483 1.1541
39483 1074510 1.1541
39483 304151 0.5174
304151 39483 0.5174
304151 883428 0.3703
883428 304151 0.3703
883428 9310 0.4279
9310 883428 0.4279
9310 883431 0.3225
883431 9310 0.3225
883431 39484 0.3847
39484 883431 0.3847
39484 883435 0.4695
883435 39484 0.4695
883435 9311 0.2397
9311 883435 0.2397
9311 9312 0.4089
9312 9311 0.4089
9312 952094 0.3595
952094 9312 0.3595
952094 1460095 1.5501
1460095 952094 1.5501
1460095 927803 1.1643
927803 1460095 1.1643
927803 952095 1.7007
952095 927803 1.7007
952095 501313 1.4873
501313 952095 1.4873
501313 1514752 0.9463
1514752 501313 0.9463
1514752 927825 1.5105
927825 1514752 1.5105
927825 883441 0.5323
883441 927825 0.5323
883441 927834 0.6459
927834 883441 0.6459
927834 9313 0.6161
9313 927834 0.6161
54422 229500 0.5983
229500 54422 0.5983
229500 1527498 0.9778
1527498 229500 0.9778
1527498 1624527 0.4568
1624527 1527498 0.4568
1624527 54421 0.0335
54421 1624527 0.0335
35279 337026 0.3463
337026 35279 0.3463
337026 35280 0.4126
35280 337026 0.4126
35280 1702862 0.3744
1702862 35280 0.3744
1702862 30575 0.378
30575 1702862 0.378
72936 293207 0.7801
293207 72936 0.7801
293207 278197 0.7866
278197 293207 0.7866
278197 9341 1.5952
9341 278197 1.5952
9343 9344 1.238
9344 9343 1.238
9363 959658 0.51
959658 229917 0.6168
229917 9218 0.51
9218 9354 0.6084
229634 1758469 0.67
1758469 1599663 7.7083
23431 621489 1.0152
621489 23431 1.0152
621489 1393054 0.1044
1393054 621489 0.1044
1393054 2007061 0.3714
2007061 1393054 0.3714
2007061 433844 1.6314
433844 2007061 1.6314
433844 433842 0.8946
433842 433844 0.8946
433842 433841 0.7614
433841 433842 0.7614
433841 433840 3.6432
433840 433841 3.6432
433840 433839 0.5964
433839 433840 0.5964
433839 433838 0.6996
433838 433839 0.6996
433838 51133 0.3906
51133 433838 0.3906
51133 826979 4.6302
826979 51133 4.6302
826979 37038 1.0374
37038 826979 1.0374
1433439 129507 6.108
129507 1573305 9.6096
1573305 1393036 0.6594
1393036 337130 0.087
337130 9395 1.0512
9046 1733551 1.4772
1733551 9046 1.4772
1733551 9395 0.9036
9395 1733551 0.9036
9395 337137 1.2384
337137 9395 1.2384
337137 1578332 1.9632
1578332 337137 1.9632
1578332 1578326 1.317
1578326 1578332 1.317
1578326 9396 0.8862
9396 1578326 0.8862
9396 1578327 0.999
1578327 9396 0.999
1578327 937697 1.5612
937697 1578327 1.5612
937697 1191531 2.463
1191531 937697 2.463
1191531 1578331 2.0604
1578331 1191531 2.0604
1578331 501391 1.7784
501391 1578331 1.7784
501391 1733558 0.5664
1733558 501391 0.5664
1733558 9397 1.1532
9397 1733558 1.1532
9397 218254 2.547
218254 9397 2.547
218254 1191528 1.3956
1191528 218254 1.3956
1191528 1191526 1.6572
1191526 1191528 1.6572
1191526 9398 1.6524
9398 1191526 1.6524
9398 218271 1.2798
218271 9398 1.2798
218271 501363 1.0422
501363 218271 1.0422
501363 9399 2.3634
9399 501363 2.3634
9399 1253749 1.9608
1253749 9399 1.9608
1253749 218264 0.864
218264 1253749 0.864
218264 37516 3.2334
37516 218264 3.2334
9318 1624528 3.4986
1624528 9400 1.0992
9400 148968 2.2104
148968 9401 0.7104
9401 1600852 0.9306
1600852 148956 0.7038
148956 9402 0.6912
9402 37476 1.7298
37476 9403 2.5548
9403 1600854 1.11
1600854 9404 1.0266
9404 1600855 0.6534
1600855 229491 0.7278
229491 1600856 0.615
1600856 229487 0.5868
229487 9405 0.291
9405 1600857 0.5322
1600857 229658 0.4578
229658 1600858 0.8412
1600858 229645 0.9432
27252 1621528 2.1492
1621528 1621529 0.5535
1621529 9419 0.4725
9419 9420 0.5112
9420 966245 0.3834
966245 229481 0.5661
229481 809980 1.0188
809980 809978 0.7218
809978 1624377 0.5787
1624377 966251 0.5517
966251 966253 0.5652
966253 1624378 0.4905
1624378 966256 0.468
966256 1621527 0.4428
1621527 809977 0.7011
809977 809979 0.8811
809979 1621526 15.8841
1621526 1621525 0.9981
1621525 9421 0.54
9421 1589196 0.7578
1589196 1609524 0.7011
1609524 1334419 0.8424
22290 301692 0.4973
301692 808228 1.4194
808228 149239 0.3204
9435 808235 0.703
808235 808236 0.4654
808236 9436 0.2705
9436 355658 0.3009
355658 9437 0.7894
9435 808234 0.7853
808234 9438 0.6737
9438 578493 0.4778
578493 9439 0.4536
38645 9455 6.8364
9455 38645 6.8364
9455 356044 35.4924
356044 9455 35.4924
356044 1174802 6.8148
1174802 356044 6.8148
1174802 356050 11.0412
356050 1174802 11.0412
356050 356061 15.3612
356061 356050 15.3612
356061 356065 10.458
356065 356061 10.458
356065 9456 6.5448
9456 356065 6.5448
9456 9471 5.2668
9471 9456 5.2668
229554 952388 1.1136
952388 9460 0.423
9460 229402 0.5598
229402 229478 0.4986
229478 9461 0.4974
9461 9458 0.7074
9466 483879 3.5316
483879 9466 3.5316
483879 356120 3.528
356120 483879 3.528
356120 9467 4.4856
9467 356120 4.4856
9467 356090 6.2964
356090 9467 6.2964
356090 9468 3.1932
9468 356090 3.1932
9468 9469 3.7872
9469 9468 3.7872
9469 356069 5.9364
356069 9469 5.9364
356069 9470 1.8432
9470 356069 1.8432
9470 9471 5.3352
9471 9470 5.3352
374051 298395 1.53
298395 374051 1.53
298395 277414 1.1844
277414 298395 1.1844
277414 1705752 2.8908
1705752 277414 2.8908
1705752 9591 1.9638
9591 1705752 1.9638
9591 278697 3.2346
278697 9591 3.2346
278697 9592 3.1068
9592 278697 3.1068
9592 278631 2.007
278631 9592 2.007
278631 279175 1.3878
279175 278631 1.3878
279175 277437 1.377
277437 279175 1.377
277437 9593 2.295
9593 277437 2.295
9593 277442 3.186
277442 9593 3.186
277442 360633 2.4804
360633 277442 2.4804
360633 145628 1.9422
145628 360633 1.9422
145628 277415 1.7784
277415 145628 1.7784
277415 360634 2.2896
360634 277415 2.2896
9350 278210 0.959
278210 9601 0.8892
9601 9602 0.9029
9602 278198 0.5004
278198 282121 0.4306
282121 9603 1.1606
9608 9609 0.9684
9609 9610 1.355
9610 336891 10.8
336891 356471 0.5011
356471 356470 0.2628
356470 9611 0.8114
27245 940431 1.0236
940431 9616 0.9186
9616 9617 0.4488
9617 940425 0.2772
940425 940423 0.144
940423 9618 0.303
9618 1645493 0.6624
1645493 9619 0.7986
501419 735145 9.9072
735145 501419 9.9072
735145 9620 4.8564
9620 735145 4.8564
1589195 1589194 0.813
1589194 9319 0.6468
9319 9320 0.4008
9320 9321 1.3662
9321 1368631 0.5922
1368631 1368632 0.303
1368632 1368633 0.2862
1368633 1368634 0.264
1368634 1368635 0.216
1368635 1368636 0.1788
1368636 1368637 0.1644
1368637 1368638 0.1188
1368638 952390 0.1164
952390 1894901 1.785
1894901 39452 0.5736
20711 1690528 0.5753
1690528 20711 0.5753
1690528 938850 0.6206
938850 1690528 0.6206
938850 1100353 6.0926
1100353 938850 6.0926
1100353 702858 2.1542
702858 1100353 2.1542
702858 20712 4.3034
20712 702858 4.3034
10138 570880 0.8388
570880 570878 0.7265
570878 10139 0.7625
10139 570877 0.7402
570877 10140 0.7416
10140 570879 1.3968
570879 10141 1.2456
10141 451925 1.0678
451925 451926 2.5596
655645 229450 2.4257
229450 229476 1.3198
229476 10415 0.9389
10415 10416 0.7632
10416 229426 0.8359
229426 148959 0.9252
148959 229493 0.7553
229493 229444 0.9677
229444 10417 0.5854
10417 1171911 0.3161
1171911 229399 0.3715
229399 148960 0.6638
148960 1994208 0.373
1994208 937634 0.2513
937634 229420 0.6494
229420 1527497 0.3046
1527497 10418 0.3614
44059 777017 0.8364
777017 1151953 2.2146
1151953 221891 7.428
446016 446001 0.2509
446001 445989 0.3553
10470 183927 0.729
183927 42710 1.1606
42710 1884953 1.696
1884953 1099004 1.9652
1099004 204201 0.8575
204201 826564 2.0336
826564 67540 0.4954
67540 826568 0.616
826568 206080 1.5502
445972 1526743 1.894
1526743 445939 2.1712
445939 1190816 1.021
1190816 10474 0.8237
10474 1190817 0.7222
1190817 10475 0.7218
10475 1190818 0.8593
1190818 10476 0.864
10476 1190815 5.5364
1190815 777110 0.2639
777110 131225 0.5872
131225 1190866 12.7793
1190866 60666 0.256
60666 1526741 1.6456
1526741 204187 2.749
204187 826580 0.819
826580 826579 0.6581
826579 38240 0.4831
38240 826572 0.5692
826572 10477 0.7502
10469 115207 2.8789
115207 2015285 1.6661
10455 131187 0.4327
131187 10455 0.4327
131187 1887240 1.6049
1887240 131187 1.6049
1887240 184278 0.1973
184278 1887240 0.1973
184278 131173 1.6942
131173 184278 1.6942
240300 44116 1.165
44116 10494 0.6066
10494 240301 0.3114
240301 10495 0.3294
10495 10496 0.3078
10496 240302 0.2948
240302 240303 0.432
240303 10497 0.8726
10497 240165 1.1462
240165 10498 2.4073
10498 240166 0.4507
240166 240167 0.5054
240167 240168 1.6769
10455 1184102 0.6178
1184102 10455 0.6178
1184102 676372 0.2927
676372 1184102 0.2927
676372 10499 0.3071
10499 676372 0.3071
10499 1884952 0.3823
1884952 10499 0.3823
1884952 1741515 0.1332
1741515 1884952 0.1332
1741515 421156 0.5209
421156 1741515 0.5209
1747807 357128 0.9927
357128 1747811 0.6813
1747811 357129 0.7155
357129 279511 0.9657
279511 279505 3.2976
279505 279490 1.0134
279490 279495 0.9
279495 11229 0.9693
11229 279501 3.7485
279501 300252 2.007
300252 11228 1.7757
11228 300391 0.6723
300391 72939 0.4941
72939 300351 1.6389
300351 72937 0.7146
72937 11227 0.9594
11227 279510 2.6064
279510 72938 4.1994
72938 867581 0.5193
867581 297740 0.4365
297740 11226 1.8261
11226 293260 0.9378
293260 279489 1.6866
279489 279494 1.0953
279494 867013 0.4311
867013 11225 0.9306
11225 305175 6.1659
305175 293182 1.6983
293182 355523 0.7191
355523 11224 2.2005
11224 280317 1.9521
280317 280343 0.9234
280343 11223 0.8514
11223 279504 1.3581
279504 280336 0.8424
280336 11222 0.801
11222 1175750 2.5011
1175750 293294 0.5355
293294 279498 2.7405
279498 336933 4.4757
336933 11221 0.4509
11221 72934 6.6447
72934 11220 0.9612
11735 918895 4.1796
918895 11735 4.1796
918895 1508073 7.1172
1508073 918895 7.1172
1508073 1188078 9.8712
1188078 1508073 9.8712
1188078 940119 13.2444
940119 1188078 13.2444
940119 930247 3.5172
930247 940119 3.5172
930247 927873 9.5508
927873 930247 9.5508
927873 11739 3.0888
11739 927873 3.0888
11739 1562567 9.4896
1562567 11739 9.4896
1562567 218760 4.8672
218760 1562567 4.8672
218760 11736 1.548
11736 218760 1.548
11736 1681935 18.306
1681935 11736 18.306
1681935 1016476 8.64
1016476 1681935 8.64
1016476 1681936 2.2032
1681936 1016476 2.2032
1681936 1016475 4.0356
1016475 1681936 4.0356
1016475 1563542 15.4656
1563542 1016475 15.4656
1563542 1562573 2.2356
1562573 1563542 2.2356
1562573 1562574 11.682
1562574 1562573 11.682
1562574 37075 2.5308
37075 1562574 2.5308
37075 41511 2.9412
41511 37075 2.9412
41511 41520 8.3844
41520 41511 8.3844
41520 37063 4.6152
37063 41520 4.6152
37063 288690 2.1384
288690 37063 2.1384
288690 1540998 9.522
1540998 288690 9.522
1540998 11737 11.5956
11737 1540998 11.5956
11737 1188101 1.656
1188101 11737 1.656
1188101 864182 5.9976
864182 1188101 5.9976
864182 1600270 8.334
1600270 864182 8.334
1600270 1603235 2.358
1603235 1600270 2.358
1603235 337083 2.6352
337083 1603235 2.6352
337083 37044 5.3604
37044 337083 5.3604
11738 942134 2.7756
942134 11738 2.7756
942134 842590 3.2184
842590 942134 3.2184
842590 931179 14.9508
931179 842590 14.9508
931179 1563544 13.3704
1563544 931179 13.3704
1563544 1563545 19.9404
1563545 1563544 19.9404
1563545 11739 2.4588
11739 1563545 2.4588
378200 11740 4.1292
11740 378200 4.1292
85901 85900 6.6132
85900 85901 6.6132
85900 353544 2.1708
353544 85900 2.1708
353544 339283 6.4872
339283 353544 6.4872
339283 85899 10.3824
85899 339283 10.3824
85899 85898 9.306
85898 85899 9.306
85898 337039 14.1876
337039 85898 14.1876
337039 361661 12.8016
361661 337039 12.8016
361661 1771541 1.404
1771541 361661 1.404
1771541 35439 2.3436
35439 1771541 2.3436
12021 322999 0.9114
322999 323077 0.1644
323077 322993 0.1704
322993 1289814 0.1734
1289814 11992 0.1434
11992 1289815 0.1494
1289815 338516 3.8604
338516 1980830 0.9144
1980830 136261 2.853
136261 1289818 0.1566
11982 396233 0.8472
396233 681158 5.6058
681158 1406449 1.5324
1406449 1884957 0.1374
1884957 1289958 2.544
1289958 1289959 3.8022
1289959 11983 0.3516
11983 1289956 0.3714
1289956 204186 0.2826
204186 1289955 0.4914
1289955 1193341 0.282
1193341 11984 0.744
11984 1289957 0.2496
1289957 681111 0.7434
681111 681191 1.044
681191 11985 0.0984
11982 1106777 0.4263
1106777 1190946 0.1404
1190946 11998 0.4449
12000 1190945 0.4022
1190945 1106776 0.1862
1106776 11999 0.4572
116891 250235 0.3564
250235 116891 0.3564
250235 323074 2.3256
323074 250235 2.3256
323074 323065 8.5428
323065 323074 8.5428
323065 116951 0.5178
116951 323065 0.5178
116951 1193349 0.8412
1193349 116951 0.8412
1193349 116952 1.0524
116952 1193349 1.0524
116952 939313 3.8454
939313 116952 3.8454
939313 87089 1.9086
87089 939313 1.9086
87089 1018156 1.3278
1018156 87089 1.3278
1018156 39789 1.0956
39789 1018156 1.0956
39789 1193272 2.688
1193272 39789 2.688
1193272 39788 0.8694
39788 1193272 0.8694
39788 1193275 1.497
1193275 39788 1.497
1193275 39787 1.3974
39787 1193275 1.3974
39787 71948 9.8118
71948 39787 9.8118
71948 1705694 0.7044
1705694 71948 0.7044
1705694 1031779 0.9054
1031779 1705694 0.9054
1031779 1705693 0.9582
1705693 1031779 0.9582
1705693 68546 3.0432
68546 1705693 3.0432
68546 939332 2.1612
939332 68546 2.1612
939332 39786 4.284
39786 939332 4.284
39786 1193280 1.3038
1193280 39786 1.3038
1193280 39785 1.2684
39785 1193280 1.2684
39785 1193281 1.0506
1193281 39785 1.0506
1193281 39784 1.086
39784 1193281 1.086
39784 1013191 0.6936
1013191 39784 0.6936
1013191 676927 0.822
676927 1013191 0.822
676927 39783 1.281
39783 676927 1.281
39783 39782 0.9804
39782 39783 0.9804
39782 117480 4.9224
117480 39782 4.9224
117480 1013193 1.1808
1013193 117480 1.1808
1013193 1289697 3.048
1289697 1013193 3.048
1289697 71950 0.4212
71950 1289697 0.4212
71950 1031786 0.279
1031786 71950 0.279
1031786 396234 3.3798
396234 1031786 3.3798
396234 11997 1.0152
11997 396234 1.0152
12004 1190963 0.356
1190963 1193306 0.1804
1193306 826577 0.198
826577 12005 0.2765
12005 826576 0.2354
826576 1106769 0.2009
1106769 826575 0.1062
826575 12006 0.1501
12006 826573 0.1465
826573 826571 0.3226
826571 10477 0.3283
12016 1289843 0.252
1289843 323114 0.1037
323114 1289842 0.0911
1289842 143348 0.1033
143348 1289841 0.0965
1289841 1289840 0.0896
1289840 94923 0.1055
94923 1106784 0.2567
12024 1212081 0.5136
1212081 12024 0.5136
1212081 145101 7.6506
145101 1212081 7.6506
145101 1289871 0.8952
1289871 145101 0.8952
1289871 1289870 1.9116
1289870 1289871 1.9116
1289870 1289869 0.027
1289869 1289870 0.027
1289869 145087 0.081
145087 1289869 0.081
44118 323115 0.9708
323115 1289849 0.2232
1289849 1289852 0.2058
1289852 1289851 0.1956
1289851 1289850 0.2382
1289850 12025 0.234
12024 1289920 1.221
1289920 1289919 0.2388
1289919 1289918 0.1578
1289918 323107 0.1488
323107 323022 0.222
323022 12026 0.2118
12026 1289917 0.3594
1289917 12027 0.1206
12027 12028 0.2676
12028 1289908 0.312
1289908 240150 1.6392
240148 1289909 1.9908
1289909 1289910 0.18
1289910 1289911 0.24
1289911 240149 0.2448
240149 1289912 0.2316
1289912 1289913 0.2034
1289913 323041 0.2304
323041 1289914 0.2472
1289914 12029 0.2658
12029 1289915 0.315
1289915 1289916 0.2598
1289916 12024 1.137
58678 1289858 1.0854
1289858 2013255 0.2358
10451 1193285 0.7082
1193285 445891 0.1836
10454 777027 0.8028
777027 1190949 0.9303
1190949 71109 1.819
71109 1526739 2.6342
12040 37152 11.646
37152 12040 11.646
37152 37157 12.3396
37157 37152 12.3396
37157 1188074 4.5108
1188074 37157 4.5108
1188074 1584953 1.3152
1584953 1188074 1.3152
1584953 337112 1.6836
337112 1584953 1.6836
337112 1584954 1.758
1584954 337112 1.758
1584954 927249 2.8656
927249 1584954 2.8656
927249 2007053 7.5444
2007053 927249 7.5444
2007053 927736 0.156
927736 2007053 0.156
927736 2007055 13.038
2007055 927736 13.038
2007055 1674254 3.0012
1674254 2007055 3.0012
1674254 864147 0.552
864147 1674254 0.552
864147 27261 1.8384
27261 864147 1.8384
12044 37030 5.3402
37030 12044 5.3402
37030 814911 10.9066
814911 37030 10.9066
814911 1598522 4.171
1598522 814911 4.171
1598522 39669 1.6913
39669 1598522 1.6913
39669 1598532 2.7857
1598532 39669 2.7857
1598532 1598531 3.6317
1598531 1598532 3.6317
1598531 1598518 2.0074
1598518 1598531 2.0074
1598518 1598530 0.8309
1598530 1598518 0.8309
1598530 1598529 1.021
1598529 1598530 1.021
1598529 1598528 0.8273
1598528 1598529 0.8273
1598528 1598527 0.6689
1598527 1598528 0.6689
27502 577477 5.4996
577477 814398 1.5252
814398 389429 4.6518
389429 12098 4.8408
12098 814906 6.3432
814906 577481 1.998
577481 814907 1.323
814907 12099 1.3704
12099 41159 1.4484
41159 577482 0.9114
577482 41160 0.9138
41160 12100 0.6132
12100 593233 0.5472
593233 41161 0.6222
41161 593235 0.693
593235 451921 0.9834
592837 251114 1.659
251114 12103 1.5486
12103 577479 0.9522
577479 12104 0.7932
12104 577480 0.6858
577480 389431 0.7146
389431 12105 0.7146
12105 577478 6.2148
577478 12106 6.7068
12106 389427 3.0714
389427 592557 2.9712
592557 1464112 3.483
1464112 25128 4.8336
12113 304212 3.8664
304212 12113 3.8664
304212 134567 3.1008
134567 304212 3.1008
134567 1252033 3.1476
1252033 134567 3.1476
1252033 1722365 1.6272
1722365 1252033 1.6272
1722365 12114 0.8772
12114 1722365 0.8772
12114 12115 6.1596
12115 12114 6.1596
12115 304147 2.3976
304147 12115 2.3976
304147 41405 3.6384
41405 304147 3.6384
41405 12116 4.6968
12116 41405 4.6968
12116 304191 1.992
304191 12116 1.992
304191 12117 1.8168
12117 304191 1.8168
12117 304124 1.2576
304124 12117 1.2576
304124 12118 1.8972
12118 304124 1.8972
12118 304195 1.8192
304195 12118 1.8192
304195 12119 1.9752
12119 304195 1.9752
12119 1723205 0.9252
1723205 12119 0.9252
1723205 1007355 1.0956
1007355 1723205 1.0956
1007355 41344 0.6456
41344 1007355 0.6456
41344 12120 1.4784
12120 41344 1.4784
12120 304109 5.0376
304109 12120 5.0376
304109 1723162 1.152
1723162 304109 1.152
1723162 12121 4.6452
12121 1723162 4.6452
12121 12122 2.6028
12122 12121 2.6028
12122 304158 3.4992
304158 12122 3.4992
304158 304178 4.1052
304178 304158 4.1052
304178 1007344 0.6468
1007344 304178 0.6468
1007344 12123 2.592
12123 1007344 2.592
12123 304172 3.2064
304172 12123 3.2064
304172 1564717 2.6856
1564717 304172 2.6856
27264 920495 0.9384
920495 27264 0.9384
920495 920490 0.462
920490 920495 0.462
920490 12131 11.4888
12131 920490 11.4888
12131 304329 4.6092
304329 12131 4.6092
304329 920448 2.9172
920448 304329 2.9172
920448 114834 0.9972
114834 920448 0.9972
114834 39485 2.346
39485 114834 2.346
866533 139381 0.3913
139381 866533 0.3913
139381 14133 0.4068
14133 139381 0.4068
14133 139382 0.468
139382 14133 0.468
139382 866532 1.5304
866532 139382 1.5304
866532 14134 1.6816
14134 866532 1.6816
14134 866531 0.612
866531 14134 0.612
866531 139405 0.4194
139405 866531 0.4194
139405 14135 0.8834
14135 139405 0.8834
14135 280668 5.926
280668 14135 5.926
280668 542813 1.7762
542813 280668 1.7762
542813 139406 4.0205
139406 542813 4.0205
139406 14136 0.6984
14136 139406 0.6984
14136 139407 0.4457
139407 14136 0.4457
139407 510747 0.7196
510747 139407 0.7196
510747 14137 0.9392
14137 510747 0.9392
14137 510745 3.209
510745 14137 3.209
889581 889580 0.237
889580 889581 0.237
889580 511341 0.534
511341 889580 0.534
511341 139399 0.7188
139399 511341 0.7188
139399 14145 0.9906
14145 139399 0.9906
14145 717472 3.207
717472 14145 3.207
717472 14146 10.2222
14146 717472 10.2222
14146 14147 1.3602
14147 14146 1.3602
14147 139400 1.2072
139400 14147 1.2072
139400 139401 1.965
139401 139400 1.965
139401 510486 1.6002
510486 139401 1.6002
510486 14148 1.8354
14148 510486 1.8354
14148 14149 1.164
14149 14148 1.164
14149 510490 1.0686
510490 14149 1.0686
510490 510495 1.221
510495 510490 1.221
510495 14150 1.7274
14150 510495 1.7274
14150 510487 0.6828
510487 14150 0.6828
510487 510499 0.6204
510499 510487 0.6204
510499 139402 0.6828
139402 510499 0.6828
139402 636910 2.3112
636910 139402 2.3112
636910 14151 0.4824
14151 636910 0.4824
14151 139403 0.8346
139403 14151 0.8346
139403 14152 0.5736
14152 139403 0.5736
14152 510496 0.4752
510496 14152 0.4752
510496 139404 0.4764
139404 510496 0.4764
139404 1803250 1.5132
1803250 139404 1.5132
1803250 1999877 1.5306
1999877 1803250 1.5306
1999877 15344 5.8758
15344 1999877 5.8758
1627896 889581 0.6847
889581 1627896 0.6847
37217 278613 0.3604
278613 263101 0.3265
263101 14931 0.2308
137505 139101 10.6776
139101 596590 1.6956
596590 14933 2.3148
14933 139102 4.7304
139102 649987 5.9436
747180 747172 1.7154
747172 1864 0.8374
1803232 258608 0.8923
258608 1803232 0.8923
258608 510746 0.3759
510746 258608 0.3759
510746 510744 0.3127
510744 510746 0.3127
1863 747183 0.3366
747183 139397 0.1667
139397 626949 0.1073
626949 14951 0.247
14951 747181 0.2441
747181 139398 0.1577
139398 747180 0.4122
513495 865682 9.6444
865682 513495 9.6444
865682 15345 5.7348
15345 865682 5.7348
123425 2015341 1.3551
2015341 123425 1.3551
123425 37576 1.5866
37576 123425 1.5866
37576 1068056 2.4943
1068056 37576 2.4943
1068056 123424 3.5697
123424 1068056 3.5697
123424 664959 2.8296
664959 123424 2.8296
664959 1800844 1.1942
1800844 664959 1.1942
1800844 1800845 1.1757
1800845 1800844 1.1757
1800845 1981251 0.3837
1981251 1800845 0.3837
1981251 15108 0.3795
15108 1981251 0.3795
1352412 139116 0.6396
139116 1352412 0.6396
139116 509409 1.4994
509409 139116 1.4994
509409 511826 0.3324
511826 509409 0.3324
511826 1352414 1.1412
1352414 511826 1.1412
1352414 397977 4.551
397977 1352414 4.551
397977 509362 0.1764
509362 397977 0.1764
509362 511828 2.7954
511828 509362 2.7954
511828 1690945 3.8874
1690945 511828 3.8874
1690945 14942 1.1718
14942 1690945 1.1718
2015357 10150 0.297
37282 1733488 5.8219
1733488 1733487 0.7258
1733487 1733485 0.4457
1733485 1733486 0.2513
1733486 1582961 0.8424
240157 23564 2.9613
23564 239880 1.0502
239880 23563 0.9339
23563 239998 0.8969
239998 240029 1.0029
240029 240231 1.1119
240171 240172 1.2415
240172 240173 1.1345
240173 240174 0.7565
240174 239895 0.6254
239895 240016 0.5158
240016 239970 3.4889
239970 23565 0.8033
150621 150626 0.3214
150626 23577 0.3214
23577 150622 0.3214
150622 54546 0.3214
54546 150624 0.3214
23575 1182262 1.0209
1182262 23575 1.0209
1182262 1182261 1.0363
1182261 1182262 1.0363
1182261 23579 2.1734
23579 1182261 2.1734
23579 23580 1.3243
23580 23579 1.3243
23580 23581 1.0332
23581 23580 1.0332
23581 1182292 0.5102
1182292 23581 0.5102
1182292 99816 0.2283
99816 1182292 0.2283
99816 385371 2.7946
385371 99816 2.7946
385371 385372 2.1837
385372 385371 2.1837
385372 385373 3.9163
385373 385372 3.9163
385373 23582 0.863
23582 385373 0.863
23582 23583 2.0489
23583 23582 2.0489
23583 23584 0.5626
23584 23583 0.5626
23594 23595 11.9772
23595 538435 2.484
538435 239857 2.538
239857 73414 2.0016
73414 690467 2.2968
690467 239982 2.2572
239982 23566 3.0996
85846 23594 3.8837
23594 85846 3.8837
44120 1106785 0.3108
1106785 44120 0.3108
1106785 1865170 0.8664
1865170 1106785 0.8664
1865170 1212762 2.2824
1212762 1865170 2.2824
1212762 1212103 1.476
1212103 1212762 1.476
1212103 1865175 1.3722
1865175 1212103 1.3722
1865175 120359 1.6884
120359 1865175 1.6884
120359 323053 4.38
323053 120359 4.38
323053 1289977 0.6516
1289977 323053 0.6516
54547 390462 7.8876
390462 390463 11.1636
390463 390465 3.4272
390465 390467 3.1392
390467 117946 14.0796
117946 117947 5.526
117947 117948 5.3424
117948 117949 5.526
117949 117950 5.8356
117950 117951 5.4828
117951 117953 5.6772
117953 117954 5.9688
117954 117955 5.3856
117955 117956 5.5188
117956 117957 5.6412
117957 37969 5.6772
37969 116816 5.5584
116816 116814 5.7204
116814 37973 5.5764
37973 37971 5.6376
37971 1614162 0.63
23804 777095 1.3128
777095 23804 1.3128
777095 1029601 6.1092
1029601 777095 6.1092
1029601 1190870 13.2936
1190870 1029601 13.2936
1190870 1190840 4.1712
1190840 1190870 4.1712
1190840 95279 11.9652
95279 1190840 11.9652
95279 123121 0.5772
123121 95279 0.5772
123121 116023 18.9852
116023 123121 18.9852
116023 1190731 1.4868
1190731 116023 1.4868
1190731 23805 2.0088
23805 1190731 2.0088
510745 345710 6.5613
345710 510745 6.5613
345710 866510 6.0609
866510 345710 6.0609
866510 1895255 3.8746
1895255 866510 3.8746
1895255 757144 0.2937
757144 1895255 0.2937
757144 1803232 1.6884
1803232 757144 1.6884
240161 240024 2.9286
240024 24987 1.0056
24987 239852 0.9468
239852 239980 0.8136
239980 24988 0.816
24988 240010 0.873
240010 239930 1.2408
239930 71705 1.4484
71705 239918 1.3188
239918 1193312 0.7314
1193312 239894 0.6612
239894 239856 0.8946
239856 1034488 1.1952
240017 239937 2.3748
239937 24989 1.518
24989 239971 0.987
239971 24990 0.8742
24990 239896 1.014
239896 239846 0.8082
239846 239888 0.8262
239888 240158 1.2276
240158 240159 2.1318
1986232 1605961 3.7195
19196 19197 1.1268
19197 19196 1.1268
19197 1608853 1.6642
1608853 19197 1.6642
1608853 385419 1.4631
385419 1608853 1.4631
385419 1313557 1.1283
1313557 385419 1.1283
1313557 1739499 0.9777
1739499 1313557 0.9777
1739499 19198 0.8789
19198 1739499 0.8789
19198 19199 1.2785
19199 19198 1.2785
19199 1204223 1.1854
1204223 19199 1.1854
1204223 1739500 1.1798
1739500 1204223 1.1798
1739500 884621 1.7038
884621 1739500 1.7038
884621 19200 3.2837
19200 884621 3.2837
19200 1313515 3.1783
1313515 19200 3.1783
1313515 884620 1.5274
884620 1313515 1.5274
884620 19201 3.1485
19201 884620 3.1485
19201 26996 1.5043
26996 19201 1.5043
26996 884619 1.4919
884619 26996 1.4919
884619 19202 2.8255
19202 884619 2.8255
19202 145089 1.9332
145089 19202 1.9332
145089 1609930 0.629
1609930 145089 0.629
1609930 1609931 0.5477
1609931 1609930 0.5477
1609931 1609904 0.8223
1609904 1609931 0.8223
1609904 19203 0.3435
19203 1609904 0.3435
2015407 19203 10.2029
19203 2015407 10.2029
27010 27011 14.1408
27011 27010 14.1408
27011 27012 4.3358
27012 27011 4.3358
27012 27013 4.5986
27013 27012 4.5986
27013 27014 11.1384
27014 27013 11.1384
27014 385416 1.9354
385416 27014 1.9354
2015409 572458 0.2239
572458 2015409 0.2239
572458 575078 0.527
575078 572458 0.527
575078 27047 1.0606
27047 575078 1.0606
27047 575083 1.5624
575083 27047 1.5624
575083 572467 0.9276
572467 575083 0.9276
572467 800606 13.9512
800606 572467 13.9512
800606 800607 1.1736
800607 800606 1.1736
800607 250774 1.0728
250774 800607 1.0728
451929 593244 2.0304
593244 1202521 1.4172
1202521 593247 1.1568
1687757 1163355 1.476
1163355 1687757 1.476
1163355 1163357 3.3307
1163357 1163355 3.3307
1163357 1127650 1.1178
1127650 1163357 1.1178
1127650 91703 0.2333
91703 1127650 0.2333
91703 1163432 0.5533
1163432 91703 0.5533
1163432 91704 0.5144
91704 1163432 0.5144
91704 1163431 0.4399
1163431 91704 0.4399
1163431 71118 0.2779
71118 1163431 0.2779
71118 1163430 0.4946
1163430 71118 0.4946
1163430 885860 0.4547
885860 1163430 0.4547
885860 1001182 0.4518
1001182 885860 0.4518
1001182 385376 0.4003
385376 1001182 0.4003
385376 1001180 0.4248
1001180 385376 0.4248
1001180 385375 0.3834
385375 1001180 0.3834
385375 1163388 0.4417
1163388 385375 0.4417
1163388 1163358 0.9652
1163358 1163388 0.9652
1163358 71119 0.6311
71119 1163358 0.6311
1301318 1602932 5.3352
1602932 1301318 5.3352
1602932 29557 9.8532
29557 1602932 9.8532
29557 451415 13.6728
451415 29557 13.6728
451415 29556 5.3532
29556 451415 5.3532
2015481 1372050 11.9654
1372050 2015481 11.9654
1372050 1115278 0.3579
1115278 1372050 0.3579
1115278 30813 1.045
30813 1115278 1.045
30813 1115277 1.0065
1115277 30813 1.0065
571206 2015495 2.4012
571206 555763 1.9435
555763 1558158 0.5616
1558158 1873473 6.661
1873473 15108 0.7174
15108 1173861 0.3631
1173861 15108 0.3631
1173861 1981250 2.0088
1981250 1173861 2.0088
1981250 555762 0.9278
555762 1981250 0.9278
555762 642325 0.468
642325 555762 0.468
642325 1981248 0.559
1981248 642325 0.559
1981248 555761 0.3939
555761 1981248 0.3939
555761 993266 1.9574
993266 555761 1.9574
993266 993271 3.4334
993271 993266 3.4334
993271 555760 1.3989
555760 993271 1.3989
555760 1800843 1.7347
1800843 555760 1.7347
1800843 555759 0.1641
555759 1800843 0.1641
555759 851928 1.8093
851928 555759 1.8093
33908 223438 5.022
223438 33908 5.022
223438 572314 18.0396
572314 223438 18.0396
572314 223439 3.78
223439 572314 3.78
223439 1116217 6.804
1116217 223439 6.804
1116217 1116214 13.8888
1116214 1116217 13.8888
1116214 1116198 10.8864
1116198 1116214 10.8864
1116198 223440 7.1892
223440 1116198 7.1892
223440 223441 5.8428
223441 223440 5.8428
223441 223442 6.0516
223442 223441 6.0516
223442 572278 9.9108
572278 223442 9.9108
572278 33911 19.4976
33911 572278 19.4976
33911 33907 6.1164
33907 33911 6.1164
33907 865194 15.732
865194 33907 15.732
865194 865200 29.3652
865200 865194 29.3652
865200 33912 3.7656
33912 865200 3.7656
33912 377126 5.7204
377126 33912 5.7204
377126 377127 7.812
377127 377126 7.812
177731 945184 0.6372
945184 177731 0.6372
945184 945182 0.126
945182 945184 0.126
945182 1521897 1.9102
1521897 945182 1.9102
1521897 1521899 0.1591
1521899 1521897 0.1591
1521899 9613 0.4961
9613 1521899 0.4961
229588 864735 1.0342
864735 52762 1.2585
35447 44249 0.8784
44249 35447 0.8784
44249 995612 0.426
995612 44249 0.426
995612 35448 1.206
35448 995612 1.206
35442 1771547 2.0376
1771547 35442 2.0376
1771547 361783 4.734
361783 1771547 4.734
361783 87253 15.2892
87253 361783 15.2892
87253 361761 9.09
361761 87253 9.09
361761 361752 16.3908
361752 361761 16.3908
361752 1771546 3.2616
1771546 361752 3.2616
1771546 35441 2.8728
35441 1771546 2.8728
1706142 35454 0.6588
35454 1706142 0.6588
35454 362871 0.9247
362871 35454 0.9247
362871 362873 0.5097
362873 362871 0.5097
362873 35455 0.4397
35455 362873 0.4397
35455 362877 0.1923
362877 35455 0.1923
362877 362880 0.505
362880 362877 0.505
362880 362886 0.6161
362886 362880 0.6161
362886 35456 0.5976
35456 362886 0.5976
35456 362891 0.9278
362891 35456 0.9278
362891 35457 0.8007
35457 362891 0.8007
35457 592818 0.7354
592818 35457 0.7354
592818 362894 0.7061
362894 592818 0.7061
362894 592824 0.7555
592824 362894 0.7555
592824 35458 0.3327
35458 592824 0.3327
35458 1177025 1.8514
1177025 35458 1.8514
1177025 1170546 0.2731
1170546 1177025 0.2731
1170546 1170547 0.7164
1170547 1170546 0.7164
1170547 1703234 0.4829
1703234 1170547 0.4829
1703234 592816 1.7902
592816 1703234 1.7902
592816 592825 0.8049
592825 592816 0.8049
592825 35459 0.3641
35459 592825 0.3641
35459 592705 0.7149
592705 35459 0.7149
592705 1703237 1.2811
1703237 592705 1.2811
1703237 35460 4.3149
35460 1703237 4.3149
35460 592713 1.2137
592713 35460 1.2137
592713 592827 1.2811
592827 592713 1.2811
592827 592680 0.9489
592680 592827 0.9489
592680 542239 0.7545
542239 592680 0.7545
542239 35461 0.846
35461 542239 0.846
35461 542250 0.7483
542250 35461 0.7483
542250 35462 1.4307
35462 542250 1.4307
35462 1170534 1.2389
1170534 35462 1.2389
1170534 542244 0.2906
542244 1170534 0.2906
35470 587626 0.715
587626 35470 0.715
587626 35496 4.4762
35496 587626 4.4762
35496 535616 3.5208
535616 35496 3.5208
8636 592734 0.679
592734 8636 0.679
592734 362030 0.2801
362030 592734 0.2801
362030 354088 1.4782
354088 362030 1.4782
354088 362026 0.9551
362026 354088 0.9551
362026 354087 1.1095
354087 362026 1.1095
354087 72940 0.8597
72940 354087 0.8597
72940 8635 0.2873
8635 72940 0.2873
8635 35449 0.4014
35449 8635 0.4014
35449 362021 1.4947
362021 35449 1.4947
362021 109539 0.4262
109539 362021 0.4262
109539 361731 0.8561
361731 109539 0.8561
361731 8634 0.828
8634 361731 0.828
8634 362673 1.1394
362673 8634 1.1394
362673 361708 1.2452
361708 362673 1.2452
361708 354084 1.0465
354084 361708 1.0465
354084 8633 1.4177
8633 354084 1.4177
8633 361691 0.7614
361691 8633 0.7614
361691 35448 1.409
35448 361691 1.409
35448 354083 0.1037
354083 35448 0.1037
354083 2005030 2.5268
2005030 354083 2.5268
2005030 8632 0.5677
8632 2005030 0.5677
354106 2015525 0.4518
2015525 354106 0.4518
354106 354105 0.9893
354105 354106 0.9893
354105 354078 0.8788
354078 354105 0.8788
354078 35471 1.1855
35471 354078 1.1855
35475 587614 9.4392
587614 35475 9.4392
587614 587523 2.8044
587523 587614 2.8044
587523 35477 2.0664
35477 587523 2.0664
35477 587519 2.8224
587519 35477 2.8224
587519 35478 5.9256
35478 587519 5.9256
35479 587534 2.628
587534 35479 2.628
587534 587513 2.4084
587513 587534 2.4084
587513 35492 2.2068
35492 587513 2.2068
35492 35493 3.3948
35493 35492 3.3948
35493 587532 8.0316
587532 35493 8.0316
587532 587541 1.9332
587541 587532 1.9332
587541 35494 3.15
35494 587541 3.15
587538 587536 5.1048
587536 587538 5.1048
587536 587537 6.6168
587537 587536 6.6168
587537 587510 5.8896
587510 587537 5.8896
587510 587605 2.448
587605 587510 2.448
587605 587511 2.7144
587511 587605 2.7144
587511 587512 3.1392
587512 587511 3.1392
587512 587522 3.8592
587522 587512 3.8592
587522 35515 9.5472
35515 587522 9.5472
35515 35516 5.4936
35516 35515 5.4936
35496 587546 5.256
587546 35496 5.256
587546 35497 10.2168
35497 587546 10.2168
35497 35498 5.7744
35498 35497 5.7744
35498 587548 7.3044
587548 35498 7.3044
587548 35499 8.172
35499 587548 8.172
35499 587529 4.4316
587529 35499 4.4316
587529 35500 9.81
35500 587529 9.81
35500 587514 2.7396
587514 35500 2.7396
587514 587535 8.262
587535 587514 8.262
587535 587528 2.7396
587528 587535 2.7396
587528 587518 7.686
587518 587528 7.686
587518 965259 3.3624
965259 587518 3.3624
965259 587520 4.3776
587520 965259 4.3776
587520 587525 5.9832
587525 587520 5.9832
587525 587516 4.32
587516 587525 4.32
587516 35479 9.144
35479 587516 9.144
35501 2015527 2.7216
2015527 35501 2.7216
587473 2015529 1.4868
2015529 587473 1.4868
587473 587480 2.7072
587480 587473 2.7072
587480 1695147 2.6424
1695147 587480 2.6424
1695147 587468 2.6064
587468 1695147 2.6064
587468 35504 2.6568
35504 587468 2.6568
35504 587451 2.0412
587451 35504 2.0412
587451 35505 7.4628
35505 587451 7.4628
35505 35506 15.2424
35506 35505 15.2424
35508 362896 6.354
362896 35508 6.354
362896 35509 4.626
35509 362896 4.626
35509 362895 3.1392
362895 35509 3.1392
362895 587544 3.762
587544 362895 3.762
587544 35510 7.7076
35510 587544 7.7076
35510 35511 2.862
35511 35510 2.862
35511 587616 3.4236
587616 35511 3.4236
587616 362893 3.1932
362893 587616 3.1932
362893 587547 2.5056
587547 362893 2.5056
587547 35512 2.4192
35512 587547 2.4192
35512 587478 7.3116
587478 35512 7.3116
587478 362890 2.5416
362890 587478 2.5416
362890 362889 2.9232
362889 362890 2.9232
362889 362887 8.5068
362887 362889 8.5068
35510 35513 3.1104
35513 35510 3.1104
35513 35514 8.6004
35514 35513 8.6004
35514 362888 2.3004
362888 35514 2.3004
362888 362887 3.6144
362887 362888 3.6144
35516 362903 2.6064
362903 35516 2.6064
362903 362902 4.9572
362902 362903 4.9572
362902 362900 6.66
362900 362902 6.66
362900 362899 1.3212
362899 362900 1.3212
362899 35517 1.026
35517 362899 1.026
35517 362898 4.068
362898 35517 4.068
362898 587615 2.4192
587615 362898 2.4192
587615 35518 2.3364
35518 587615 2.3364
35518 35519 3.4632
35519 35518 3.4632
35519 587540 2.1996
587540 35519 2.1996
587540 587539 1.9728
587539 587540 1.9728
587539 362895 3.2256
362895 587539 3.2256
8635 362449 3.15
362449 8635 3.15
362449 146304 9.1836
146304 362449 9.1836
146304 362023 1.8972
362023 146304 1.8972
362023 146305 10.7496
146305 362023 10.7496
145371 35787 16.7472
35787 145371 16.7472
35787 145286 27.4896
145286 35787 27.4896
240176 240177 12.942
240177 1993825 3.4992
1993825 240178 2.736
240178 145363 2.3904
145363 1993838 2.2752
1993838 1993837 2.07
1993837 1993836 4.0284
1993836 1993839 2.5704
1993839 1993835 7.5816
1993835 35789 6.7608
621438 939592 2.4372
939592 939593 2.628
939593 1393063 2.3472
1393063 621470 0.6588
621470 621496 3.4596
621496 939594 3.1248
939594 37036 3.9852
37037 621472 2.8266
621472 1393052 0.1824
1393052 37038 1.7496
155259 735217 0.5234
735217 155259 0.5234
735217 177731 2.8321
177731 735217 2.8321
177731 826950 0.2671
826950 177731 0.2671
826950 177678 0.3618
177678 826950 0.3618
177678 37537 0.3985
37537 177678 0.3985
37537 1506723 1.4785
1506723 37537 1.4785
1506723 37540 1.0724
37540 1506723 1.0724
37540 735207 1.0055
735207 37540 1.0055
735207 205445 3.2638
205445 735207 3.2638
205445 121600 3.5341
121600 205445 3.5341
37053 1540956 1.6128
1540956 930297 4.4316
930297 37045 4.2012
37048 37050 9.27
37050 37048 9.27
37052 918894 4.4244
918894 37051 3.672
37051 684076 2.7792
684076 621447 2.3184
621447 1540955 2.4876
1540955 37050 2.1132
37050 1508074 7.3044
1508074 37050 7.3044
1508074 37053 11.8044
37053 1508074 11.8044
37048 37047 2.3112
37047 37048 2.3112
37047 1508075 7.3044
1508075 37047 7.3044
1508075 1071270 4.8456
1071270 1508075 4.8456
1071270 621449 8.0568
621449 1071270 8.0568
11736 898168 1.422
898168 11736 1.422
898168 1016479 17.4888
1016479 898168 17.4888
1016479 37125 23.0004
37125 1016479 23.0004
37125 37054 10.9224
37054 37125 10.9224
37054 41523 4.2696
41523 37054 4.2696
41523 1694161 32.364
