181813
178 1691112 1.1109
1691112 178 1.1109
1691112 1694870 2.4552
1694870 1691112 2.4552
1694870 1150540 1.2579
1150540 1694870 1.2579
1150540 1694864 0.8841
1694864 1150540 0.8841
1694864 1814006 1.4775
1814006 1694864 1.4775
1814006 1693582 1.0471
1693582 1814006 1.0471
1693582 881429 0.1245
881429 1693582 0.1245
881429 190 0.7277
190 881429 0.7277
1979041 1248767 1.728
1248767 1979041 1.728
1248767 1391086 4.3836
1391086 1248767 4.3836
1391086 1391084 1.119
1391084 1391086 1.119
1391084 140092 0.4392
140092 1391084 0.4392
140092 1970265 2.328
1970265 140092 2.328
1970265 354111 1.2678
354111 1970265 1.2678
354111 150437 0.4308
150437 354111 0.4308
150437 556551 2.5752
556551 150437 2.5752
556551 1216047 4.584
1216047 556551 4.584
1216047 1637731 0.5334
1637731 1216047 0.5334
1637731 1970264 3.3498
1970264 1637731 3.3498
1970264 150443 1.6146
150443 1970264 1.6146
150443 354099 0.3294
354099 150443 0.3294
354099 590695 0.3294
590695 354099 0.3294
590695 590673 1.6488
590673 590695 1.6488
590673 140093 1.3188
140093 590673 1.3188
140093 335186 7.0758
335186 140093 7.0758
335186 150438 1.6002
150438 335186 1.6002
150438 343090 5.7018
343090 150438 5.7018
343090 590711 1.254
590711 343090 1.254
590711 1975282 0.897
1975282 590711 0.897
1975282 354104 0.7902
354104 1975282 0.7902
354104 67892 2.3136
67892 354104 2.3136
67892 131740 1.5972
131740 67892 1.5972
187622 345093 24.8112
345093 187622 24.8112
345093 375623 13.536
375623 345093 13.536
375623 345092 4.608
345092 375623 4.608
345092 504232 6.7896
504232 345092 6.7896
504232 1686239 55.2744
1686239 504232 55.2744
1686239 1988220 5.7456
1988220 1686239 5.7456
1988220 345091 9.972
345091 1988220 9.972
345091 69513 10.4976
69513 345091 10.4976
69513 1988213 3.7944
1988213 69513 3.7944
1988213 69512 22.068
69512 1988213 22.068
69512 69511 36.1008
69511 69512 36.1008
77245 265535 0.8722
265535 77246 0.6233
77246 779281 0.2885
779281 265536 0.2088
265536 1630836 0.4053
1630836 42014 0.4891
196 1630835 0.7139
1630835 1630808 0.7387
1630808 1630834 0.6127
1630834 62325 0.8064
62325 42015 0.9403
42015 783200 0.7848
783200 195 0.7884
461015 1008291 3.2364
1008291 461015 3.2364
212 968165 5.8212
968165 212 5.8212
968165 1226336 19.6452
1226336 968165 19.6452
1226336 1226372 11.844
1226372 1226336 11.844
1226372 1226339 19.1376
1226339 1226372 19.1376
1226339 308151 4.7088
308151 1226339 4.7088
308151 968174 1.6812
968174 308151 1.6812
214 349 1.1901
349 214 1.1901
1846 1859410 1.464
1859410 1846 1.464
1859410 722107 0.5508
722107 1859410 0.5508
223 513238 1.6644
513238 223 1.6644
513238 1220492 8.514
1220492 513238 8.514
1220492 1179360 8.088
1179360 1220492 8.088
1179360 1220437 24.0
1220437 1179360 24.0
1220437 1220435 6.93
1220435 1220437 6.93
1220435 1814366 0.5376
1814366 1220435 0.5376
1814366 1220451 3.3348
1220451 1814366 3.3348
1220451 2015149 0.0876
2015149 1220451 0.0876
224 1220538 9.4272
1220538 224 9.4272
1220538 1220541 1.0764
1220541 1220538 1.0764
1220541 1220646 0.7524
1220646 1220541 0.7524
1220646 225 3.3888
225 1220646 3.3888
225 1220537 3.6948
1220537 225 3.6948
1220537 226 3.66
226 1220537 3.66
226 227 6.3228
227 226 6.3228
227 332270 0.5988
332270 227 0.5988
332270 1220520 2.0076
1220520 332270 2.0076
1220520 228 4.4664
228 1220520 4.4664
228 229 5.1324
229 228 5.1324
229 332258 1.9956
332258 229 1.9956
332258 1220502 0.9288
1220502 332258 0.9288
1220502 230 2.3016
230 1220502 2.3016
230 544179 1.0884
544179 230 1.0884
544179 332266 0.7848
332266 544179 0.7848
91762 67893 0.7628
67893 91762 0.7628
67893 1927803 1.9609
1927803 67893 1.9609
1927803 24289 3.5942
24289 1927803 3.5942
24673 678786 0.6789
678786 24673 0.6789
678786 24248 1.0692
24248 678786 1.0692
24248 996724 1.9563
996724 24248 1.9563
996724 1035915 2.1754
1035915 996724 2.1754
1035915 68852 1.2204
68852 1035915 1.2204
68852 962585 0.703
962585 68852 0.703
962585 68851 3.0399
68851 962585 3.0399
68851 292898 0.5133
292898 68851 0.5133
292898 82015 0.9936
82015 292898 0.9936
82015 996742 0.3873
996742 82015 0.3873
996742 1002351 0.7133
1002351 996742 0.7133
1002351 521549 0.9375
521549 1002351 0.9375
521549 962611 1.097
962611 521549 1.097
962611 996777 1.2317
996777 962611 1.2317
996777 996775 2.16
996775 996777 2.16
996775 1975311 1.0065
1975311 996775 1.0065
1975311 962607 0.8959
962607 1975311 0.8959
962607 253 0.4258
253 962607 0.4258
253 703341 0.4099
703341 253 0.4099
703341 1215195 0.3667
1215195 703341 0.3667
1215195 148480 0.1558
148480 1215195 0.1558
148480 292893 0.4299
292893 148480 0.4299
292893 148481 0.8743
148481 292893 0.8743
148481 1975310 0.4042
1975310 148481 0.4042
1975310 1000491 1.1042
1000491 1975310 1.1042
1000491 962606 1.6509
962606 1000491 1.6509
962606 1194444 5.527
1194444 962606 5.527
1194444 1804252 1.6529
1804252 1194444 1.6529
1804252 1804248 0.7725
1804248 1804252 0.7725
1804248 703008 0.8311
703008 1804248 0.8311
703008 1789940 0.9843
1789940 703008 0.9843
1789940 1804279 1.4174
1804279 1789940 1.4174
1804279 1905027 3.6005
1905027 1804279 3.6005
1905027 679247 0.3096
679247 1905027 0.3096
679247 252 0.6243
252 679247 0.6243
5971 703338 3.8592
703338 5971 3.8592
703338 69046 11.6316
69046 703338 11.6316
69046 1215201 19.4868
1215201 69046 19.4868
1215201 1019757 36.5184
1019757 1215201 36.5184
1019757 253 1.3536
253 1019757 1.3536
254 2015151 1.0788
2015151 254 1.0788
544188 591245 0.4716
591245 211 0.2232
211 544187 0.256
544187 255 0.4615
259 300066 0.2563
300066 259 0.2563
300066 138144 0.9601
138144 300066 0.9601
138144 557281 1.0685
557281 138144 1.0685
259 119833 2.1845
265 138084 1.5756
138084 265 1.5756
138084 1840639 2.6844
1840639 138084 2.6844
1840639 1279761 11.0148
1279761 1840639 11.0148
1279761 177396 1.1028
177396 1279761 1.1028
177396 1279762 1.614
1279762 177396 1.614
1279762 1279760 2.3328
1279760 1279762 2.3328
1279760 273047 2.544
273047 1279760 2.544
273047 1840632 11.8932
1840632 273047 11.8932
1840632 150409 0.54
150409 1840632 0.54
150409 1840679 4.2672
1840679 150409 4.2672
1840679 1840681 1.1508
1840681 1840679 1.1508
1840681 1840680 0.852
1840680 1840681 0.852
1840680 207296 1.518
207296 1840680 1.518
207296 1052988 0.3576
1052988 207296 0.3576
1052988 879320 3.978
879320 1052988 3.978
879320 207292 4.386
207292 879320 4.386
207292 879304 8.7888
879304 207292 8.7888
879304 141576 2.4648
141576 879304 2.4648
268 681961 0.7758
681961 759162 1.305
759162 759163 0.297
271 1143340 0.3686
1143340 271 0.3686
1143340 119856 0.6512
119856 1143340 0.6512
119856 119855 0.3067
119855 119856 0.3067
119855 323 0.472
323 119855 0.472
279 209576 0.8028
209576 279 0.8028
209576 1433239 1.8329
1433239 209576 1.8329
1433239 1974138 2.1168
1974138 1433239 2.1168
1974138 283 1.4369
283 1974138 1.4369
283 771224 1.9965
771224 283 1.9965
771224 769551 0.2952
769551 771224 0.2952
769551 771235 3.1485
771235 769551 3.1485
771235 213818 0.5662
213818 771235 0.5662
213818 278 1.2034
278 213818 1.2034
278 1434437 1.8
1434437 278 1.8
1434437 213819 0.4145
213819 1434437 0.4145
280 776224 2.7324
776224 280 2.7324
776224 776223 3.294
776223 776224 3.294
776223 776222 1.0764
776222 776223 1.0764
776222 771241 1.188
771241 776222 1.188
771241 771240 1.7316
771240 771241 1.7316
771240 771239 1.782
771239 771240 1.782
771239 771235 8.6832
771235 771239 8.6832
283 776206 2.322
776206 283 2.322
776206 776207 11.088
776207 776206 11.088
776207 282 5.778
282 776207 5.778
272 1216142 0.8719
1216142 827889 0.9281
827889 1973555 0.715
1973555 284 0.5969
284 1072495 0.0817
1072495 865327 0.3409
865327 775219 0.5119
775219 1932282 1.958
1932282 865361 5.4364
865361 119848 0.8741
287 936732 2.4696
936732 287 2.4696
936732 817066 23.6844
817066 936732 23.6844
817066 1094375 3.7008
1094375 817066 3.7008
301 1975996 1.0275
1975996 301 1.0275
1975996 1782181 0.4042
1782181 1975996 0.4042
1782181 1782184 4.7119
1782184 1782181 4.7119
1782184 1782183 1.0512
1782183 1782184 1.0512
1782183 302 1.1458
302 1782183 1.1458
302 1782185 0.9355
1782185 302 0.9355
1782185 545241 6.6482
545241 1782185 6.6482
307 907620 1.1181
907620 307 1.1181
907620 907621 0.6274
907621 907620 0.6274
907621 24779 0.7128
24779 907621 0.7128
710 316 0.8794
316 315 0.8825
315 321 0.5081
321 320 0.5009
320 319 0.4629
319 1204610 0.4289
1204610 318 0.6377
318 317 1.0347
920094 770281 0.8985
770281 1094842 0.4757
1094842 1094833 0.6398
1094833 1094838 3.4869
1094838 707450 1.1859
707450 325 14.9091
325 1145073 4.9577
770694 769089 6.288
769089 770694 6.288
769089 769092 1.764
769092 769089 1.764
769092 768357 1.6584
768357 769092 1.6584
768357 327 13.2888
327 768357 13.2888
327 768352 1.566
768352 327 1.566
768352 1244262 3.9192
1244262 768352 3.9192
1244262 1244259 3.624
1244259 1244262 3.624
1244259 2015153 1.3692
2015153 1244259 1.3692
480945 2015155 0.5199
480945 343 0.6146
245 348 1.4899
348 873865 3.8453
873865 1160959 4.679
1160959 1160960 4.9922
1160960 873882 4.3334
873882 564693 0.4011
564693 349 0.5405
398 764503 0.3234
764503 398 0.3234
764503 516607 0.2754
516607 764503 0.2754
516607 484402 0.4176
484402 516607 0.4176
484402 1506112 0.7824
1506112 484402 0.7824
1506112 396 0.9912
396 1506112 0.9912
396 765942 1.0122
765942 396 1.0122
765942 737703 0.8184
737703 765942 0.8184
737703 765937 2.3298
765937 737703 2.3298
765937 589946 0.1206
589946 765937 0.1206
589946 397 1.0896
397 589946 1.0896
397 1255986 0.3588
1255986 397 0.3588
1255986 1073375 0.2976
1073375 1255986 0.2976
1073375 393 0.7116
393 1073375 0.7116
481 556604 0.8085
556604 481 0.8085
556604 140062 3.7615
140062 556604 3.7615
140062 122849 0.6902
122849 140062 0.6902
122849 139972 0.3569
139972 122849 0.3569
139972 707761 0.3137
707761 139972 0.3137
707761 122848 1.1345
122848 707761 1.1345
496 277118 6.7272
277118 496 6.7272
277118 277115 4.2948
277115 277118 4.2948
277115 376778 3.558
376778 277115 3.558
376778 764400 3.7164
764400 376778 3.7164
764400 737642 12.3636
737642 764400 12.3636
737642 687047 0.6084
687047 737642 0.6084
687047 44258 0.7164
44258 687047 0.7164
44258 1042822 0.258
1042822 44258 0.258
1042822 495 1.2948
495 1042822 1.2948
497 498 11.2716
498 497 11.2716
498 376784 6.516
376784 498 6.516
376784 1926271 1.4148
1926271 376784 1.4148
1926271 765156 10.3752
765156 1926271 10.3752
765156 765158 2.6172
765158 765156 2.6172
765158 277268 0.8568
277268 765158 0.8568
277268 764405 11.4336
764405 277268 11.4336
486 562263 0.503
562263 486 0.503
562263 683376 0.2808
683376 562263 0.2808
683376 376825 0.8866
376825 683376 0.8866
376825 376827 3.3444
376827 376825 3.3444
376827 161384 1.747
161384 376827 1.747
161384 1857652 0.5307
1857652 161384 0.5307
1857652 506 0.5169
506 1857652 0.5169
506 376828 0.2782
376828 506 0.2782
376828 376848 1.7522
376848 376828 1.7522
376848 376822 2.7139
376822 376848 2.7139
376822 758300 3.0173
758300 376822 3.0173
758300 277250 2.1831
277250 758300 2.1831
277250 1874515 1.1021
1874515 277250 1.1021
1874515 765171 0.8913
765171 1874515 0.8913
765171 765167 1.0785
765167 765171 1.0785
765167 376833 0.0679
376833 765167 0.0679
376833 767459 1.1083
767459 376833 1.1083
767459 376795 4.1837
376795 767459 4.1837
376795 687048 2.5359
687048 376795 2.5359
395 765220 0.6408
765220 395 0.6408
765220 767472 2.3683
767472 765220 2.3683
767472 765930 0.4675
765930 767472 0.4675
765930 767474 1.981
767474 765930 1.981
767474 2015159 0.5523
2015159 767474 0.5523
512 1221324 3.0888
1221324 512 3.0888
1221324 1221302 2.0892
1221302 1221324 2.0892
1221302 1221310 1.6428
1221310 1221302 1.6428
1221310 1221314 2.7036
1221314 1221310 2.7036
1221314 1221317 4.158
1221317 1221314 4.158
1221317 918460 8.1132
918460 1221317 8.1132
918460 2015161 4.1796
2015161 918460 4.1796
534 765926 0.3838
765926 534 0.3838
765926 796736 0.211
796736 765926 0.211
796736 765216 0.5969
765216 796736 0.5969
765216 2015163 1.0044
2015163 765216 1.0044
543 146361 0.4277
146361 543 0.4277
146361 1960828 1.5728
1960828 146361 1.5728
1960828 2015165 0.0997
2015165 1960828 0.0997
555 684556 1.1028
684556 555 1.1028
684556 1858773 0.5616
1858773 684556 0.5616
1858773 765900 3.588
765900 1858773 3.588
765900 1855836 13.4268
1855836 765900 13.4268
1855836 765889 1.1232
765889 1855836 1.1232
765889 1855837 1.5048
1855837 765889 1.5048
1855837 1855838 2.088
1855838 1855837 2.088
1855838 977034 3.078
977034 1855838 3.078
977034 977031 3.2796
977031 977034 3.2796
977031 977030 0.8136
977030 977031 0.8136
977030 1248903 1.0632
1248903 977030 1.0632
1248903 1248908 7.23
1248908 1248903 7.23
1248908 1248901 1.3512
1248901 1248908 1.3512
1248901 680760 0.3816
680760 1248901 0.3816
680760 1858820 2.9532
1858820 680760 2.9532
1858820 977023 0.4344
977023 1858820 0.4344
977023 553 1.1016
553 977023 1.1016
554 1087109 1.3613
1087109 554 1.3613
1087109 1231128 0.3178
1231128 1087109 0.3178
1231128 1248923 1.9641
1248923 1231128 1.9641
1248923 1087075 0.5549
1087075 1248923 0.5549
1087075 977025 2.519
977025 1087075 2.519
977025 245899 3.2734
245899 977025 3.2734
245899 1425045 3.1011
1425045 245899 3.1011
1425045 553 0.7056
553 1425045 0.7056
553 1425044 4.0114
1425044 553 4.0114
1425044 481398 1.1659
481398 1425044 1.1659
481398 680748 2.8363
680748 481398 2.8363
680748 680745 0.6413
680745 680748 0.6413
680745 481389 0.1527
481389 680745 0.1527
481389 1146713 1.9455
1146713 481389 1.9455
1146713 556 1.1345
556 1146713 1.1345
557 684554 0.5919
684554 557 0.5919
684554 765890 1.5835
765890 684554 1.5835
765890 44616 3.7347
44616 765890 3.7347
44616 1855468 3.8021
1855468 44616 3.8021
1855468 765869 0.6629
765869 1855468 0.6629
765869 765865 0.2643
765865 765869 0.2643
765865 1855469 0.5359
1855469 765865 0.5359
1855469 1580348 7.002
1580348 1855469 7.002
1580348 556 0.9201
556 1580348 0.9201
556 1248956 0.9293
1248956 556 0.9293
1248956 44624 0.6609
44624 1248956 0.6609
44624 52988 5.508
52988 44624 5.508
753 549614 0.625
549614 753 0.625
549614 559 4.9716
559 549614 4.9716
559 1975991 0.4039
1975991 559 0.4039
1975991 549615 0.1598
549615 1975991 0.1598
549615 549617 0.7153
549617 549615 0.7153
549617 77809 0.3679
77809 549617 0.3679
77809 549619 0.3316
549619 77809 0.3316
549619 680706 0.2635
680706 549619 0.2635
680706 549621 0.4086
549621 680706 0.4086
549621 1975990 0.7402
1975990 549621 0.7402
1975990 549627 1.6013
549627 1975990 1.6013
549627 77810 0.6937
77810 549627 0.6937
77810 560 1.0991
560 77810 1.0991
560 549628 0.8201
549628 560 0.8201
549628 132176 2.3296
132176 549628 2.3296
906 575 0.8683
575 906 0.8683
712 681954 2.43
681954 767703 4.8936
767703 767704 1.6596
767704 684890 13.1088
684890 684931 7.4448
684931 707433 4.3968
707433 694 1.884
324 707425 1.6728
707425 1274746 6.2592
1274746 684892 5.6376
684892 1274751 2.3184
1274751 767706 9.1752
767706 767705 1.5396
767705 684818 0.6516
684818 681955 6.042
681955 711 2.4804
902 775132 0.7497
775132 775144 6.9408
775144 681944 3.0767
681944 1817960 2.2482
1817960 684834 2.2482
684834 767692 4.8758
767692 770545 3.0785
770545 1817959 1.2618
1817959 1010583 1.6641
1010583 712 3.0893
712 711 1.2483
723 1005756 0.1379
1005756 150323 0.0799
150323 109526 0.1152
109526 1005755 0.1256
1005755 1005754 0.1688
1005754 724 0.1886
724 733 0.8466
733 875147 8.736
875147 660958 0.2688
660958 950730 0.7854
950730 734 0.807
549626 966952 9.9367
966952 774 0.2182
44614 1102812 1.4645
1102812 44614 1.4645
1102812 752 2.2936
752 1102812 2.2936
752 549624 0.2732
549624 752 0.2732
549624 797991 0.1868
797991 549624 0.1868
797991 1102776 0.3323
1102776 797991 0.3323
1102776 753 0.1994
753 1102776 0.1994
755 549960 3.1629
549960 114886 3.2194
114886 549967 6.588
549967 549972 0.8002
549972 408626 0.6305
408626 754 0.9093
761 42778 0.81
762 1782196 1.0923
1782196 1782197 1.2363
1782197 763 2.1569
762 978621 4.283
978621 504537 0.5647
504537 481988 1.2415
481988 764 2.3734
764 790862 0.359
790862 765 0.5076
765 790857 0.6016
790857 790855 0.2826
790855 769 0.3794
750 790865 1.0962
790865 790864 0.849
790864 765 0.7296
769 41603 0.3912
41603 790856 0.3894
790856 770 0.2922
770 790859 0.2082
790859 790858 0.2562
790858 1782195 0.2604
1782195 41602 0.2844
41602 771 0.5022
751 772 0.3568
772 790863 0.4014
790863 549956 0.3838
774 549954 0.9918
549954 549957 2.2638
549957 773 0.9852
549964 1142721 0.4803
1142721 549963 0.1944
549963 549962 0.2983
549962 1142722 0.2643
1142722 761 0.3353
1140983 2015167 5.0484
1140983 1140981 0.9624
1140981 33740 0.7272
33740 1140892 8.1312
1140892 1140897 5.9916
1140897 1140902 1.3044
1140902 1011464 4.8516
1011464 777 1.9056
24779 989933 1.0306
989933 24779 1.0306
989933 775124 5.2221
775124 989933 5.2221
775124 1204614 4.6142
1204614 775124 4.6142
1204614 1204580 5.0945
1204580 1204614 5.0945
1204580 775128 5.5245
775128 1204580 5.5245
775128 681938 2.5447
681938 775128 2.5447
681938 317 0.3045
317 681938 0.3045
317 1204612 1.151
1204612 901 2.0427
901 1204611 3.1382
1204611 902 2.2341
307 907618 0.6264
907618 307 0.6264
907618 907616 0.539
907616 907618 0.539
907616 903 0.8609
903 907616 0.8609
903 907615 0.685
907615 903 0.685
907615 47885 0.7046
47885 907615 0.7046
47885 904 0.7025
904 47885 0.7025
904 907617 0.54
907617 904 0.54
907617 905 0.7179
905 907617 0.7179
905 991033 0.9514
991033 905 0.9514
991033 879184 13.8178
879184 991033 13.8178
879184 879186 9.9453
879186 879184 9.9453
879186 309 0.1738
309 879186 0.1738
574 1142067 1.7146
1142067 906 1.2343
179 571293 0.307
571293 179 0.307
571293 571285 0.4114
571285 571293 0.4114
571285 1233 0.3965
1233 571285 0.3965
1233 1234 0.4603
1234 1233 0.4603
1234 1235 0.683
1235 1234 0.683
1235 571292 1.8458
571292 1235 1.8458
571292 1236 0.7956
1236 571292 0.7956
1236 1751041 0.3003
1751041 1236 0.3003
1751041 760385 0.5971
760385 1751041 0.5971
760385 1237 0.8861
1237 760385 0.8861
1239 454622 0.1923
454622 660959 0.8578
660959 768341 4.8559
768341 454627 1.8226
454627 454636 2.7437
454636 1476579 0.8388
1476579 571294 0.7251
571294 1238 0.7349
227645 227651 2.2566
227651 1309 1.005
1309 117302 1.4172
117302 227591 1.3638
227591 117301 1.317
117301 117300 1.5744
117300 455904 4.98
455904 1311898 1.731
1311898 1311901 1.1622
1311901 241735 1.749
241735 1311904 0.8496
1311904 1310 1.5594
1310 227562 1.6416
227562 117303 1.3464
117303 1311792 0.2478
1311792 227652 0.8886
227652 227653 1.7322
227653 227642 2.2044
1312 14962 2.7374
229296 229297 1.8534
229297 229064 1.4538
229064 35784 1.131
35784 229099 0.81
229099 229074 0.7356
229074 35785 0.852
35785 229111 1.1568
229111 35783 0.7032
35783 229096 0.6228
229096 229131 0.7092
229131 1331 0.7698
1331 1332 8.2728
1332 521084 0.834
521084 229140 0.5532
229140 229107 1.1286
229107 229121 1.0452
229121 521076 0.6276
521076 229083 0.9012
229083 136282 1.5894
136282 1312 1.1358
1384 1333 1.2126
1333 229134 0.792
229134 229098 0.72
229098 37198 0.7854
37198 229114 0.6888
229114 1334 0.6744
1334 229120 0.5544
229120 229077 0.7572
229077 37194 1.1364
37194 1335 4.383
1335 229085 0.8304
229085 229065 0.7806
229065 14949 0.639
14949 229122 0.6954
229122 37196 2.934
37196 37197 0.7296
37197 229136 0.6384
229136 229100 1.1424
229100 229305 1.1886
229305 229301 1.548
1311 1030729 1.0933
1030729 1695138 1.7946
117322 853705 0.5899
853705 117322 0.5899
853705 1307369 4.0181
1307369 853705 4.0181
1307369 227551 0.1759
227551 1307369 0.1759
227551 1137459 2.6861
1137459 227551 2.6861
41667 1385 3.8114
1385 41667 3.8114
1749927 1802508 2.8548
1802508 1749926 1.404
1749926 116829 3.4344
116829 1802498 1.413
1802498 1108208 8.64
1108208 1109900 1.7946
1109900 349233 1.8936
349233 1802507 8.8884
1802507 227581 4.4604
227581 116828 2.4642
117322 1137712 0.3579
1137712 117322 0.3579
117325 507862 0.8542
507862 117325 0.8542
507862 1108519 1.4107
1108519 507862 1.4107
1108519 853741 0.5333
853741 1108519 0.5333
853741 243184 1.0342
243184 853741 1.0342
243184 1100605 2.6064
1100605 243184 2.6064
1100605 1100601 1.2271
1100601 1100605 1.2271
1100601 243176 2.0983
243176 1100601 2.0983
243176 853728 0.9319
853728 243176 0.9319
853728 1390 1.439
1390 853728 1.439
1390 853733 1.2297
853733 1390 1.2297
853733 243234 0.8434
243234 853733 0.8434
243234 243188 4.2007
243188 243234 4.2007
243188 1100597 1.3932
1100597 243188 1.3932
1100597 849145 0.9586
849145 1100597 0.9586
849145 1389 0.5966
1389 849145 0.5966
847821 847831 4.2758
847831 847821 4.2758
847831 847837 1.5079
847837 847831 1.5079
1389 849148 0.2988
849148 1389 0.2988
849148 67842 3.9082
67842 849148 3.9082
1392 520782 0.7509
520782 520781 0.6367
520781 520783 0.4927
520783 847828 0.6264
847828 51018 0.5873
51018 520787 0.5575
520787 520789 0.5904
520789 520790 0.6542
520790 520792 1.0471
1393 520774 0.7663
520774 520775 0.5863
520775 520776 2.4403
520776 520778 0.6398
520778 520779 0.521
520779 802237 0.3317
802237 1392 0.6094
849131 1109942 0.1976
1109942 849131 0.1976
1256661 1256662 0.4272
1256662 571168 0.4914
571168 1256657 0.2322
1256657 1256658 0.2622
1256658 1256659 0.3534
1256659 1256660 0.4872
1256660 1593 0.6456
1595 1720335 1.2432
1720335 117293 0.9702
117293 1137477 3.4218
1137477 1177158 0.3528
1177158 1137478 0.3402
1137478 1594 0.8652
1594 1177153 0.3
1177153 1596 0.2088
1596 1177152 0.1608
1177152 1103438 0.1434
1103438 1177148 0.1572
1177148 117289 0.162
117289 1177149 0.159
1177149 1103437 0.1512
1103437 1177151 0.189
1177151 1177150 0.1614
1177150 1103436 0.1626
1103436 1177154 0.171
1177154 1177155 0.1674
1177155 1103435 0.1746
1103435 117288 0.1644
117288 1177156 0.162
1177156 1177157 0.138
1177157 1597 0.987
543 528367 0.5328
528367 761599 0.4979
761599 1205958 1.6654
1205958 1960827 0.549
1960827 765904 0.6048
765904 1205957 2.8786
1205957 505 1.859
505 653539 0.2027
653539 765902 5.0274
765902 1960825 1.0757
1960825 1859465 0.5274
1859465 42403 1.4033
42403 555 0.1652
1 482723 8.4924
482723 1 8.4924
482723 482724 7.5384
482724 482723 7.5384
482724 482725 7.0344
482725 482724 7.0344
482725 1475534 22.3344
1475534 482725 22.3344
1475534 1475518 11.376
1475518 1475534 11.376
1475518 1457472 12.0132
1457472 1475518 12.0132
5 1808799 0.5009
1808799 5 0.5009
1808799 1793200 0.1929
1793200 1808799 0.1929
1793200 721173 0.3677
721173 1793200 0.3677
721173 1793198 0.5863
1793198 721173 0.5863
1793198 721174 0.4994
721174 1793198 0.4994
721174 721175 3.3012
721175 721174 3.3012
721175 63790 0.5981
63790 721175 0.5981
63790 460666 1.4086
460666 63790 1.4086
460666 17784 0.2237
17784 460666 0.2237
17784 17785 2.3174
17785 17784 2.3174
17785 1345502 0.8964
1345502 17785 0.8964
520792 51019 1.2363
51019 847832 0.5266
847832 520791 0.6305
520791 51017 0.5781
51017 847838 0.6079
847838 520793 0.6429
520793 520795 0.5307
520795 1759 0.7498
855225 2015173 0.8757
2015173 855225 0.8757
855225 751929 1.1925
751929 855225 1.1925
751929 751932 1.8549
751932 751929 1.8549
751932 748789 3.825
748789 751932 3.825
748789 855218 0.36
855218 748789 0.36
855218 748784 2.0169
748784 855218 2.0169
24262 1473984 1.332
1473984 636253 6.1245
636253 1521870 4.1454
1521870 1925758 0.5715
1925758 636247 1.3419
636247 1836894 10.3941
1836894 394520 2.6748
394520 394521 0.5049
394521 394527 0.6192
394527 394529 0.5652
394529 394531 0.3924
394531 394532 0.27
394532 394533 0.3402
394533 394534 0.6741
394534 394535 0.2835
394535 394537 0.2484
394537 394539 0.2421
394539 394541 0.4851
394541 638237 4.2543
638237 823084 2.1699
823084 1731398 0.4113
1731398 24263 0.855
142620 542477 3.1608
542477 142620 3.1608
542477 459665 5.5116
459665 542477 5.5116
459665 1738853 6.6996
1738853 459665 6.6996
1738853 455589 10.1556
455589 1738853 10.1556
455589 129325 12.1356
129325 455589 12.1356
129325 455592 24.7716
455592 129325 24.7716
455592 1096310 4.4856
1096310 455592 4.4856
1096310 685439 4.5864
685439 1096310 4.5864
685439 454535 15.6456
454535 685439 15.6456
229303 229304 1.6254
229304 229129 1.0812
229129 37191 0.537
37191 229106 0.4254
229106 229139 0.5328
229139 1328 0.5772
1328 124257 2.3766
124257 1329 4.4634
1329 229081 0.6216
229081 229118 0.6138
229118 37189 0.6
37189 229104 0.591
229104 1330 0.6288
1330 229137 0.6678
229137 37190 0.7092
37190 521086 0.4632
521086 1847 0.7992
1847 3678 5.0656
1854 521078 1.3892
521078 1847 3.5683
493258 1312 5.909
3678 1109098 3.992
110158 110156 1.0886
4056 250019 1.7683
250019 250010 3.5669
250010 250027 1.3046
250027 4055 4.5266
227192 227194 2.6928
227194 132448 0.7722
132448 227069 0.6384
227069 5560 0.6024
5560 132450 0.462
132450 226989 0.4728
226989 5561 0.4356
5561 132449 0.4872
132449 1298754 0.4572
1298754 227115 0.4524
227115 226965 1.8282
226965 132451 0.9894
132451 5562 0.8664
5562 227195 0.7812
227195 227196 0.7248
227196 227197 0.6732
227197 227198 0.7272
227198 227199 0.6732
227199 227200 0.7854
227200 227201 0.654
227201 227202 1.4928
1391 847850 1.1042
847850 1391 1.1042
847850 847851 2.213
847851 847850 2.213
847851 855216 0.4161
855216 847851 0.4161
855216 1190579 0.7339
1190579 855216 0.7339
316885 847751 0.5166
847751 847755 0.2761
847755 847759 0.2671
847759 823793 0.468
823793 5415 5.7823
1256623 548841 0.3984
548841 1256619 0.2142
1256619 1256620 0.24
1256620 1256621 0.267
1256621 1256622 0.3474
1256622 5416 0.3918
5418 117296 1.7736
117296 1137480 2.826
1137480 1137479 0.6168
1137479 5420 0.6906
5420 1044295 0.768
1044295 117298 0.4998
117298 1044294 0.4146
1044294 5419 0.4554
5419 1044293 0.4176
1044293 1103442 0.3576
1103442 117297 0.3684
117297 5417 0.8304
5425 1291413 0.3945
1291413 1964418 0.0612
1964418 406152 0.5745
406152 1801639 0.4778
1387 1291411 0.3055
1291411 1801633 3.0209
229293 229302 2.0244
229302 229066 1.0494
229066 37192 0.6276
37192 229101 0.5724
229101 5495 0.4668
5495 1632104 0.4596
1632104 229075 0.4896
229075 229113 0.5064
229113 14950 0.4938
14950 229097 0.4788
229097 229132 0.5028
229132 229123 0.6282
229123 5494 0.777
5494 5496 9.486
5496 229057 0.9252
229057 229112 0.6366
229112 229127 0.4992
229127 3679 1.1298
229292 229298 3.3198
229298 229128 1.8402
229128 422847 0.8706
422847 422848 0.861
422848 641687 2.253
641687 809752 13.2978
809752 5497 1.899
5497 422854 1.1442
422854 229067 0.6162
229067 422856 0.678
422856 229092 0.6792
229092 422855 0.7752
422855 229058 0.7926
229058 229069 1.0458
229069 1848 0.909
493258 35782 1.3446
35782 229095 0.66
229095 37195 0.5244
37195 229061 0.5394
229061 5498 0.5304
5498 229071 0.5976
229071 37193 0.7458
37193 5499 7.0584
5499 229126 0.7266
229126 229062 0.5808
229062 35786 0.5382
35786 229117 0.5274
229117 5500 0.5166
5500 120982 0.4542
120982 229124 0.5238
229124 14948 0.4878
14948 229089 0.492
229089 229103 0.9414
229103 1632089 0.8718
1632089 229294 0.7776
1854 521080 1.3578
521080 521092 0.891
521092 37199 0.8652
37199 124251 2.3514
504339 181 5.4987
181 504339 5.4987
181 980732 1.5243
980732 181 1.5243
980732 504324 0.7251
504324 980732 0.7251
504324 142436 5.831
142436 504324 5.831
142436 1177281 1.8422
1177281 142436 1.8422
1177281 567013 1.3125
567013 1177281 1.3125
567013 580893 0.7704
580893 567013 0.7704
580893 1177280 0.4598
1177280 580893 0.4598
1177280 182 0.3898
182 1177280 0.3898
182 1177279 0.469
1177279 182 0.469
1177279 580896 0.4845
580896 1177279 0.4845
580896 183 0.4042
183 580896 0.4042
5557 1221672 0.8622
1221672 5557 0.8622
1221672 1112 6.7925
1112 1221672 6.7925
1112 313524 1.8925
313524 1112 1.8925
313524 45273 2.07
45273 313524 2.07
45273 1221803 1.215
1221803 45273 1.215
1221803 358203 0.5836
358203 1221803 0.5836
358203 45272 2.4358
45272 358203 2.4358
45272 358189 2.4865
358189 45272 2.4865
358189 1298726 1.3104
1298726 358189 1.3104
1298726 594870 1.3018
594870 1298726 1.3018
594870 552338 1.1466
552338 594870 1.1466
227189 227190 3.417
227190 227191 2.0934
227191 5559 3.0744
5559 1632275 3.0426
1632275 132447 2.5974
132447 1298728 3.9846
1298728 132452 0.5202
132452 132453 0.4734
132453 5558 0.6438
5558 1298727 0.3936
1298727 227175 1.0452
227203 227022 2.1666
227022 5570 0.5826
5570 132455 0.5124
132455 132456 0.3222
132456 227105 0.4914
227105 5569 0.339
5569 132457 0.4164
132457 226979 0.4116
226979 132458 0.5346
132458 5568 0.615
5568 227122 5.6304
227122 5567 1.0704
5567 132454 0.5448
132454 5566 0.5496
5566 227204 0.4998
227204 227173 0.7296
227172 227183 1.3632
227183 227184 0.5394
227184 227185 0.4974
227185 227186 0.5736
227186 227187 0.6174
227187 5565 0.6924
5565 5564 5.5854
5564 227004 0.8478
227004 132459 0.7962
132459 982421 0.3882
982421 132460 0.4638
132460 982428 0.8196
982428 1632271 2.358
1632271 227135 0.6594
227135 5563 0.6192
5563 227055 0.7104
227055 227188 1.8
780994 227152 1.6324
227152 227153 3.6232
227153 227222 1.2076
227222 227154 1.2592
5572 2093 3.7987
2093 783199 0.8525
783199 24241 0.8276
24241 77243 1.5066
77243 265569 0.2473
265569 191569 0.2102
191569 274761 0.1739
274761 77244 0.4302
77244 274762 0.1343
274762 197 0.3841
227170 227180 3.7454
227180 227181 1.3223
227181 227101 0.4918
227101 1979628 0.423
1979628 226976 0.4914
226976 2091 0.4493
2091 1784 0.441
1126297 2015225 6.335
2015225 1126297 6.335
1126297 1126286 3.9585
1126286 1126297 3.9585
1126286 1291165 12.2513
1291165 1126286 12.2513
1291165 1291167 4.987
1291167 1291165 4.987
1291167 203138 1.3068
203138 1291167 1.3068
227224 227215 2.7818
5571 227085 1.7712
227085 5577 1.5588
5577 1816664 2.1546
1816664 226960 1.2771
226960 1782578 0.6327
1782578 781173 0.5598
781173 1782577 0.5958
1782577 227036 0.5967
227215 1221529 0.1517
1221529 780966 0.6038
227221 227212 2.7283
227212 227132 0.5822
227132 227216 0.5107
227216 227220 0.4438
227220 5574 0.4587
5574 227083 0.5066
5415 1256648 0.4266
1256648 1256647 0.3582
1256647 1256646 0.411
1256646 849085 0.4212
849085 1256645 0.327
1256645 1256644 0.4926
1256634 1256635 0.2106
1256635 1256636 0.3474
1256636 571178 0.1692
571178 1256631 0.6582
1256631 1256632 0.3354
1256632 1256633 0.4158
1256633 5414 0.5028
7534 1626627 0.519
1626627 393142 0.4452
393142 7538 0.2718
7538 393143 0.3474
393143 1626626 0.3048
1626626 1103492 0.3756
1103492 7537 0.2616
7537 393144 0.3906
393144 1626624 0.2964
1626624 7536 0.4002
7531 1103443 0.6336
1103443 1103444 0.4536
1103444 1044296 0.288
1044296 7539 0.3546
7539 1103445 0.2856
1103445 1044297 0.2754
1044297 7540 0.3168
7540 1044298 0.27
1044298 7535 0.642
7535 1103446 0.6036
1103446 1103447 0.474
1103447 1103448 2.3886
1103448 1673614 1.0458
1673614 1673615 0.7338
1673615 7532 2.0988
7536 393145 0.9744
8654 1076849 2.3418
1076849 8654 2.3418
35653 1704805 1.398
1704805 1704800 0.5232
1704800 1735625 0.3732
1735625 1704804 0.9648
25287 117389 0.4612
117389 25287 0.4612
117389 1879640 0.3085
1879640 117389 0.3085
8670 8673 1.2251
8386 9428 1.0228
9428 1740118 0.7924
1740118 342790 0.6894
344500 1322431 1.823
1322431 8674 1.3514
2929 995607 0.337
995607 2929 0.337
995607 213074 0.1382
213074 995607 0.1382
213074 35438 0.5501
35438 213074 0.5501
145466 8681 0.8964
8681 145466 0.8964
44256 582403 0.3857
582403 44256 0.3857
582403 327082 0.3322
327082 582403 0.3322
327082 1057568 3.1047
1057568 327082 3.1047
8681 336918 0.5405
336918 365537 0.4438
365537 145465 0.4675
145465 72928 0.6886
72928 692619 0.8244
8682 301989 2.727
301989 336919 2.115
336919 145466 1.6425
406133 227635 4.158
227635 406133 4.158
227635 227649 1.9572
227649 227635 1.9572
8880 1177259 0.6614
1177259 8880 0.6614
1177259 8881 0.3219
8881 1177259 0.3219
8889 1534496 0.828
1534496 8889 0.828
1534496 819818 3.3102
819818 1534496 3.3102
819818 425179 0.6988
425179 819818 0.6988
170990 618975 5.9544
618975 170990 5.9544
618975 293551 1.9728
293551 618975 1.9728
30576 200958 2.6514
8650 308785 0.6773
308785 8650 0.6773
308785 373917 2.1471
373917 308785 2.1471
373917 308786 1.1361
308786 373917 1.1361
1883502 129913 0.7626
129913 1883502 0.7626
129913 364806 0.4998
364806 129913 0.4998
364806 1787141 0.2286
1787141 364806 0.2286
9427 1771216 1.1268
1771216 9427 1.1268
1771216 1771366 2.3544
1771366 1771216 2.3544
1771366 382024 3.93
382024 1771366 3.93
382024 1812210 2.556
1812210 382024 2.556
1812210 144653 0.8232
144653 1812210 0.8232
144653 1879937 1.6764
1879937 144653 1.6764
825546 1764507 0.477
1764507 825546 0.477
1764507 607778 9.1827
607778 1764507 9.1827
607778 118104 1.4193
118104 607778 1.4193
1832432 355623 2.4588
355623 1832432 2.4588
355623 1367344 3.6552
1367344 355623 3.6552
1367344 1863172 1.554
1863172 1367344 1.554
1863172 9433 0.9612
9433 1863172 0.9612
1832426 355633 2.544
355633 1832426 2.544
355633 1367314 3.4464
1367314 355633 3.4464
1367314 607780 1.7076
607780 1367314 1.7076
607780 9434 0.984
9434 607780 0.984
10132 1472720 4.1856
1472720 505965 7.3656
505965 505981 4.9644
505981 10487 2.832
10487 505984 2.52
505984 1472722 1.4544
1472722 1114709 1.1082
1114709 182458 15.0762
182458 1421579 2.4252
1421579 10488 0.3312
10488 505986 2.9808
505986 505977 1.7094
505977 10489 1.2354
10489 505975 0.9096
505975 505988 0.9492
505988 38239 0.861
10133 1472718 1.6139
1472718 1190985 4.0752
1190985 325178 7.3904
325178 10132 7.5802
11732 38237 0.4748
38237 995473 0.1742
995473 1166899 0.247
5633 1193972 0.5868
1193972 1193969 0.2974
1193969 35938 0.2585
35938 37341 0.2905
37341 1193970 0.2945
1193970 614933 0.2923
614933 1193971 0.2189
1193971 5636 0.2182
5636 5635 1.2568
10135 10136 5.432
582441 364766 1.4808
364766 582441 1.4808
364766 582416 1.3836
582416 364766 1.3836
582416 144603 1.206
144603 582416 1.206
144603 364776 3.4512
364776 144603 3.4512
364776 592946 0.7716
592946 364776 0.7716
592946 1876916 1.7964
1876916 592946 1.7964
1876916 9424 1.5192
9424 1876916 1.5192
9424 592955 1.2036
592955 9424 1.2036
592955 1876915 0.3396
1876915 592955 0.3396
1876915 9425 7.9356
9425 1876915 7.9356
9425 364811 4.1256
364811 9425 4.1256
364811 582419 3.8124
582419 364811 3.8124
582419 44112 1.4508
44112 582419 1.4508
44112 364829 1.3152
364829 44112 1.3152
364829 364847 11.1696
364847 364829 11.1696
364847 364851 3.948
364851 364847 3.948
364851 263020 9.1416
263020 364851 9.1416
263020 664193 0.6348
664193 263020 0.6348
664193 1804560 9.8664
1804560 664193 9.8664
1804560 1731420 0.6552
1731420 1804560 0.6552
1731420 1080351 0.4404
1080351 1731420 0.4404
1080351 144654 2.1108
144654 1080351 2.1108
144654 9427 1.2084
9427 144654 1.2084
9427 127145 2.706
127145 9427 2.706
10420 1058328 1.7424
1058328 10420 1.7424
1058328 466556 3.8976
466556 1058328 3.8976
466556 466561 7.6812
466561 466556 7.6812
466561 1058339 2.4576
1058339 466561 2.4576
1885346 466555 0.252
466555 1885346 0.252
466555 404272 0.8754
404272 466555 0.8754
404272 404307 1.5096
404307 404272 1.5096
404307 1763307 0.159
1763307 404307 0.159
1763307 1763467 2.664
1763467 1763307 2.664
1763467 1763298 0.93
1763298 1763467 0.93
1763298 1763297 0.8226
1763297 1763298 0.8226
1763297 466837 1.5156
466837 1763297 1.5156
25279 503485 0.8271
503485 25279 0.8271
503485 404280 5.1543
404280 503485 5.1543
404280 404229 6.1974
404229 404280 6.1974
404229 1734967 1.1259
1734967 404229 1.1259
1734967 1734966 4.6566
1734966 1734967 4.6566
1734966 10421 1.9134
10421 1734966 1.9134
10421 604818 10.692
604818 10421 10.692
604818 10422 1.8909
10422 604818 1.8909
10422 117388 2.562
117388 10422 2.562
117388 1880655 0.7032
1880655 117388 0.7032
117393 695615 10.0524
695615 117393 10.0524
695615 499857 8.718
499857 695615 8.718
499857 499856 6.7176
499856 499857 6.7176
499856 1478077 8.4168
1478077 499856 8.4168
1478077 761198 0.5388
761198 1478077 0.5388
761198 205298 10.6596
205298 761198 10.6596
205298 1578591 3.144
1578591 205298 3.144
1578591 1735863 0.5496
1735863 1578591 0.5496
1735863 141953 14.9676
141953 1735863 14.9676
141953 1359697 0.9924
1359697 141953 0.9924
1359697 228221 29.454
228221 1359697 29.454
10424 118505 1.356
118505 10424 1.356
118505 228203 6.4068
228203 118505 6.4068
228203 1956649 4.8228
1956649 228203 4.8228
1956649 111724 6.5832
111724 1956649 6.5832
111724 193439 6.48
193439 111724 6.48
193439 105644 5.8236
105644 193439 5.8236
10425 144732 3.1524
144732 10425 3.1524
144732 25276 1.5612
25276 144732 1.5612
10425 109085 1.1424
109085 10425 1.1424
109085 106112 0.8208
106112 109085 0.8208
10447 8680 1.656
1193981 580985 1.1865
580985 10447 2.7869
1876332 692673 3.393
692673 1057614 8.262
1057614 1057620 6.1452
1057620 1513440 1.4148
2015285 58976 3.8639
58976 1989282 0.4032
1989282 1029554 0.3334
1029554 131197 1.6103
131197 119995 2.0815
119995 1190923 3.4614
1190923 1190924 1.4515
1190924 1190925 1.1056
1190925 10478 0.8294
10478 1190979 0.9198
1190979 1190926 1.098
1190926 58980 2.142
58980 10479 1.7964
11211 1200093 0.4392
1200093 1200088 0.2326
1200088 456048 0.2311
456048 1200087 0.2466
1200087 11212 0.3056
1707394 1901243 0.769
1901243 1707394 0.769
1901243 135894 0.5429
135894 1901243 0.5429
135894 409627 1.5548
409627 135894 1.5548
409627 1168466 1.723
1168466 409627 1.723
1168466 39979 0.5119
39979 1168466 0.5119
39979 271422 2.9408
271422 39979 2.9408
271422 271418 1.9444
271418 271422 1.9444
271418 49937 1.2398
49937 271418 1.2398
49937 1907279 0.176
1907279 49937 0.176
1907279 49940 3.8992
49940 1907279 3.8992
49940 294259 0.2808
294259 49940 0.2808
294259 1192664 0.2556
1192664 294259 0.2556
1192664 49939 3.1691
49939 1192664 3.1691
49939 1025129 3.3656
1025129 49939 3.3656
1168231 1168230 0.6876
1168230 1916620 1.346
1916620 39978 0.0821
39978 1168825 0.3607
1168825 11219 0.3892
36172 555821 6.0818
23724 655875 1.0289
655875 327462 0.3935
327462 655874 0.189
655874 599723 0.1606
599723 655872 0.2095
655872 425407 0.238
425407 798341 0.1627
798341 655868 0.2045
655868 655319 1.2316
655319 1717225 1.3651
1717225 1981452 1.9508
1981452 1826120 0.5054
1826120 1981451 0.7243
1981451 264868 0.3802
264868 643138 0.9191
11434 254065 0.5806
254065 299466 2.2505
299466 250597 0.235
250597 11455 4.2747
11455 1981912 2.4629
1981912 11455 2.4629
1981912 1181411 0.8902
1181411 1981912 0.8902
1181411 1789154 1.3094
1789154 1181411 1.3094
1789154 254049 0.4747
254049 1789154 0.4747
254049 11435 0.6789
11435 254049 0.6789
272224 1173787 2.5848
1173787 272224 2.5848
1173787 1195373 0.8712
1195373 1173787 0.8712
1195373 94185 1.0152
94185 1195373 1.0152
94185 1195374 6.8904
1195374 94185 6.8904
1195374 1195372 3.3012
1195372 1195374 3.3012
1195372 1173786 2.5488
1173786 1195372 2.5488
1173786 94186 1.9548
94186 1173786 1.9548
94186 272225 9.2916
272225 94186 9.2916
272225 1907288 16.5132
1907288 272225 16.5132
1907288 94187 6.1164
94187 1907288 6.1164
454290 1200187 0.1914
1200187 454290 0.1914
1167541 316149 4.9152
316149 1167541 4.9152
316149 409625 3.7428
409625 316149 3.7428
409625 316168 2.9964
316168 409625 2.9964
316168 1060368 0.45
1060368 316168 0.45
1060368 1277448 3.6864
1277448 1060368 3.6864
1277448 316163 0.5736
316163 1277448 0.5736
316163 316156 4.3404
316156 316163 4.3404
316156 1940261 3.72
1940261 316156 3.72
1789155 39739 0.441
39739 1789155 0.441
39739 1277451 2.907
1277451 39739 2.907
1277451 11482 0.5067
11482 1277451 0.5067
11482 1172139 1.2492
1172139 11482 1.2492
1172139 11713 0.7839
11713 1172139 0.7839
11713 1924500 0.5499
1924500 11713 0.5499
1924500 1919689 0.6714
1919689 1924500 0.6714
1919689 11712 6.2001
11712 1919689 6.2001
36692 450042 0.1615
450042 36692 0.1615
450042 11709 0.2067
11709 450042 0.2067
11709 450043 0.1795
450043 11709 0.1795
450043 224572 0.1656
224572 450043 0.1656
224572 1176577 3.2498
1176577 224572 3.2498
1176577 2010296 0.5271
2010296 1176577 0.5271
2010296 321476 0.881
321476 2010296 0.881
321476 440544 0.4983
440544 321476 0.4983
440544 96208 4.1477
96208 440544 4.1477
96208 294236 1.1947
294236 96208 1.1947
294236 1176551 2.556
1176551 294236 2.556
1176551 11710 1.2255
11710 1176551 1.2255
11710 11711 1.4112
11711 11710 1.4112
11711 233081 4.3123
233081 11711 4.3123
233081 1478607 1.493
1478607 233081 1.493
1478607 1993275 2.3945
1993275 1478607 2.3945
11433 1200098 0.639
1200098 1200099 0.4741
1200099 11212 0.5648
11211 1200092 0.4219
1200092 456047 0.2405
456047 1200086 0.338
1200086 1200100 0.3208
1200100 11433 0.5191
11206 1200078 0.3557
1200078 1200102 0.1022
1200102 1200080 0.1422
1200080 456051 0.1314
456051 1200101 0.2531
1200101 11207 0.3118
11213 1200077 1.444
1200077 11206 0.3398
11716 1195366 0.5537
1195366 1200096 0.4003
1200096 1787830 0.3334
1787830 11214 0.3503
11695 358330 1.2261
358330 1200085 0.5657
1200085 11210 0.9771
11209 294258 0.5775
294258 1200082 0.3914
1200082 1200091 0.2983
1200091 11695 0.4145
