59421
1065 1066 0.9263
1066 1065 0.9263
2090 1307866 0.5766
1307866 2090 0.5766
1307866 1307867 0.8976
1307867 1307866 0.8976
1307867 1307868 0.1236
1307868 1307867 0.1236
1307868 14267 2.4402
14267 1307868 2.4402
1178634 1178632 5.4942
1178632 407854 12.3888
407854 1070893 1.6842
1070893 1070895 1.4436
1070895 1070894 1.5126
1070894 1267 1.8234
1267 407855 1.4022
407855 1171258 1.5132
1171258 936042 1.7664
936042 936043 2.0316
936043 936044 2.3316
548124 63052 0.5346
63052 1244393 8.2917
1244393 1109655 0.6651
1109655 1793612 2.1492
1793612 863188 6.0435
863188 1395 0.9306
1178663 1387773 6.0444
1387773 684091 3.582
684091 1796294 3.0204
1796294 89261 3.0708
89261 89264 1.3206
89264 1340135 5.0478
1340135 1340136 1.8996
1340136 1340137 1.4028
1340137 1417 1.2972
1061 325080 2.502
325080 1061 2.502
325080 326317 0.7662
326317 325080 0.7662
326317 325103 0.4446
325103 326317 0.4446
325103 1808810 1.2192
1808810 325103 1.2192
1808810 1710004 0.6882
1710004 1808810 0.6882
1710004 326208 0.8562
326208 1710004 0.8562
326208 748772 0.6504
748772 326208 0.6504
748772 2134 1.035
2134 748772 1.035
2134 1049594 0.552
1049594 2134 0.552
1049594 1710007 0.705
1710007 1049594 0.705
1710007 323622 2.5908
323622 1710007 2.5908
323622 323585 2.4768
323585 323622 2.4768
323585 993297 1.5402
993297 323585 1.5402
993297 2140 0.4308
2140 993297 0.4308
2140 323618 2.7684
323618 2140 2.7684
323618 323584 1.8108
323584 323618 1.8108
323584 1030115 0.7608
1030115 323584 0.7608
1030115 323583 0.9024
323583 1030115 0.9024
323583 1064 1.3518
1064 323583 1.3518
1758 1592 2.1888
1592 863190 1.0638
863190 548125 8.2152
548125 1789295 7.0803
1789295 548120 1.3662
548120 548123 1.0296
548123 548121 1.0332
548121 1108387 8.64
1145057 409941 1.0326
409941 1145057 1.0326
409941 409943 0.6294
409943 409941 0.6294
409943 326898 0.6618
326898 409943 0.6618
326898 325765 0.258
325765 326898 0.258
325765 15631 1.8744
15631 325765 1.8744
15631 326579 2.3178
326579 15631 2.3178
326579 1192227 1.3026
1192227 326579 1.3026
1192227 326557 1.5144
326557 1192227 1.5144
326557 325763 1.329
325763 326557 1.329
325763 326555 0.8226
326555 325763 0.8226
326555 15634 2.0106
15634 326555 2.0106
15634 1192245 2.6232
1192245 15634 2.6232
1192245 326561 0.8724
326561 1192245 0.8724
326561 307165 3.0462
307165 326561 3.0462
307165 323658 1.623
323658 307165 1.623
323658 9 0.7062
9 323658 0.7062
8 1299590 0.2826
1299590 8 0.2826
1299590 1299589 0.2892
1299589 1299590 0.2892
1299589 307235 0.3474
307235 1299589 0.3474
307235 1076372 4.3884
1076372 307235 4.3884
1076372 10 3.5496
10 1076372 3.5496
1752 571594 1.4856
1756 1244388 0.3769
1244388 1109625 2.0462
1109625 1109626 0.419
1109626 752312 2.3238
752312 1244384 0.2516
1244384 863192 2.4142
863192 1757 0.2866
1760 855232 0.4779
855232 1760 0.4779
855232 1109529 0.4617
1109529 855232 0.4617
2015173 1109529 1.1475
1109529 2015173 1.1475
2089 263050 0.6846
263050 2089 0.6846
263050 263047 5.1096
263047 263050 5.1096
263047 1766227 0.2904
1766227 263047 0.2904
1766227 2090 0.4296
2090 1766227 0.4296
322906 2015179 1.881
2015179 322906 1.881
2138 324979 0.7836
324979 325111 1.6386
325111 323286 0.9588
323286 410015 2.7108
410015 326203 0.3456
326203 1182328 1.4262
1182328 2137 0.3444
2137 327695 0.5256
327695 1092328 0.5052
1092328 1092327 0.7794
1092327 325104 1.947
325104 1315863 2.703
2015203 1361883 0.4839
1361883 1361880 0.5467
3674 571577 0.7699
965611 2015221 0.7946
2015221 965611 0.7946
965611 313459 1.314
313459 965611 1.314
313459 326179 0.252
326179 313459 0.252
326179 965612 1.3665
965612 326179 1.3665
5728 558211 0.6753
558211 1694273 4.7546
2142 314179 1.3302
314179 2142 1.3302
314179 306734 3.0228
306734 314179 3.0228
306734 56601 4.1862
56601 306734 4.1862
56601 56599 2.298
56599 56601 2.298
5733 1030989 0.5772
1030989 5733 0.5772
1030989 1030988 0.4656
1030988 1030989 0.4656
1030988 263066 0.6528
263066 1030988 0.6528
263066 263063 2.667
263063 263066 2.667
263063 263059 1.2744
263059 263063 1.2744
263059 1164636 1.1076
1164636 263059 1.1076
1164636 1061 0.801
1061 1164636 0.801
169636 138721 1.0953
138721 169636 1.0953
138721 298867 2.2302
298867 138721 2.2302
298867 298853 1.5129
298853 298867 1.5129
298853 298813 1.2573
298813 298853 1.2573
298813 298735 1.2366
298735 298813 1.2366
298735 298679 1.6686
298679 298735 1.6686
298679 298844 2.3499
298844 298679 2.3499
298844 298792 2.9565
298792 298844 2.9565
6956 444006 1.908
444006 6956 1.908
444006 326546 0.2184
326546 444006 0.2184
326546 326551 5.2914
326551 326546 5.2914
326551 1905046 3.6594
1905046 326551 3.6594
1905046 11 0.5382
11 1905046 0.5382
6956 155895 0.7812
155895 6956 0.7812
155895 326547 0.3355
326547 155895 0.3355
326547 155874 0.4378
155874 326547 0.4378
155874 155945 0.864
155945 155874 0.864
155945 155927 0.8906
155927 155945 0.8906
155927 444007 4.3308
444007 155927 4.3308
444007 155858 1.3147
155858 444007 1.3147
155858 155911 0.99
155911 155858 0.99
155911 6957 1.0339
6957 155911 1.0339
6957 260106 5.4007
260106 6957 5.4007
260106 6958 0.3715
6958 260106 0.3715
6958 326559 0.2304
326559 6958 0.2304
6959 732582 2.6892
732582 6959 2.6892
732582 6960 49.6044
6960 732582 49.6044
6961 475470 0.7158
475470 6961 0.7158
475470 812052 1.632
812052 475470 1.632
812052 1771716 1.3422
1771716 812052 1.3422
1771716 313691 3.468
313691 1771716 3.468
313691 138712 0.2862
138712 313691 0.2862
1412 327134 0.696
327134 1412 0.696
327134 15359 0.6894
15359 327134 0.6894
15359 327121 0.702
327121 15359 0.702
327121 327203 0.7368
327203 327121 0.7368
327203 327170 0.6546
327170 327203 0.6546
327170 327141 1.3458
327141 327170 1.3458
327141 327107 1.1514
327107 327141 1.1514
327107 327190 1.3446
327190 327107 1.3446
327190 327124 2.868
327124 327190 2.868
327124 1413 2.829
1413 327124 2.829
1413 542145 13.767
542145 1413 13.767
542145 976100 0.486
976100 542145 0.486
976100 1795836 1.335
1795836 976100 1.335
1411 1412 2.8674
1412 1411 2.8674
12697 12696 25.992
12696 12697 25.992
23265 23264 2.965
23264 23265 2.965
23264 470779 1.8014
470779 23264 1.8014
470779 132054 2.4271
132054 470779 2.4271
132054 470765 1.5178
470765 132054 1.5178
470765 130728 6.6146
130728 470765 6.6146
130728 1787809 0.3298
1787809 130728 0.3298
1787809 1787808 1.1066
1787808 1787809 1.1066
1787808 470746 0.301
470746 1787808 0.301
470746 1451884 10.9663
1451884 470746 10.9663
1451884 1787810 0.3895
1787810 1451884 0.3895
1787810 327188 0.3895
327188 1787810 0.3895
327188 1567435 1.0714
1567435 327188 1.0714
131975 131974 17.2548
131974 131975 17.2548
12709 1780150 1.1352
1780150 12709 1.1352
1780150 1787766 1.3956
1787766 1780150 1.3956
1787766 1753191 27.7968
1753191 1787766 27.7968
1753191 1787767 4.8744
1787767 1753191 4.8744
1787767 12704 3.4776
12704 1787767 3.4776
131890 12717 27.564
12717 131890 27.564
12717 12710 38.0052
12710 12717 38.0052
12710 12705 38.8248
12705 12710 38.8248
12712 298540 0.8393
298540 12712 0.8393
298540 12711 15.8441
12711 298540 15.8441
12711 382851 8.479
382851 12711 8.479
382851 382850 5.4987
382850 382851 5.4987
382850 1693663 2.1677
1693663 382850 2.1677
1693663 1405 0.6861
1405 1693663 0.6861
131968 1932374 15.4464
1932374 131968 15.4464
1932374 131967 5.6376
131967 1932374 5.6376
131967 1932376 35.9388
1932376 131967 35.9388
1932376 12713 2.7372
12713 1932376 2.7372
12713 1932371 1.9992
1932371 12713 1.9992
1932371 12706 35.9616
12706 1932371 35.9616
12706 12701 38.9304
12701 12706 38.9304
131964 131958 16.938
131958 131964 16.938
131958 12714 38.268
12714 131958 38.268
12714 12707 38.076
12707 12714 38.076
12707 12702 38.8476
12702 12707 38.8476
1927333 1927334 2.0484
1927334 1927333 2.0484
1927334 1927336 10.0008
1927336 1927334 10.0008
1927336 1927337 7.0632
1927337 1927336 7.0632
1927337 1927338 2.4804
1927338 1927337 2.4804
1927338 1927339 17.4564
1927339 1927338 17.4564
1927339 1927340 7.3188
1927340 1927339 7.3188
1927340 131961 3.4452
131961 1927340 3.4452
131961 1927335 2.556
1927335 131961 2.556
131966 402589 25.2684
402589 131966 25.2684
402589 524080 13.6512
524080 402589 13.6512
524080 1407 1.5312
1407 524080 1.5312
382834 382835 1.8384
382835 382834 1.8384
382835 382837 4.4076
382837 382835 4.4076
382837 131870 2.1204
131870 382837 2.1204
131870 1418261 1.5132
1418261 131870 1.5132
1418261 298536 4.4568
298536 1418261 4.4568
298536 298532 19.8576
298532 298536 19.8576
298532 131871 5.6712
131871 298532 5.6712
131871 1693669 12.9312
1693669 131871 12.9312
1693669 1418260 1.0416
1418260 1693669 1.0416
1418260 131882 0.7128
131882 1418260 0.7128
131882 1693670 1.0692
1693670 131882 1.0692
1693670 1693671 6.9996
1693671 1693670 6.9996
1693671 131878 1.4364
131878 1693671 1.4364
131878 298531 2.586
298531 131878 2.586
298531 524071 2.6052
524071 298531 2.6052
524071 298535 2.0988
298535 524071 2.0988
298535 12711 7.7412
12711 298535 7.7412
1399 503691 0.8489
503691 1399 0.8489
503691 1125034 0.7459
1125034 503691 0.7459
1398 1399 2.3976
1399 1398 2.3976
12719 1464056 85.7952
1464056 12719 85.7952
1464056 1797176 35.9784
1797176 1464056 35.9784
227031 1057655 6.66
1057655 227031 6.66
1057655 1960422 5.0184
1960422 1057655 5.0184
1960422 12722 103.212
12722 1960422 103.212
817526 817525 7.6464
817525 817526 7.6464
817525 817524 19.1304
817524 817525 19.1304
817524 817516 16.0236
817516 817524 16.0236
817516 817502 28.0944
817502 817516 28.0944
817502 817500 3.528
817500 817502 3.528
817500 14242 3.4236
14242 817500 3.4236
14242 817496 3.24
817496 14242 3.24
817496 14243 8.9028
14243 817496 8.9028
14243 817498 10.3788
817498 14243 10.3788
817498 817499 3.8736
817499 817498 3.8736
14244 1493922 2.5884
1493922 460961 3.4992
460961 14245 2.5668
14245 1146154 1.6668
1146154 997147 13.2048
997147 460956 2.0412
460956 14246 5.8716
1146151 1146152 4.0666
1146152 1146151 4.0666
1146152 14247 4.3776
14247 1146152 4.3776
14247 328135 8.6602
328135 14247 8.6602
328135 250245 13.9702
250245 328135 13.9702
250245 14248 1.0987
14248 250245 1.0987
14249 2015331 0.8382
2015331 14249 0.8382
14249 14251 3.3558
14251 14249 3.3558
14251 14252 5.5416
14252 14251 5.5416
14255 14256 4.3553
14256 14255 4.3553
14256 14257 1.6301
14257 14256 1.6301
14257 14258 1.0094
14258 14257 1.0094
14258 14259 0.9562
14259 14258 0.9562
14259 874792 1.2211
874792 14259 1.2211
14255 2015333 1.5702
2015333 14255 1.5702
565201 637788 1.8924
637788 565201 1.8924
1024604 1024603 2.826
1024603 1024604 2.826
1024603 1024602 0.8676
1024602 1024603 0.8676
1024602 1024601 1.2024
1024601 1024602 1.2024
1024601 442613 2.8908
442613 1024601 2.8908
442613 609558 2.5056
609558 442613 2.5056
609558 609557 28.188
609557 609558 28.188
609557 1025045 4.3632
1025045 609557 4.3632
1025045 609562 1.1484
609562 1025045 1.1484
609562 325782 2.7108
325782 609562 2.7108
325782 1182335 4.8024
1182335 325782 4.8024
1182335 14272 4.2768
14272 1182335 4.2768
14273 474799 21.6792
474799 14273 21.6792
474799 474803 10.0944
474803 474799 10.0944
474803 1044922 25.2
1044922 474803 25.2
1044922 1030930 26.3736
1030930 1044922 26.3736
1030930 1024600 20.8584
1024600 1030930 20.8584
1024600 1024597 10.8288
1024597 1024600 10.8288
1024597 1030928 2.5056
1030928 1024597 2.5056
1030928 1024595 2.3472
1024595 1030928 2.3472
1024595 1025044 67.032
1025044 1024595 67.032
1025044 1024594 4.968
1024594 1025044 4.968
1024594 1024598 9.4824
1024598 1024594 9.4824
1024598 1024604 21.4776
1024604 1024598 21.4776
1024604 325781 20.1312
325781 1024604 20.1312
14274 313182 1.332
313182 14274 1.332
313182 56542 1.7346
56542 313182 1.7346
56542 326303 1.9968
326303 56542 1.9968
326303 326301 2.5116
326301 326303 2.5116
326301 17478 0.6288
17478 326301 0.6288
17478 326307 1.7724
326307 17478 1.7724
326307 1292865 4.5264
1292865 326307 4.5264
1292865 1292859 0.8946
1292859 1292865 0.8946
1292859 14275 0.39
14275 1292859 0.39
14276 992416 1.0782
992416 14276 1.0782
992416 326300 3.0348
326300 992416 3.0348
326300 1030378 0.4608
1030378 326300 0.4608
1030378 325271 5.1192
325271 1030378 5.1192
325271 325268 7.2702
325268 325271 7.2702
325268 325269 7.155
325269 325268 7.155
325269 325270 7.443
325270 325269 7.443
325270 1292863 9.1512
1292863 325270 9.1512
1292863 14277 1.2456
14277 1292863 1.2456
89136 1975351 88.6896
1975351 89136 88.6896
1975351 89133 33.9336
89133 1975351 33.9336
2015339 1104242 0.7699
1104242 2015339 0.7699
15359 402488 10.6654
402488 15359 10.6654
402488 15360 3.9888
15360 402488 3.9888
316208 316209 18.3744
316209 316208 18.3744
316209 316211 8.3754
316211 316209 8.3754
316211 316214 8.1738
316214 316211 8.1738
316214 327051 1.0404
327051 316214 1.0404
327051 1172169 0.4338
1172169 327051 0.4338
1172169 316216 6.3414
316216 1172169 6.3414
316216 316217 8.1432
316217 316216 8.1432
316217 316232 7.2684
316232 316217 7.2684
316232 1031163 6.876
1031163 316232 6.876
1031163 316234 1.2078
316234 1031163 1.2078
316234 316230 4.6062
316230 316234 4.6062
316230 15629 1.3392
15629 316230 1.3392
117404 1186896 10.4454
1186896 117404 10.4454
1186896 15632 9.972
15632 1186896 9.972
15632 1179238 1.0908
1179238 15632 1.0908
1179238 1179220 1.224
1179220 1179238 1.224
1179220 326594 12.735
326594 1179220 12.735
326594 1179234 11.0952
1179234 326594 11.0952
1179234 15636 0.4986
15636 1179234 0.4986
15636 307184 9.045
307184 15636 9.045
307184 316760 8.406
316760 307184 8.406
316760 323656 7.6554
323656 316760 7.6554
323656 1179237 2.3274
1179237 323656 2.3274
15631 326744 2.406
326744 15631 2.406
326744 326899 1.854
326899 326744 1.854
326899 325766 3.1578
325766 326899 3.1578
325766 15633 2.5458
15633 325766 2.5458
15633 326587 2.6286
326587 15633 2.6286
326587 1518654 5.3886
1518654 326587 5.3886
1518654 1179219 0.4272
1179219 1518654 0.4272
1179219 15632 1.449
15632 1179219 1.449
15634 1192243 9.0468
1192243 15634 9.0468
1192243 1192232 0.9918
1192232 1192243 0.9918
1192232 1024856 0.6336
1024856 1192232 0.6336
1024856 326563 0.3348
326563 1024856 0.3348
326563 325762 3.9852
325762 326563 3.9852
325762 15635 11.4372
15635 325762 11.4372
15635 1179208 5.5458
1179208 15635 5.5458
1179208 325761 0.8334
325761 1179208 0.8334
325761 326590 11.5344
326590 325761 11.5344
326590 318245 5.8554
318245 326590 5.8554
318245 15636 5.9202
15636 318245 5.9202
1755 1580539 0.4104
1580539 1755 0.4104
1580539 1797175 2.7298
1797175 1580539 2.7298
1797175 752369 0.685
752369 1797175 0.685
752369 752321 1.7316
752321 752369 1.7316
752321 752371 0.5873
752371 752321 0.5873
752371 1591 0.5606
1591 752371 0.5606
1591 752320 2.5889
752320 1591 2.5889
752320 1108449 1.3356
1108449 752320 1.3356
1108449 1109411 0.6454
1109411 1108449 0.6454
1109411 1793773 0.6794
1793773 1109411 0.6794
1793773 1245662 2.2361
1245662 1793773 2.2361
1245662 1589 0.4618
1589 1245662 0.4618
16352 1895778 0.1527
1895778 16352 0.1527
1895778 1796664 0.0756
1796664 1895778 0.0756
1796664 1109036 1.0985
1109036 1796664 1.0985
1109036 1108423 3.7625
1108423 1109036 3.7625
1108423 1109035 0.8594
1109035 1108423 0.8594
1109035 1793771 3.5275
1793771 1109035 3.5275
1793771 1109034 0.8856
1109034 1793771 0.8856
1109034 752362 1.3207
752362 1109034 1.3207
752362 16351 0.3163
16351 752362 0.3163
810104 51535 3.5748
51535 810104 3.5748
51535 1109104 14.9364
1109104 51535 14.9364
1109104 51536 10.8252
51536 1109104 10.8252
51536 1075877 10.6812
1075877 51536 10.6812
1075877 51537 11.1312
51537 1075877 11.1312
51537 1109054 11.538
1109054 51537 11.538
1109054 1075878 38.4192
1075878 1109054 38.4192
1069696 1171297 1.6488
1171297 1069696 1.6488
1171297 17447 5.0076
17447 1171297 5.0076
17447 1171299 5.9508
1171299 17447 5.9508
1171299 773975 3.15
773975 1171299 3.15
773975 817436 2.9016
817436 773975 2.9016
817436 817437 5.0364
817437 817436 5.0364
1760 752000 12.2355
752000 1394 4.7331
17453 321839 30.132
321839 17453 30.132
321839 468569 2.1672
468569 321839 2.1672
468569 321845 1.6092
321845 468569 1.6092
17457 17456 1.65
17456 17457 1.65
17456 155872 1.3638
155872 17456 1.3638
155872 298863 1.2048
298863 155872 1.2048
298863 17458 1.167
17458 298863 1.167
17458 553821 0.9606
553821 17458 0.9606
553821 155943 0.5568
155943 553821 0.5568
155943 17459 1.3596
17459 155943 1.3596
17459 155880 1.329
155880 17459 1.329
155880 17460 0.7506
17460 155880 0.7506
17460 155894 0.72
155894 17460 0.72
155894 17461 1.2804
17461 155894 1.2804
17461 17462 3.417
17462 17461 3.417
1091897 1682302 0.24
1682302 1091897 0.24
1682302 1771744 0.771
1771744 1682302 0.771
1771744 327355 4.8822
327355 1771744 4.8822
327355 1292848 1.9998
1292848 327355 1.9998
1292848 298790 1.3746
298790 1292848 1.3746
298790 17472 3.858
17472 298790 3.858
17472 298839 2.7858
298839 17472 2.7858
298839 298779 0.9942
298779 298839 0.9942
298779 1096719 2.4654
1096719 298779 2.4654
1096719 1164637 1.6944
1164637 1096719 1.6944
1164637 327321 3.1674
327321 1164637 3.1674
327321 327325 1.284
327325 327321 1.284
327325 17473 3.4182
17473 327325 3.4182
17463 17464 6.12
17464 17463 6.12
17464 1338687 2.115
1338687 17464 2.115
1338687 17465 1.9056
17465 1338687 1.9056
17465 410033 4.1118
410033 17465 4.1118
410033 17466 7.7028
17466 410033 7.7028
17466 1338689 12.6156
1338689 17466 12.6156
1338689 17467 0.6192
17467 1338689 0.6192
17467 717558 1.1628
717558 17467 1.1628
717558 17468 0.4194
17468 717558 0.4194
17462 17463 5.1234
17463 17462 5.1234
754970 553816 15.9192
553816 754970 15.9192
553816 553812 24.3504
553812 553816 24.3504
553812 754983 35.7084
754983 553812 35.7084
754983 79075 4.4136
79075 754983 4.4136
79075 553811 42.84
553811 79075 42.84
17642 1036648 0.3533
1036648 17642 0.3533
17642 17650 7.266
17650 17642 7.266
17650 1859179 5.4834
1859179 17650 5.4834
1859179 17653 0.2904
17653 1859179 0.2904
17644 154622 13.4208
154622 17644 13.4208
154622 949346 5.8488
949346 154622 5.8488
949346 918074 7.2786
918074 949346 7.2786
918074 154624 0.1344
154624 918074 0.1344
154624 289521 6.3432
289521 154624 6.3432
289521 947356 1.5996
947356 289521 1.5996
947356 17643 7.533
17643 947356 7.533
17645 854885 5.0952
854885 17645 5.0952
854885 17644 5.076
17644 854885 5.076
17644 79073 5.5146
79073 17644 5.5146
79073 79072 5.652
79072 79073 5.652
79072 17648 4.3242
17648 79072 4.3242
17648 17651 1.5186
17651 17648 1.5186
17651 708887 7.2084
708887 17651 7.2084
708887 17646 0.1836
17646 708887 0.1836
17647 17649 11.0256
17649 17647 11.0256
17649 918200 7.9824
918200 17649 7.9824
918200 17648 9.3432
17648 918200 9.3432
1430 708886 1.7748
708886 1430 1.7748
708886 964605 49.14
964605 708886 49.14
964605 17649 2.664
17649 964605 2.664
17650 918076 0.3918
918076 17650 0.3918
918076 154625 14.8338
154625 918076 14.8338
154625 918070 0.1956
918070 154625 0.1956
918070 154627 13.2504
154627 918070 13.2504
154627 17651 13.2666
17651 154627 13.2666
79072 154639 13.3674
154639 79072 13.3674
154639 918071 13.1766
918071 154639 13.1766
918071 154623 0.1062
154623 918071 0.1062
154623 918077 14.8908
918077 154623 14.8908
918077 17653 0.4086
17653 918077 0.4086
17658 1597448 0.8016
1597448 17658 0.8016
1597448 17659 14.0382
17659 1597448 14.0382
17663 555060 9.3612
555060 17663 9.3612
555060 964328 5.3388
964328 555060 5.3388
964328 17664 8.4876
17664 964328 8.4876
17664 17654 2.8992
17654 17664 2.8992
17695 17703 20.5968
17703 17695 20.5968
17703 17716 12.7188
17716 17703 12.7188
17716 17665 6.72
17665 17716 6.72
17665 17699 5.2968
17699 17665 5.2968
17699 17671 6.696
17671 17699 6.696
17671 472840 3.6864
472840 17671 3.6864
472840 17672 3.486
17672 472840 3.486
17672 472841 3.042
472841 17672 3.042
472841 17673 3.0264
17673 472841 3.0264
17673 472843 3.2016
472843 17673 3.2016
472843 472845 1.5924
472845 472843 1.5924
472845 17674 1.4544
17674 472845 1.4544
17674 472846 2.0508
472846 17674 2.0508
472846 472844 2.0736
472844 472846 2.0736
472844 472842 2.82
472842 472844 2.82
472842 472485 2.8704
472485 472842 2.8704
472485 918067 9.2124
918067 472485 9.2124
918067 17675 1.6596
17675 918067 1.6596
1430 1053367 3.87
1053367 1430 3.87
17684 17690 3.4464
17690 17684 3.4464
17690 17691 37.7508
17691 17690 37.7508
17691 17692 10.1796
17692 17691 10.1796
17692 918217 0.7848
918217 17692 0.7848
918217 17693 4.2144
17693 918217 4.2144
17693 17694 11.3028
17694 17693 11.3028
17695 17696 0.7428
17696 17695 0.7428
17696 17709 20.3484
17709 17696 20.3484
17709 17697 13.2336
17697 17709 13.2336
17697 964767 13.05
964767 17697 13.05
964767 17698 14.0784
17698 964767 14.0784
17698 17694 7.8564
17694 17698 7.8564
17671 17700 12.4284
17700 17671 12.4284
17700 918066 23.8128
918066 17700 23.8128
918066 976798 0.3396
976798 918066 0.3396
976798 17701 1.2492
17701 976798 1.2492
17702 976797 1.0536
976797 17702 1.0536
976797 918065 0.3348
918065 976797 0.3348
918065 17703 38.1108
17703 918065 38.1108
17704 976796 1.0944
976796 17704 1.0944
976796 918064 0.3144
918064 976796 0.3144
918064 918219 11.562
918219 918064 11.562
918219 17695 26.664
17695 918219 26.664
17696 977101 1.3968
977101 17696 1.3968
977101 977098 0.6096
977098 977101 0.6096
977098 1804111 8.9496
1804111 977098 8.9496
1804111 1804112 7.3728
1804112 1804111 7.3728
1804112 17705 9.7272
17705 1804112 9.7272
17705 1804110 2.9016
1804110 17705 2.9016
1804110 1804109 4.4016
1804109 1804110 4.4016
1804109 17706 9.3012
17706 1804109 9.3012
17706 17707 11.6556
17707 17706 11.6556
17707 1804099 5.79
1804099 17707 5.79
1804099 1058430 12.3252
1058430 1804099 12.3252
17665 17708 7.0968
17708 17665 7.0968
17708 17709 24.672
17709 17708 24.672
17709 17710 13.8036
17710 17709 13.8036
17710 1804108 10.9152
1804108 17710 10.9152
1804108 17711 9.9624
17711 1804108 9.9624
17711 17712 13.0332
17712 17711 13.0332
17712 17713 11.694
17713 17712 11.694
17713 1804096 0.6408
1804096 17713 0.6408
1804096 1804095 0.7704
1804095 1804096 0.7704
1804095 17714 0.7944
17714 1804095 0.7944
17714 17715 10.2408
17715 17714 10.2408
17708 17716 8.8452
17716 17708 8.8452
169650 2015363 1.2759
2015363 169650 1.2759
823652 330168 4.638
330168 823652 4.638
330168 823658 1.338
823658 330168 1.338
823658 823659 1.1256
823659 823658 1.1256
823659 330164 1.212
330164 823659 1.212
330164 823660 1.0332
823660 330164 1.0332
823660 823661 1.2324
823661 823660 1.2324
823661 330156 1.6152
330156 823661 1.6152
330156 344282 9.858
344282 330156 9.858
344282 823662 1.3284
823662 344282 1.3284
823662 24201 0.9948
24201 823662 0.9948
1108399 1108400 1.4112
1108400 753948 3.9739
753948 753958 4.4825
753958 863193 1.5321
863193 1592 0.3276
1108399 1344226 1.7388
1344226 1108399 1.7388
1344226 1110283 1.0301
1110283 1344226 1.0301
119896 976105 0.7755
976105 119896 0.7755
976105 823570 3.6057
823570 976105 3.6057
823570 823572 3.9718
823572 823570 3.9718
823572 1245763 0.9149
1245763 823572 0.9149
1245763 1764 1.1633
1764 1245763 1.1633
1764 823573 1.2117
823573 1764 1.2117
823573 823574 0.9355
823574 823573 0.9355
823574 1247909 4.59
1247909 823574 4.59
1247909 119901 5.2195
119901 1247909 5.2195
119901 823577 7.2139
823577 119901 7.2139
823577 823579 1.4256
823579 823577 1.4256
823579 1348345 2.0345
1348345 823579 2.0345
1348345 823580 1.3644
823580 1348345 1.3644
823580 119890 0.3965
119890 823580 0.3965
119890 823581 1.1988
823581 119890 1.1988
823581 1765 0.9674
1765 823581 0.9674
1765 1790173 1.53
1790173 1765 1.53
1790173 1790175 3.7975
1790175 1790173 3.7975
1790175 1790174 0.5215
1790174 1790175 0.5215
1790174 119892 5.0909
119892 1790174 5.0909
119892 1790172 6.7865
1790172 119892 6.7865
1790172 976106 0.5513
976106 1790172 0.5513
976106 119879 1.7249
119879 976106 1.7249
119879 1791197 1.0959
1791197 119879 1.0959
1791197 1766 7.2375
1766 1791197 7.2375
1766 976107 0.2181
976107 1766 0.2181
976107 27225 0.7802
27225 976107 0.7802
5733 1030993 2.358
1030993 5733 2.358
1030993 992426 6.0804
992426 1030993 6.0804
992426 1031000 20.1636
1031000 992426 20.1636
1031000 1031001 10.8252
1031001 1031000 10.8252
1031001 31842 18.6048
31842 1031001 18.6048
31842 263076 5.0652
263076 31842 5.0652
263076 31843 8.9136
31843 263076 8.9136
31843 31844 14.9868
31844 31843 14.9868
1030987 263060 97.3512
263060 1030987 97.3512
263060 442673 5.8968
442673 263060 5.8968
442673 263064 34.9416
263064 442673 34.9416
263064 31846 4.9608
31846 263064 4.9608
32608 155847 4.4352
155847 32608 4.4352
155847 474811 0.6156
474811 155847 0.6156
474811 320466 9.072
320466 474811 9.072
320466 32609 10.8864
32609 320466 10.8864
313155 313151 34.9416
313151 313155 34.9416
313151 320450 32.1912
320450 313151 32.1912
320450 32613 28.6848
32613 320450 28.6848
32615 320434 68.4864
320434 32615 68.4864
320434 313150 27.5976
313150 320434 27.5976
313150 313153 8.208
313153 313150 8.208
32616 313277 26.1288
313277 32616 26.1288
32617 313154 53.3304
313154 32617 53.3304
313154 32614 74.9736
32614 313154 74.9736
32618 1182298 6.7104
1182298 32618 6.7104
1182298 1024849 11.0988
1024849 1182298 11.0988
1024849 1710017 9.9396
1710017 1024849 9.9396
1710017 1697748 0.936
1697748 1710017 0.936
1697748 32619 4.4208
32619 1697748 4.4208
40775 393117 1.6185
393117 393118 0.8774
393118 524680 0.8177
524680 1103413 0.7123
1103413 40776 0.5878
40776 27224 0.7575
27224 524682 1.1463
46923 1369284 44.6544
1369284 46923 44.6544
1369284 1098869 1.6776
1098869 1369284 1.6776
1098869 56571 1.854
56571 1098869 1.854
56571 46924 16.056
46924 56571 16.056
46924 46925 15.6132
46925 46924 15.6132
46925 56596 15.6384
56596 46925 15.6384
56596 46926 8.8524
46926 56596 8.8524
46926 46927 8.4672
46927 46926 8.4672
46927 307597 11.5128
307597 46927 11.5128
307597 46928 7.3368
46928 307597 7.3368
46929 1710016 29.538
1710016 46929 29.538
1710016 46925 6.678
46925 1710016 6.678
46930 1683436 28.98
1683436 46930 28.98
1683436 46924 7.056
46924 1683436 7.056
48226 307591 1.3392
307591 48226 1.3392
307591 1188689 5.0742
1188689 307591 5.0742
1188689 1190097 6.4944
1190097 1188689 6.4944
1190097 313692 0.9684
313692 1190097 0.9684
313692 1188686 1.1412
1188686 313692 1.1412
1188686 331100 5.7438
331100 1188686 5.7438
331100 1188697 6.579
1188697 331100 6.579
1188697 1188698 10.3356
1188698 1188697 10.3356
1188698 329063 2.4534
329063 1188698 2.4534
329063 331106 0.9558
331106 329063 0.9558
331106 56578 2.4102
56578 331106 2.4102
56578 56577 4.122
56577 56578 4.122
56577 316235 4.1454
316235 56577 4.1454
316235 56590 10.6938
56590 316235 10.6938
56590 56581 5.6574
56581 56590 5.6574
56581 126394 5.8662
126394 56581 5.8662
126394 48227 5.8608
48227 126394 5.8608
214546 1109473 1.9104
1109473 214546 1.9104
1109473 1109487 4.0332
1109487 1109473 4.0332
1109487 50033 7.5036
50033 1109487 7.5036
50033 1284460 1.9944
1284460 50033 1.9944
1284460 1109491 2.0256
1109491 1284460 2.0256
1109491 1284459 2.3148
1284459 1109491 2.3148
1284459 1109456 2.2056
1109456 1284459 2.2056
1109456 1109488 4.1808
1109488 1109456 4.1808
1109488 1109493 3.894
1109493 1109488 3.894
1109493 1109459 2.028
1109459 1109493 2.028
1109459 1109501 3.0504
1109501 1109459 3.0504
1109501 50034 3.2676
50034 1109501 3.2676
50044 636607 1.3692
636607 50044 1.3692
636607 50045 6.6408
50045 636607 6.6408
50045 50046 2.1972
50046 50045 2.1972
50046 50047 6.9228
50047 50046 6.9228
50047 1109194 2.1384
1109194 50047 2.1384
1109194 50048 1.9872
50048 1109194 1.9872
50612 1387748 23.5267
1387748 50612 23.5267
1387748 402632 3.2198
402632 1387748 3.2198
402632 1102362 2.6827
1102362 402632 2.6827
1102362 1102363 0.9036
1102363 1102362 0.9036
1102363 1102364 0.8302
1102364 1102363 0.8302
1102364 50614 0.4154
50614 1102364 0.4154
50614 1102365 0.4867
1102365 50614 0.4867
1102365 1102366 0.7682
1102366 1102365 0.7682
1102366 1387754 4.9118
1387754 1102366 4.9118
1387754 1387755 2.2334
1387755 1387754 2.2334
1108387 520832 2.1363
520832 874479 5.7672
874479 520831 1.5768
520831 51020 1.8411
27225 1251590 0.505
1251590 27225 0.505
1251590 823585 0.6012
823585 1251590 0.6012
823585 823586 3.817
823586 823585 3.817
823586 823587 1.9178
823587 823586 1.9178
823587 1242508 6.6538
1242508 823587 6.6538
1242508 119884 0.9288
119884 1242508 0.9288
119884 823594 9.9201
823594 119884 9.9201
823594 1767 1.1947
1767 823594 1.1947
1767 823597 1.3289
823597 1767 1.3289
823597 823598 1.3449
823598 823597 1.3449
823598 823599 0.8517
823599 823598 0.8517
823599 1768 1.891
1768 823599 1.891
1768 823601 1.0337
823601 1768 1.0337
823601 823602 0.8722
823602 823601 0.8722
823602 131780 1.224
131780 823602 1.224
131780 1769 1.4796
1769 131780 1.4796
1769 823605 2.1718
823605 1769 2.1718
823605 131781 1.5429
131781 823605 1.5429
131781 823606 1.8478
823606 131781 1.8478
823606 1770 1.7887
1770 823606 1.7887
1770 119886 3.6211
119886 1770 3.6211
119886 111716 3.5733
111716 119886 3.5733
817175 1109027 5.2596
1109027 817175 5.2596
1109027 1147863 4.446
1147863 1109027 4.446
1147863 1075854 3.0024
1075854 1147863 3.0024
1075854 51526 2.5956
51526 1075854 2.5956
51526 1109062 2.4228
1109062 51526 2.4228
1109062 817176 1.8954
817176 1109062 1.8954
817176 1109063 1.8414
1109063 817176 1.8414
1109063 1109064 3.6468
1109064 1109063 3.6468
1109064 1075872 2.3724
1075872 1109064 2.3724
1075872 1075855 5.0202
1075855 1075872 5.0202
1075855 1075858 6.4908
1075858 1075855 6.4908
1075858 823813 2.6838
823813 1075858 2.6838
823813 823814 2.5128
823814 823813 2.5128
817174 823812 3.7704
823812 817174 3.7704
823812 51527 14.586
51527 823812 14.586
51529 1147857 1.3272
1147857 51529 1.3272
1147857 1697461 6.2664
1697461 1147857 6.2664
1697461 1109111 18.174
1109111 1697461 18.174
1109111 51530 1.4652
51530 1109111 1.4652
1271446 1793766 1.1818
1793766 1271446 1.1818
1793766 1793767 0.63
1793767 1793766 0.63
1793767 1690820 0.2937
1690820 1793767 0.2937
1690820 1147852 4.9701
1147852 1690820 4.9701
1147852 1793768 0.1111
1793768 1147852 0.1111
1793768 51531 0.9375
51531 1793768 0.9375
51531 1147849 4.5782
1147849 51531 4.5782
1147849 51529 2.1446
51529 1147849 2.1446
51529 1147859 5.0863
1147859 51529 5.0863
1147859 1793769 0.3369
1793769 1147859 0.3369
1793769 1722966 0.8121
1722966 1793769 0.8121
1722966 51525 1.3392
51525 1722966 1.3392
51525 16357 0.9103
16357 51525 0.9103
16357 1793770 1.1669
1793770 16357 1.1669
1793770 817175 1.2441
817175 1793770 1.2441
817175 16358 6.3679
16358 817175 6.3679
16358 810098 0.6305
810098 16358 0.6305
1271449 1109127 7.5936
1109127 1271449 7.5936
1109127 1109118 4.2384
1109118 1109127 4.2384
1109118 51533 1.0272
51533 1109118 1.0272
51533 1109117 0.9552
1109117 51533 0.9552
1109117 1109115 0.9984
1109115 1109117 0.9984
1109115 1109150 2.1144
1109150 1109115 2.1144
1109150 1109116 6.3624
1109116 1109150 6.3624
1109116 1109114 0.6192
1109114 1109116 0.6192
1109114 1109113 0.6168
1109113 1109114 0.6168
1109113 1109112 1.602
1109112 1109113 1.602
1109112 1690743 1.3764
1690743 1109112 1.3764
1690743 51534 0.114
51534 1690743 0.114
51534 1697446 2.8056
1697446 51534 2.8056
1697446 1697459 1.1196
1697459 1697446 1.1196
1697459 1271451 0.402
1271451 1697459 0.402
1271451 1697444 9.1404
1697444 1271451 9.1404
55906 1787816 5.1458
1787816 55906 5.1458
1787816 699985 0.7232
699985 1787816 0.7232
699985 131969 1.0962
131969 699985 1.0962
131969 660163 0.2758
660163 131969 0.2758
660163 1787817 0.6552
1787817 660163 0.6552
1787817 699993 0.9162
699993 1787817 0.9162
699993 1409 1.9627
1409 699993 1.9627
1409 699995 0.5335
699995 1409 0.5335
699995 660172 0.3964
660172 699995 0.3964
660172 699998 0.4021
699998 660172 0.4021
699998 524116 0.4032
524116 699998 0.4032
524116 660174 0.3996
660174 524116 0.3996
660174 17452 0.418
17452 660174 0.418
17452 700000 5.2974
700000 17452 5.2974
700000 700001 2.6204
700001 700000 2.6204
700001 1614327 0.8478
1614327 700001 0.8478
1614327 1787815 0.6977
1787815 1614327 0.6977
1787815 524126 0.6332
524126 1787815 0.6332
524126 12700 0.1735
12700 524126 0.1735
12700 524127 0.342
524127 12700 0.342
524127 700002 1.2694
700002 524127 1.2694
700002 700003 1.2049
700003 700002 1.2049
700003 700004 1.9094
700004 700003 1.9094
700004 524128 0.2819
524128 700004 0.2819
524128 1410 0.3474
1410 524128 0.3474
1410 700005 0.2387
700005 1410 0.2387
700005 1567427 0.3758
1567427 700005 0.3758
1567427 524130 0.3845
524130 1567427 0.3845
524130 1787813 1.3255
1787813 524130 1.3255
1787813 1241250 0.8208
1241250 1787813 0.8208
1241250 1787814 0.7492
1787814 1241250 0.7492
1787814 528182 7.2871
528182 1787814 7.2871
528182 131981 2.3594
131981 528182 2.3594
131981 63282 1.3313
63282 131981 1.3313
1745792 1795846 0.5854
1795846 1745792 0.5854
1795846 1787823 8.9712
1787823 1795846 8.9712
1787823 1787821 0.284
1787821 1787823 0.284
1787821 1787822 0.2837
1787822 1787821 0.2837
1787822 12718 0.3661
12718 1787822 0.3661
817906 817907 4.3164
817907 817906 4.3164
817907 1964559 16.5276
1964559 817907 16.5276
1964559 1964544 1.7928
1964544 1964559 1.7928
1964544 56444 3.0168
56444 1964544 3.0168
17478 56544 12.8916
56544 17478 12.8916
56544 1096744 17.1792
1096744 56544 17.1792
1096744 56539 0.6408
56539 1096744 0.6408
56539 56538 29.8512
56538 56539 29.8512
56539 56540 15.7536
56540 56539 15.7536
56540 56541 29.3364
56541 56540 29.3364
56542 326304 12.8916
326304 56542 12.8916
326304 56545 17.9784
56545 326304 17.9784
56545 56543 29.808
56543 56545 29.808
56544 326304 30.618
326304 56544 30.618
56540 56545 30.0024
56545 56540 30.0024
56565 1855572 90.0
1855572 56565 90.0
1855572 1096740 31.248
1096740 1855572 31.248
1096740 56583 67.3704
56583 1096740 67.3704
56583 992418 161.6976
992418 56583 161.6976
992418 992419 3.1464
992419 992418 3.1464
992419 56564 3.4992
56564 992419 3.4992
56564 6942 19.1736
6942 56564 19.1736
6942 57016 5.1984
57016 6942 5.1984
57016 5734 5.7816
5734 57016 5.7816
56566 1141092 2.3112
1141092 56566 2.3112
1141092 1683435 2.772
1683435 1141092 2.772
1683435 56567 26.6004
56567 1683435 26.6004
1098872 1098867 10.3392
1098867 1098872 10.3392
1098867 1098868 16.8984
1098868 1098867 16.8984
1098868 1098866 15.6456
1098866 1098868 15.6456
1098866 56568 3.9816
56568 1098866 3.9816
56568 1098865 28.4472
1098865 56568 28.4472
1098865 56570 31.5504
56570 1098865 31.5504
56570 1098870 9.4824
1098870 56570 9.4824
1098870 56569 5.6376
56569 1098870 5.6376
56569 56567 11.2824
56567 56569 11.2824
56571 56572 13.2696
56572 56571 13.2696
56572 444508 8.9928
444508 56572 8.9928
444508 56573 4.428
56573 444508 4.428
56573 56574 18.0864
56574 56573 18.0864
56574 56575 19.5768
56575 56574 19.5768
56575 313694 2.1312
313694 56575 2.1312
313694 56576 16.2
56576 313694 16.2
56576 56577 51.264
56577 56576 51.264
56578 1015896 10.2348
1015896 56578 10.2348
1015896 1188699 1.6452
1188699 1015896 1.6452
1188699 331098 3.996
331098 1188699 3.996
331098 56579 8.1
56579 331098 8.1
56581 1154055 28.1052
1154055 56581 28.1052
1154055 1154054 1.8756
1154054 1154055 1.8756
1154054 56582 2.1204
56582 1154054 2.1204
56582 56605 17.9784
56605 56582 17.9784
56605 56603 16.1424
56603 56605 16.1424
56603 56583 13.0608
56583 56603 13.0608
56595 56596 35.0352
56596 56595 35.0352
56597 1098847 2.1204
1098847 56597 2.1204
1098847 56598 27.378
56598 1098847 27.378
56599 1098846 1.98
1098846 56599 1.98
1098846 56600 24.9696
56600 1098846 24.9696
56601 1098845 1.854
1098845 56601 1.854
1098845 1710018 1.5624
1710018 1098845 1.5624
1710018 56602 25.4484
56602 1710018 25.4484
56603 56604 74.2968
56604 56603 74.2968
56605 1154047 30.3804
1154047 56605 30.3804
1154047 56606 16.1784
56606 1154047 16.1784
56607 1254523 2.0376
1254523 56607 2.0376
1254523 323703 1.1412
323703 1254523 1.1412
323703 56608 1.944
56608 323703 1.944
56608 413646 2.6172
413646 56608 2.6172
413646 442937 2.376
442937 413646 2.376
442937 442256 1.2636
442256 442937 1.2636
442256 1499887 17.154
1499887 442256 17.154
1499887 56609 9.234
56609 1499887 9.234
571594 56654 3.7894
56654 571593 0.9821
571593 571592 0.6185
571592 975667 1.4234
975667 56655 4.3718
56655 571584 0.9173
571584 571582 0.8842
571582 571580 0.8114
571580 571581 0.5371
571581 571583 0.9281
571583 571585 0.918
571585 571586 1.1736
56582 1154048 30.24
1154048 56582 30.24
1154048 57002 3.2328
57002 1154048 3.2328
57002 1154053 1.4148
1154053 57002 1.4148
1154053 1154050 0.9576
1154050 1154053 0.9576
1154050 1154052 1.2636
1154052 1154050 1.2636
1154052 1154051 4.6476
1154051 1154052 4.6476
57009 1141083 2.1996
1141083 57009 2.1996
1141083 57008 10.296
57008 1141083 10.296
57008 57010 6.6312
57010 57008 6.6312
57011 1141086 2.4408
1141086 57011 2.4408
1141086 57010 18.81
57010 1141086 18.81
57010 57012 25.3656
57012 57010 25.3656
57007 1030135 27.99
1030135 57007 27.99
1030135 57014 8.5932
57014 1030135 8.5932
57014 326295 15.3792
326295 57014 15.3792
326295 1031007 20.0484
1031007 326295 20.0484
1031007 31844 1.9512
31844 1031007 1.9512
57013 57014 22.1544
57014 57013 22.1544
31844 1423996 32.148
1423996 31844 32.148
1423996 57015 19.098
57015 1423996 19.098
57015 169605 4.7412
169605 57015 4.7412
169605 992420 7.902
992420 169605 7.902
992420 57016 7.0308
57016 992420 7.0308
63052 1580521 0.909
1580521 63052 0.909
1580521 229949 4.3956
229949 1580521 4.3956
229949 63053 5.6178
63053 229949 5.6178
63053 2014965 3.9042
2014965 63053 3.9042
2014965 863181 3.285
863181 2014965 3.285
863181 63054 13.0788
63054 863181 13.0788
63054 863183 4.5234
863183 63054 4.5234
863183 552478 3.1914
552478 863183 3.1914
63055 229949 16.632
229949 63055 16.632
229949 2014966 3.8016
2014966 229949 3.8016
2014966 2014964 3.0636
2014964 2014966 3.0636
2014964 1109656 9.4842
1109656 2014964 9.4842
1403 1474324 1.3597
1474324 1403 1.3597
1474324 131865 1.1794
131865 1474324 1.1794
131865 298530 0.625
298530 131865 0.625
298530 1404 0.6048
1404 298530 0.6048
1404 298534 0.7798
298534 1404 0.7798
298534 131864 0.4507
131864 298534 0.4507
131864 131867 0.8899
131867 131864 0.8899
131867 131868 7.8062
131868 131867 7.8062
131868 548981 0.22
548981 131868 0.22
63281 16359 1.489
16359 63281 1.489
16359 17451 3.8012
17451 16359 3.8012
17451 1274958 4.8175
1274958 17451 4.8175
1274958 131862 1.5268
131862 1274958 1.5268
131862 1402 1.2503
1402 131862 1.2503
1402 382860 0.9878
382860 1402 0.9878
382860 131863 0.7639
131863 382860 0.7639
131863 1403 0.8179
1403 131863 0.8179
1415 1567432 1.8641
1567432 1415 1.8641
1567432 131979 4.7408
131979 1567432 4.7408
131979 327092 0.6811
327092 131979 0.6811
327092 1729387 0.8921
1729387 327092 0.8921
1729387 402591 1.0332
402591 1729387 1.0332
402591 1567431 0.9896
1567431 402591 0.9896
1567431 131980 0.4892
131980 1567431 0.4892
1415 1771626 0.9284
1771626 1415 0.9284
1771626 132050 17.1468
132050 1771626 17.1468
132050 1771628 1.7888
1771628 132050 1.7888
1771628 130725 3.6338
130725 1771628 3.6338
130725 327177 1.8421
327177 130725 1.8421
327177 327153 1.3702
327153 327177 1.3702
327153 1567433 0.7718
1567433 327153 0.7718
1567433 327135 0.553
327135 1567433 0.553
327135 1567435 0.3085
1567435 327135 0.3085
1804829 2016040 2.8992
2016040 1804829 2.8992
78872 78884 14.5836
78884 78872 14.5836
78884 1744374 29.0736
1744374 78884 29.0736
1744374 1199128 12.0924
1199128 1744374 12.0924
1199128 1744373 15.4368
1744373 1199128 15.4368
1744373 1199133 3.6396
1199133 1744373 3.6396
1199133 1744364 37.1196
1744364 1199133 37.1196
1744364 910247 10.566
910247 1744364 10.566
78856 1004820 3.258
1004820 78856 3.258
1004820 1004821 45.1584
1004821 1004820 45.1584
1004821 78857 2.7576
78857 1004821 2.7576
78858 1004823 2.9232
1004823 78858 2.9232
1004823 1004822 38.3328
1004822 1004823 38.3328
1004822 78859 3.0348
78859 1004822 3.0348
78860 78861 34.2648
78861 78860 34.2648
78862 78863 28.35
78863 78862 28.35
78864 78865 9.5292
78865 78864 9.5292
78865 78866 2.898
78866 78865 2.898
78866 910261 3.3624
910261 78866 3.3624
910261 78867 2.3616
78867 910261 2.3616
78867 78874 21.0528
78874 78867 21.0528
78874 78868 3.8088
78868 78874 3.8088
78868 78869 9.504
78869 78868 9.504
78869 78870 3.1284
78870 78869 3.1284
78870 78871 3.9312
78871 78870 3.9312
78871 78872 7.704
78872 78871 7.704
78872 1744357 13.9248
1744357 78872 13.9248
1744357 78873 1.6488
78873 1744357 1.6488
78874 78875 18.6228
78875 78874 18.6228
1199133 410007 26.2764
410007 1199133 26.2764
410007 78854 16.164
78854 410007 16.164
78876 1744367 9.972
1744367 78876 9.972
1744367 78878 1.8288
78878 1744367 1.8288
78878 1744366 34.2972
1744366 78878 34.2972
1744366 381095 5.4504
381095 1744366 5.4504
78878 78879 15.1344
78879 78878 15.1344
78879 1278449 1.0908
1278449 78879 1.0908
1278449 1278450 3.3696
