170329
2288 1755237 0.8079
1755237 466957 0.5122
466957 2289 0.5657
2289 2290 1.0923
2290 140673 0.45
140673 140674 0.3595
140674 2291 0.3708
2291 2292 0.9787
2317 16738 2.5259
2329 1702394 1.867
1702394 767126 2.3965
460588 1698396 0.734
1698396 85076 2.2457
3522 433785 1.0831
433785 3522 1.0831
433785 3547 12.9662
3547 433785 12.9662
3547 1729258 1.1921
1729258 3552 1.1633
3552 1729257 0.9843
1729257 3553 1.8216
3553 404180 1.4174
404180 3554 2.0427
2330 1755236 0.3651
1755236 140668 0.3343
140668 404152 0.2237
404152 140667 0.3389
140667 3558 0.2546
3558 140665 0.2484
140665 1755264 0.3358
1755264 140666 0.3482
140666 3555 0.5472
3559 1071242 1.0458
1071242 1305192 0.5706
1305192 3560 0.615
3560 1305193 1.9278
1305193 3561 1.029
3561 3562 0.7968
3571 140370 0.8466
140370 1755239 0.336
1755239 3572 0.4062
3572 3573 0.3594
3573 1755240 0.3282
1755240 1755241 0.4224
1755241 3574 0.3642
3574 37471 0.7596
3562 448212 0.2904
448212 3562 0.2904
3576 3577 0.6876
3577 3578 0.5382
3578 1755242 0.5724
1755242 1755202 0.4644
1755202 840935 0.4506
840935 3579 0.5196
3579 3580 0.7242
2318 1755249 0.501
1755249 3584 0.315
3584 3585 0.447
3585 1755248 0.3102
1755248 3586 0.3534
3586 3587 0.2916
3587 1755210 0.1446
1755210 1739496 0.3966
1739496 3581 0.7728
3580 840934 0.9684
840934 3588 0.4056
3588 3589 0.372
3589 840933 0.3768
840933 3590 0.3504
3590 3591 0.6324
89035 878341 0.6927
878341 3592 0.4469
1862925 567968 0.714
567968 1862925 0.714
567968 3594 5.3928
3594 567968 5.3928
3594 91206 10.9632
91206 3594 10.9632
91206 89062 8.5872
89062 91206 8.5872
89062 878283 9.9648
878283 89062 9.9648
878283 89056 2.3904
89056 878283 2.3904
89056 1381584 4.1256
1381584 89056 4.1256
1381584 250367 1.9056
250367 1381584 1.9056
250367 89054 3.2556
89054 250367 3.2556
89054 878313 4.4028
878313 89054 4.4028
878313 403524 0.4752
403524 878313 0.4752
403524 89034 1.2768
89034 403524 1.2768
1990463 1990422 0.4885
1990422 77083 0.2498
77083 652685 0.2563
652685 6032 0.1933
6032 652678 0.2365
652678 652676 0.157
652676 652674 0.2369
652674 38407 0.4273
6038 205395 1.2812
205395 205396 0.729
205396 205397 0.7805
205397 6039 1.1646
6039 64659 0.7441
64659 6040 0.7304
6040 205394 0.9324
205394 6041 2.7619
6041 1388965 5.3586
1388965 2300 1.4569
2300 52061 1.607
6042 652648 4.3357
652648 1379896 0.4874
1379896 1379897 4.6229
1379897 1752492 3.299
1752492 2312 1.417
2312 728277 5.8109
728277 664216 13.5666
664216 2313 4.1486
2313 1812492 5.5643
1812492 1379893 0.8937
1379893 1379894 6.9993
1379894 1379895 0.4446
1379895 664215 9.9459
664215 2314 0.8051
2314 13759 2.7009
6762 686347 0.8583
686347 6762 0.8583
686347 718078 1.1335
718078 686347 1.1335
718078 287905 4.9191
287905 718078 4.9191
287905 13327 0.252
13327 287905 0.252
84829 6998 1.328
1695111 77310 5.6952
77310 1695111 5.6952
77310 77312 9.9528
77312 77310 9.9528
77312 77264 13.3224
77264 77312 13.3224
77264 197412 9.2112
197412 77264 9.2112
197412 77265 5.664
77265 197412 5.664
77265 77266 3.9912
77266 77265 3.9912
77266 77322 9.2928
77322 77266 9.2928
77322 1182858 3.1644
1182858 77322 3.1644
11707 388095 2.196
388095 1093460 2.1366
1093460 11447 3.6864
1095746 11453 5.3897
11453 1095746 5.3897
11453 382703 2.7262
382703 11453 2.7262
382703 1095744 1.3942
1095744 382703 1.3942
1095744 1795305 0.3677
1795305 1095744 0.3677
1795305 1095745 0.9792
1095745 1795305 0.9792
1095745 100264 0.9663
100264 1095745 0.9663
100264 96209 3.6936
96209 100264 3.6936
96209 140560 0.4032
140560 96209 0.4032
140560 11454 0.7195
11454 140560 0.7195
11456 395548 1.4621
395548 1711760 0.1728
323227 1170820 0.4654
1170820 323227 0.4654
1170820 1168775 0.4953
1168775 1170820 0.4953
1168775 309710 16.2689
309710 1168775 16.2689
309710 11686 0.7282
11686 309710 0.7282
11686 121994 0.5364
121994 11686 0.5364
121994 11687 0.6501
11687 121994 0.6501
11687 11688 0.577
11688 11687 0.577
11688 99475 0.415
99475 11688 0.415
99475 11689 0.8223
11689 99475 0.8223
11689 302572 6.5541
302572 11689 6.5541
302572 121999 2.7576
121999 302572 2.7576
121999 878979 1.4467
878979 121999 1.4467
878979 12036 0.4243
12036 878979 0.4243
11702 11703 2.0253
11703 11702 2.0253
11707 1168468 1.0641
1168468 11707 1.0641
1168468 24181 0.397
24181 1168468 0.397
11715 407748 0.7478
407748 11715 0.7478
407748 250167 1.9569
250167 407748 1.9569
250167 39251 0.6238
39251 250167 0.6238
39251 1789159 0.6907
1789159 39251 0.6907
26879 26880 1.2838
12036 878987 0.7872
878987 12036 0.7872
878987 315602 0.6432
315602 878987 0.6432
12093 556953 0.1954
556953 12093 0.1954
556952 12093 8.0568
12093 556952 8.0568
217602 1160479 2.3332
1160479 1864052 3.154
1864052 217219 0.9666
217219 69918 1.6675
69918 368374 3.0222
368374 69924 1.0242
69924 363980 1.7723
363980 217265 0.8755
217265 378880 10.9649
378880 536907 0.4374
3534 13935 5.2584
13935 3534 5.2584
13935 1271788 0.78
1271788 13935 0.78
1271788 95455 3.174
95455 1271788 3.174
95455 58729 6.1128
58729 95455 6.1128
58729 12143 2.7492
12143 58729 2.7492
12143 1592234 1.9404
1592234 12143 1.9404
1592234 58730 2.6916
58730 1592234 2.6916
58730 95443 7.1052
95443 58730 7.1052
95443 12139 5.0652
12139 95443 5.0652
12139 58731 1.5348
58731 12139 1.5348
58731 1592233 1.74
1592233 58731 1.74
1592233 58732 2.2116
58732 1592233 2.2116
58732 1730333 9.018
1730333 58732 9.018
1730333 95441 0.8568
95441 1730333 0.8568
95441 95435 7.9884
95435 95441 7.9884
95435 95429 11.5884
95429 95435 11.5884
95429 95418 10.4556
95418 95429 10.4556
95418 95229 14.76
95229 95418 14.76
95229 253486 1.5684
253486 95229 1.5684
253486 12148 0.8964
12148 253486 0.8964
12148 95228 1.2372
95228 12148 1.2372
95228 15115 8.9028
15115 95228 8.9028
15115 95171 2.412
95171 15115 2.412
95171 15123 27.2532
15123 95171 27.2532
15123 95226 1.7184
95226 15123 1.7184
95226 13324 5.8236
13324 95226 5.8236
13324 1697421 2.9052
1697421 13324 2.9052
1697421 61319 14.808
61319 1697421 14.808
61319 95163 27.7536
95163 61319 27.7536
95163 95154 8.3436
95154 95163 8.3436
95154 12140 13.158
12140 95154 13.158
12140 14269 3.6216
14269 12140 3.6216
14269 14270 3.4524
14270 14269 3.4524
14270 12146 3.582
12146 14270 3.582
12146 12141 1.9476
12141 12146 1.9476
12141 12149 12.5412
12149 12141 12.5412
35255 1963446 0.6043
1963446 210769 0.1857
210769 210762 5.4663
210762 203721 0.5868
203721 1063480 1.7537
1063480 211833 0.4809
211833 153413 1.6467
153413 1790150 0.3466
12148 920957 1.902
920957 16996 4.6896
16996 16997 0.408
16997 95423 7.1892
95423 95416 5.7384
95416 2012735 6.9576
2012735 95415 3.6936
95415 14265 2.9616
14265 920961 7.5708
920961 12147 1.404
12149 620620 3.5028
620620 12149 3.5028
620620 13719 0.8868
13719 620620 0.8868
12150 1274266 0.3446
1274266 1274265 0.3446
1274265 1274264 0.3456
1274264 1274209 0.3451
1274209 1940599 0.4073
1940599 49341 0.4397
138577 13349 1.8041
13349 35168 2.8723
13784 1270561 0.6304
1270561 1270552 0.1253
1270552 1270570 0.1411
1270570 1270553 0.0904
1270553 1270551 0.1022
1270551 1270569 0.0716
1270569 38077 0.1152
13338 95744 1.8036
95744 13338 1.8036
95744 90890 3.6672
90890 95744 3.6672
90890 95636 5.6916
95636 90890 5.6916
95636 95743 2.0748
95743 95636 2.0748
95743 90840 3.6276
90840 95743 3.6276
90840 1421544 0.2268
1421544 90840 0.2268
1421544 686358 0.1824
686358 1421544 0.1824
686358 13339 0.5904
13339 686358 0.5904
13339 95635 0.4608
95635 13339 0.4608
95635 95740 4.3548
95740 95635 4.3548
95740 964594 3.1476
964594 95740 3.1476
964594 964595 4.1832
964595 964594 4.1832
964595 1132390 4.9392
1132390 964595 4.9392
1132390 95737 8.0568
95737 1132390 8.0568
95737 1118863 4.014
1118863 95737 4.014
1118863 95639 1.1832
95639 1118863 1.1832
95639 90838 11.0724
90838 95639 11.0724
90838 13340 12.9996
13340 90838 12.9996
13721 23496 3.3996
13731 445469 0.6558
445469 13732 0.18
13732 659476 0.2352
659476 13733 0.2892
13733 13734 0.303
13734 660877 0.2394
660877 13735 0.2004
13735 13736 0.363
13736 13727 0.993
13729 38371 1.7256
38371 13729 1.7256
38371 38369 5.2878
38369 38371 5.2878
38369 769108 5.4546
769108 38369 5.4546
809454 445466 0.1488
445466 13737 1.2528
13737 13738 3.2658
13738 13739 5.5566
13727 16770 12.7248
16770 13727 12.7248
13730 13740 0.4308
13740 660879 0.2976
660879 13741 0.2082
13741 659400 0.3612
659400 13742 0.4782
13742 445470 0.2988
445470 660878 0.3756
660878 13743 0.438
13744 1675273 2.5164
1675273 1675274 2.235
1675274 13745 3.4398
13745 445471 1.689
445471 809453 0.513
13746 13747 6.0822
13747 13746 6.0822
13747 58713 1.3002
58713 13747 1.3002
58713 590977 0.6612
590977 58713 0.6612
590977 13748 0.5754
13748 590977 0.5754
13748 590976 0.894
590976 13748 0.894
590976 13749 0.414
13749 590976 0.414
13749 13750 1.4862
13750 13749 1.4862
12145 1528486 1.1397
1528486 977526 0.8239
977526 1927488 1.0502
1927488 13751 0.9561
13751 521022 1.7774
13746 58710 0.7386
58710 1133132 0.7134
1133132 58707 0.6426
58707 1133131 0.7056
1133131 58711 0.5808
58711 13753 1.1478
13754 58708 0.7938
58708 1133133 0.6
1133133 58712 0.5898
58712 1133134 0.5772
1133134 58709 0.618
58709 13746 0.7278
13750 13755 0.8076
13755 13756 0.7938
13756 1695818 0.753
1695818 13757 0.1134
13757 13758 2.1408
13759 13760 1.179
13760 13761 0.8712
13761 1695819 0.4308
1695819 13762 0.4632
13762 13750 1.6374
13729 1703205 0.7668
1703205 1703204 0.8796
1703204 26444 1.1646
13764 1927489 1.9497
1927489 13763 8.4225
521022 1042976 0.3389
1042976 78242 0.4392
78242 13764 8.2389
24003 24004 19.8013
3551 404177 0.9741
404177 3550 0.6346
3550 337545 0.359
337545 3549 0.8928
3549 337537 0.5277
337537 1729256 0.6387
1729256 3548 0.5554
3548 3547 1.3783
38074 13332 0.5199
13332 38074 0.5199
13332 1134874 0.5955
1134874 13332 0.5955
1134874 1082266 0.8347
1082266 1134874 0.8347
1082266 1790225 1.7085
1790225 1082266 1.7085
508156 508155 5.1512
13797 1033093 0.3924
1033093 13797 0.3924
1033093 285916 5.8176
285916 1033093 5.8176
285916 1005274 1.2938
1005274 285916 1.2938
1005274 1976591 1.4731
1976591 1005274 1.4731
1976591 542934 22.0291
542934 1976591 22.0291
542934 700734 7.0085
700734 542934 7.0085
700734 700733 2.6165
700733 700734 2.6165
700733 1992671 0.8251
1992671 700733 0.8251
13798 1643707 5.1624
1643707 13798 5.1624
1643707 1332162 0.1214
1332162 1643707 0.1214
1332162 664397 0.9375
664397 1332162 0.9375
664397 111755 0.7539
111755 664397 0.7539
111755 1332165 0.2679
1332165 111755 0.2679
1332165 1332163 0.5842
1332163 1332165 0.5842
1332163 1643721 1.3495
1643721 1332163 1.3495
1643721 1247916 0.7442
1247916 1643721 0.7442
1247916 1332167 0.7858
1332167 1247916 0.7858
1332167 113975 1.6478
113975 1332167 1.6478
113975 73741 0.7797
73741 113975 0.7797
73741 656401 1.1175
656401 73741 1.1175
656401 13799 0.9787
13799 656401 0.9787
13798 1643740 5.4031
1643740 13819 0.8398
13789 1643742 0.4767
1643742 13798 4.5957
87993 2015329 0.4258
2015329 87993 0.4258
87993 1256663 1.1787
1256663 87993 1.1787
1256663 13820 2.6157
13820 1256663 2.6157
132580 205398 0.297
205398 205399 0.6282
205399 652705 0.3845
652705 205400 0.3773
205400 652709 0.3164
652709 205401 0.3431
205401 205402 0.4781
205402 652710 0.3366
652710 13776 0.4774
13822 205404 0.4474
205404 13822 0.4474
205404 13821 0.3173
13821 205404 0.3173
13821 205405 0.4551
205405 13821 0.4551
205405 1383091 1.6323
1383091 205405 1.6323
1383091 13776 1.2189
13776 1383091 1.2189
13824 51760 0.5249
205406 205407 0.4154
205407 205408 0.3661
13824 205410 2.3436
205410 51752 0.9504
13784 163970 3.1161
13323 525083 0.9972
525083 95167 5.0916
95167 14266 2.3664
14266 15128 5.6412
15128 95170 7.446
95170 61327 0.9516
61327 61314 8.0508
61314 61317 9.4212
61317 95224 1.6728
95224 1697423 2.424
1697423 13324 0.5124
460592 13919 0.9166
13797 1940282 2.8584
1940282 13797 2.8584
1940282 652803 1.8298
652803 1940282 1.8298
652803 652802 0.7545
652802 652803 0.7545
652802 652800 0.6403
652800 652802 0.6403
652800 13793 0.6197
13793 652800 0.6197
13935 95476 4.0752
95476 253347 1.0116
3533 3534 3.426
3534 3533 3.426
3536 218857 1.2189
218857 3536 1.2189
218857 682490 0.8799
682490 218857 0.8799
1046300 1216161 0.558
1216161 1046300 0.558
1216161 1046368 0.7406
1046368 1216161 0.7406
1046368 1099027 0.8239
1099027 1046368 0.8239
1099027 1981951 0.648
1981951 1099027 0.648
1981951 78233 0.2767
78233 1981951 0.2767
78233 13946 0.6125
13946 78233 0.6125
13946 219075 1.1659
219075 13946 1.1659
219075 13947 0.9257
13947 219075 0.9257
13947 219070 0.9288
219070 13947 0.9288
219070 224901 0.7565
224901 219070 0.7565
224901 13948 0.3898
13948 224901 0.3898
13948 1216165 0.6696
1216165 13948 0.6696
1216165 219069 0.4942
219069 1216165 0.4942
219069 13949 0.9087
13949 219069 0.9087
13949 1277232 0.7241
1277232 13949 0.7241
1277232 75307 0.7411
75307 1277232 0.7411
75307 13950 1.4426
13950 75307 1.4426
13950 1981952 0.613
1981952 13950 0.613
1981952 114616 7.3579
114616 1981952 7.3579
114616 75306 2.2937
75306 114616 2.2937
75306 1145638 0.5246
1145638 75306 0.5246
11771 1348274 1.4836
1348274 1379903 0.9148
1379903 1021003 0.6764
1021003 41556 0.3947
27802 161168 1.7213
161168 27802 1.7213
161168 161178 1.8879
161178 161168 1.8879
161178 27804 1.421
27804 161178 1.421
27804 1975844 2.88
1975844 27804 2.88
1975844 1169192 2.0165
1169192 1975844 2.0165
1169192 1169188 1.5357
1169188 1169192 1.5357
1169188 27800 0.2057
27800 1169188 0.2057
27800 1975843 1.3953
1975843 27800 1.3953
1975843 225549 0.3579
225549 1975843 0.3579
225549 113352 1.5187
113352 225549 1.5187
113352 126213 3.5882
126213 113352 3.5882
14265 948845 3.6216
948845 14265 3.6216
948845 16985 13.4568
16985 948845 13.4568
16985 95192 2.9196
95192 16985 2.9196
95192 95234 5.6196
95234 95192 5.6196
95234 95195 5.778
95195 95234 5.778
95195 95197 14.3388
95197 95195 14.3388
95197 95199 11.5236
95199 95197 11.5236
95199 14262 12.888
14262 95199 12.888
14262 95185 27.8568
95185 14262 27.8568
95185 14263 13.5036
14263 95185 13.5036
14263 399281 18.5292
399281 14263 18.5292
399281 399280 4.7592
399280 399281 4.7592
399280 15122 29.862
15122 399280 29.862
14271 591000 2.7144
591000 14271 2.7144
591000 202415 18.6336
202415 591000 18.6336
202415 590991 20.142
590991 202415 20.142
590991 13767 18.828
13767 590991 18.828
12149 95159 4.1256
95159 12149 4.1256
95159 590987 9.4644
590987 95159 9.4644
590987 95152 13.1616
95152 590987 13.1616
95152 900545 4.1976
900545 95152 4.1976
900545 900547 12.2184
900547 900545 12.2184
900547 900551 14.8356
900551 900547 14.8356
900551 12142 2.0016
12142 900551 2.0016
12142 95146 8.0352
95146 12142 8.0352
95146 95147 3.2472
95147 95146 3.2472
95147 95148 7.0236
95148 95147 7.0236
95148 900539 6.1272
900539 95148 6.1272
900539 95149 8.442
95149 900539 8.442
15123 1697426 1.1052
1697426 15123 1.1052
1697426 95178 20.9592
95178 1697426 20.9592
95178 15109 13.6008
15109 95178 13.6008
15109 15110 19.4832
15110 15109 19.4832
15110 15111 7.0992
15111 15110 7.0992
15111 15112 47.0808
15112 15111 47.0808
15112 95181 7.3656
95181 15112 7.3656
95181 15113 2.1276
15113 95181 2.1276
15113 15114 21.4812
15114 15113 21.4812
15114 95173 16.146
95173 15114 16.146
95173 15115 19.8216
15115 95173 19.8216
14263 95186 7.9596
95186 14263 7.9596
95186 95223 4.9716
95223 95186 4.9716
95223 15118 7.308
15118 95223 7.308
15118 15119 28.476
15119 15118 28.476
15119 15120 3.5064
15120 15119 3.5064
15120 15121 32.094
15121 15120 32.094
15121 15122 11.1528
15122 15121 11.1528
15122 399282 7.524
399282 15122 7.524
399282 95170 19.8576
95170 399282 19.8576
15128 1395011 2.898
1395011 15128 2.898
1395011 15127 10.8612
15127 1395011 10.8612
15127 61312 8.2008
61312 15127 8.2008
61312 61325 21.2112
61325 61312 21.2112
61325 15124 8.9856
15124 61325 8.9856
15124 61332 8.3196
61332 15124 8.3196
61332 1182885 28.7172
1182885 61332 28.7172
1182885 15125 4.4712
15125 1182885 4.4712
15126 15127 25.722
15127 15126 25.722
15134 1617841 2.2579
1617841 84830 1.5174
6772 1046357 0.7689
1046357 6772 0.7689
1046357 229809 2.8265
229809 1046357 2.8265
229809 980185 0.7164
980185 229809 0.7164
980185 15138 3.0204
15138 980185 3.0204
15138 15139 1.3407
15139 15138 1.3407
15139 15140 1.512
15140 15139 1.512
6773 1330250 0.7458
1330250 6773 0.7458
1330250 15143 1.686
15143 1330250 1.686
15141 980186 1.4238
980186 1665086 4.3404
1665086 1665085 2.6598
1665085 1046365 2.6868
843249 1298985 0.6401
1298985 1707432 0.1166
1707432 15146 0.1202
15146 1298984 0.2642
1298984 15144 0.31
15144 15145 0.864
15145 1707431 0.1818
1707431 843245 1.161
15144 1981964 1.0206
1981964 15144 1.0206
1981964 1121914 0.6988
1121914 1981964 0.6988
1121914 1238926 1.5361
1238926 1121914 1.5361
1238926 1981963 0.8197
1981963 1238926 0.8197
1981963 229801 3.676
229801 1981963 3.676
229801 1707433 4.7124
1707433 229801 4.7124
2015343 717945 3.2916
717945 948850 6.2208
948850 15168 1.404
3535 1591365 1.2876
1591365 1421133 2.1072
1421133 96614 2.4804
96614 1421093 1.1148
1421093 1591351 9.4632
1591351 1940536 1.1964
15375 1202465 0.2722
1202465 1202463 0.2599
1202463 1202464 0.2052
1182634 2015347 5.5476
2015347 1182634 5.5476
1182634 1182637 13.0356
1182637 1182634 13.0356
1182637 716302 16.3872
716302 1182637 16.3872
716302 85077 0.972
85077 716302 0.972
85077 85001 7.7652
85001 85077 7.7652
85001 84995 18.9372
84995 85001 18.9372
84995 590610 3.1668
590610 84995 3.1668
590610 15369 1.4496
15369 590610 1.4496
15369 590608 0.6072
590608 15370 2.6082
3581 1739497 0.7146
1739497 1739498 0.6888
1739498 3582 0.4662
3582 140386 2.7606
140386 3583 1.4796
3580 3581 8.9088
3581 3580 8.9088
16736 831114 1.1472
831114 1702398 3.8184
1702398 1123542 1.4526
1123542 16740 2.0586
16738 2318 7.3732
16737 42 2.5389
16739 7101 10.6944
2009715 693761 0.4515
693761 2009715 0.4515
693761 711689 1.422
711689 693761 1.422
711689 116479 0.738
116479 711689 0.738
16815 1363221 0.3657
1363221 16815 0.3657
1363221 16771 4.8687
16771 1363221 4.8687
16771 595470 0.9391
595470 16771 0.9391
595470 595469 0.8938
595469 595470 0.8938
595469 595467 0.8691
595467 595469 0.8691
595467 16772 1.0959
16772 595467 1.0959
231739 16984 9.2232
16984 231739 9.2232
16984 2012737 19.8468
2012737 16984 19.8468
2012737 16985 19.5732
16985 2012737 19.5732
16986 16987 9.846
16987 16986 9.846
16987 16988 26.7408
16988 16987 26.7408
16988 16989 9.558
16989 16988 9.558
16992 16998 15.9768
16998 16992 15.9768
16998 16993 16.2504
16993 16998 16.2504
16993 16994 11.8296
16994 16993 11.8296
16994 16995 33.1308
16995 16994 33.1308
16995 16992 11.5092
16992 16995 11.5092
16997 948841 2.8548
948841 16997 2.8548
948841 95232 2.3544
95232 948841 2.3544
95232 16998 6.57
16998 95232 6.57
470655 1009726 2.6988
1009726 470655 2.6988
1009726 36462 10.782
36462 1009726 10.782
36462 1654166 6.138
1654166 36462 6.138
1654166 1010513 4.8612
1010513 1654166 4.8612
1010513 470654 1.4544
470654 1010513 1.4544
20838 20839 3.0192
20839 20838 3.0192
20839 1992710 0.5112
1992710 20839 0.5112
1992710 1087785 6.402
1087785 1992710 6.402
2015379 1087785 2.5524
1087785 2015379 2.5524
15137 23653 3.0337
23653 15137 3.0337
23653 1348727 1.2092
1348727 214834 0.3956
214834 654913 0.6962
654913 26860 0.7358
23661 623645 0.9873
623645 23661 0.9873
623645 23660 0.9153
23660 623645 0.9153
23660 945439 0.9144
945439 23660 0.9144
945439 623646 0.8649
623646 945439 0.8649
623646 945440 0.8406
945440 623646 0.8406
945440 623647 0.873
623647 945440 0.873
623647 945443 0.8442
945443 623647 0.8442
945443 23659 0.9225
23659 945443 0.9225
23659 623648 0.9414
623648 23659 0.9414
623648 23657 2.1123
23657 623648 2.1123
23657 23658 3.735
23658 23657 3.735
31210 1985671 0.5837
1985671 31210 0.5837
1985671 293462 3.1783
293462 1985671 3.1783
293462 2015387 9.2134
2015387 293462 9.2134
1878993 273490 2.8752
273490 273487 2.9796
273487 1562156 1.7622
1562156 1562152 3.7536
1562152 1562158 0.1818
1562158 272168 1.6854
272168 778816 5.8434
778816 273468 0.2376
273468 23729 0.5478
177186 1999845 0.4176
1999845 177186 0.4176
1999845 23736 1.4765
23736 1999845 1.4765
23736 1008769 1.7172
1008769 23736 1.7172
1008769 387597 0.2211
387597 1008769 0.2211
1168544 1095758 0.7035
1095758 1203100 0.4932
1203100 1203049 0.6022
1203049 1174848 0.6331
1174848 11700 0.4279
23820 371716 0.4783
371716 23820 0.4783
371716 407424 0.377
407424 371716 0.377
407424 23821 1.3593
23821 407424 1.3593
23821 371726 0.2011
371726 23821 0.2011
371726 371729 0.2268
371729 371726 0.2268
371729 371733 0.2412
371733 371729 0.2412
371733 23822 0.2808
23822 371733 0.2808
23822 407437 1.1062
407437 23822 1.1062
407437 407445 1.7013
407445 407437 1.7013
407445 407450 0.7766
407450 407445 0.7766
407450 23665 0.7807
23665 407450 0.7807
23665 407463 1.7213
407463 23665 1.7213
407463 407476 0.7761
407476 407463 0.7761
407476 1172509 2.0206
1172509 407476 2.0206
1172509 44225 0.6537
44225 1172509 0.6537
250327 539918 1.5562
539918 250327 1.5562
539918 1789175 1.6462
1789175 539918 1.6462
1789175 23735 0.7889
23735 1789175 0.7889
23735 539822 0.6511
539822 23735 0.6511
539822 1789176 0.7313
1789176 539822 0.7313
1789176 539772 3.8577
539772 1789176 3.8577
539772 39105 0.5703
39105 539772 0.5703
39105 1035935 2.6743
1035935 39105 2.6743
1035935 23829 0.2669
23829 1035935 0.2669
1046395 1046894 10.9956
1046894 1046395 10.9956
1046894 1494783 6.1488
1494783 1046894 6.1488
1494783 1046876 0.8328
1046876 1494783 0.8328
1046876 1982003 5.5812
1982003 1046876 5.5812
1982003 93877 1.9584
93877 1982003 1.9584
93877 1982002 3.4944
1982002 93877 3.4944
1982002 812671 7.4412
812671 1982002 7.4412
812671 93884 17.1012
93884 812671 17.1012
93884 1982001 2.4516
1982001 93884 2.4516
1982001 96984 4.6044
96984 1982001 4.6044
96984 1982000 1.7748
1982000 96984 1.7748
1982000 39471 4.7124
39471 1982000 4.7124
39471 82249 0.6624
82249 39471 0.6624
82249 556826 3.0528
556826 82249 3.0528
556826 230477 15.3564
230477 556826 15.3564
230477 47391 0.4692
47391 230477 0.4692
14168 140643 2.6784
140643 14168 2.6784
140643 1508614 0.2355
1508614 140643 0.2355
1508614 1508625 0.5215
1508625 1508614 0.5215
1508625 1825917 0.0679
1825917 1508625 0.0679
1825917 24173 0.3137
24173 1825917 0.3137
24173 1508120 0.6002
1508120 24173 0.6002
1508120 140641 1.0913
140641 1508120 1.0913
140641 1508158 2.0947
1508158 140641 2.0947
1508158 24174 1.6961
24174 1508158 1.6961
24174 996137 0.325
996137 24174 0.325
996137 996138 0.2181
996138 996137 0.2181
996138 996139 0.2371
996139 996138 0.2371
996139 996140 0.2304
996140 996139 0.2304
996140 307890 2.8286
307890 996140 2.8286
307890 996141 2.3919
996141 307890 2.3919
996141 996142 2.5118
996142 996141 2.5118
996142 996143 1.457
996143 996142 1.457
996143 140642 1.9219
140642 996143 1.9219
140642 1508160 1.1844
1508160 140642 1.1844
1508160 24175 3.5594
24175 1508160 3.5594
24175 996144 4.8878
996144 24175 4.8878
996144 996145 3.4143
996145 996144 3.4143
996145 296384 0.4557
296384 996145 0.4557
26827 425902 1.3872
425902 26827 1.3872
425902 203091 2.9376
203091 425902 2.9376
203091 203092 4.2324
203092 203091 4.2324
203092 24205 4.0392
24205 203092 4.0392
24205 203093 4.2012
203093 24205 4.2012
203093 541184 2.0652
541184 203093 2.0652
541184 203094 1.3776
203094 541184 1.3776
203094 1953749 1.0776
1953749 203094 1.0776
1953749 411232 1.1904
411232 1953749 1.1904
411232 203095 1.5204
203095 411232 1.5204
203095 1892131 3.0168
1892131 203095 3.0168
1892131 1892132 2.6772
1892132 1892131 2.6772
1892132 540953 3.792
540953 1892132 3.792
540953 425590 3.4452
425590 540953 3.4452
425590 425597 6.3612
425597 425590 6.3612
425597 411236 0.7332
411236 425597 0.7332
411236 1865832 1.2552
1865832 411236 1.2552
1865832 1276670 10.0596
1276670 1865832 10.0596
1276670 425594 0.8784
425594 1276670 0.8784
425594 1892129 0.9468
1892129 425594 0.9468
1892129 425593 6.798
425593 1892129 6.798
425593 1791687 0.7392
1791687 425593 0.7392
1791687 1892130 0.3732
1892130 1791687 0.3732
1892130 73289 1.41
73289 1892130 1.41
73289 1791685 0.1704
1791685 73289 0.1704
1791685 1791686 2.3964
1791686 1791685 2.3964
1791686 73287 8.1408
73287 1791686 8.1408
73287 425587 2.256
425587 73287 2.256
425587 307824 6.2064
307824 425587 6.2064
307824 790290 2.2776
790290 307824 2.2776
790290 307825 11.1696
307825 790290 11.1696
307825 1276668 4.572
1276668 307825 4.572
1276668 411266 2.676
411266 1276668 2.676
411266 411263 11.5152
411263 411266 11.5152
411263 411267 4.3476
411267 411263 4.3476
411267 1892128 3.2652
1892128 411267 3.2652
16989 16986 26.2404
16986 16989 26.2404
16986 16991 3.4668
16991 16986 3.4668
16991 16990 2.52
16990 16991 2.52
16990 95233 8.298
95233 16990 8.298
19473 540376 0.6264
2015405 1087789 12.0096
1087789 2015405 12.0096
1087789 20847 6.8616
20847 1087789 6.8616
20847 232964 17.448
232964 20847 17.448
232964 20848 4.4256
20848 232964 4.4256
20848 232919 2.274
232919 20848 2.274
232919 232978 2.3388
232978 232919 2.3388
232978 233024 1.9296
233024 232978 1.9296
233024 232991 1.7496
232991 233024 1.7496
232991 232932 2.2056
232932 232991 2.2056
232932 233037 1.9068
233037 232932 1.9068
233037 232974 5.0952
232974 233037 5.0952
232974 232944 8.9088
232944 232974 8.9088
232944 232950 8.1228
232950 232944 8.1228
232950 20849 4.8468
20849 232950 4.8468
20849 20850 0.93
20850 20849 0.93
20850 1999857 11.5272
1999857 20850 11.5272
1999857 26666 0.8208
26666 1999857 0.8208
26666 419910 1.248
419910 26666 1.248
419910 1980994 7.068
1980994 419910 7.068
1980994 58673 66.138
58673 1980994 66.138
58673 20851 20.934
20851 58673 20.934
20851 401409 5.6976
401409 20851 5.6976
401409 1176704 4.9344
1176704 401409 4.9344
49663 35899 9.252
35899 49663 9.252
35899 26864 3.3804
26864 35899 3.3804
26864 35897 23.4108
35897 26864 23.4108
35897 35898 5.8716
35898 35897 5.8716
35898 567771 5.5656
567771 35898 5.5656
567771 1043284 7.9812
1043284 567771 7.9812
1043284 1009143 1.3536
1009143 1043284 1.3536
1009143 26865 3.3912
26865 1009143 3.3912
1509257 1509258 14.7492
1509258 1509257 14.7492
1509258 1509256 32.5764
1509256 1509258 32.5764
1509256 1509252 33.4764
1509252 1509256 33.4764
1509252 449117 5.2344
449117 1509252 5.2344
449117 1509234 1.5156
1509234 449117 1.5156
1509234 449116 36.558
449116 1509234 36.558
449116 1509233 2.538
1509233 449116 2.538
1509233 740317 2.0916
740317 1509233 2.0916
740317 1509235 1.4616
1509235 740317 1.4616
1509235 1509236 1.2492
1509236 1509235 1.2492
140637 218070 10.5768
218070 218053 8.8524
218053 26877 8.2764
26878 395513 0.324
395513 395511 0.4543
26878 395512 0.4062
395512 395510 0.183
395510 395509 0.1974
395509 751106 0.2382
751106 751103 0.2442
751103 26879 0.3216
26870 395518 0.2757
395518 26880 0.2643
218063 368397 3.9996
368397 218063 3.9996
368397 380020 11.7576
380020 368397 11.7576
380020 1431185 14.8932
1431185 380020 14.8932
1431185 667349 14.904
667349 1431185 14.904
667349 947171 41.6556
947171 667349 41.6556
947171 667343 4.8852
667343 947171 4.8852
15142 1665083 5.8818
1665083 27727 2.073
27727 1046359 1.3908
27798 368491 1.3632
368491 27798 1.3632
368491 449142 9.0996
449142 368491 9.0996
449142 449143 4.5588
449143 449142 4.5588
449143 740276 3.3408
740276 449143 3.3408
740276 449146 5.5956
449146 740276 5.5956
449146 23699 2.4552
23699 449146 2.4552
1197850 1198365 0.2793
1198365 540375 0.3374
540375 1025245 1.08
14169 740312 5.9184
740312 14169 5.9184
740312 449192 27.63
449192 740312 27.63
449192 449194 10.8396
449194 449192 10.8396
449194 449197 25.5348
449197 449194 25.5348
449197 470651 8.55
470651 449197 8.55
6673 699804 0.5878
699804 513711 0.5662
513711 1571880 1.908
1571880 1584508 1.0368
1584508 35542 3.4879
35542 1584493 1.5655
1584493 884838 0.7025
884838 35541 2.2721
35541 1572763 0.1908
3615 3616 0.9597
3616 3615 0.9597
3616 3617 0.9777
3617 3616 0.9777
30614 276538 7.1064
276538 30614 7.1064
276538 30616 27.6804
30616 276538 27.6804
30616 276539 9.8568
276539 30616 9.8568
276539 580152 8.1972
580152 276539 8.1972
580152 30617 5.3604
30617 580152 5.3604
30617 30618 5.832
30618 30617 5.832
2015477 30618 2.8476
30618 2015477 2.8476
30652 595444 0.665
595444 30652 0.665
595444 595445 1.0939
595445 595444 1.0939
595445 595447 1.1643
595447 595445 1.1643
595447 30653 1.6977
30653 595447 1.6977
30653 1976634 1.0255
1976634 30653 1.0255
1976634 1172997 0.234
1172997 1976634 0.234
1172997 102764 1.3073
102764 1172997 1.3073
102764 166894 0.8661
166894 102764 0.8661
166894 30654 0.5143
30654 166894 0.5143
30654 595443 0.522
595443 30654 0.522
595443 1976633 0.0771
1976633 595443 0.0771
1976633 595446 0.3009
595446 1976633 0.3009
595446 30655 0.2217
30655 595446 0.2217
30655 595448 0.3327
595448 30655 0.3327
595448 92169 0.4032
92169 595448 0.4032
92169 30656 2.7252
30656 92169 2.7252
30656 103207 2.5056
103207 30656 2.5056
103207 30657 0.5945
30657 103207 0.5945
30657 1349800 0.8506
1349800 30657 0.8506
1349800 1337018 1.1361
1337018 1349800 1.1361
1337018 30658 0.7642
30658 1337018 0.7642
30658 30659 3.421
30659 30658 3.421
30659 1336960 0.9987
1336960 30659 0.9987
1336960 30660 3.4154
30660 1336960 3.4154
30660 30661 3.1222
30661 30660 3.1222
30661 1439037 1.2374
1439037 30661 1.2374
1439037 30662 1.0743
30662 1439037 1.0743
30662 30663 4.1991
30663 30662 4.1991
30663 1514887 6.0958
1514887 30663 6.0958
1514887 92170 3.6586
92170 1514887 3.6586
92170 102765 1.0939
102765 92170 1.0939
102765 1446297 0.3852
1446297 102765 0.3852
1446297 1976632 0.4171
1976632 1446297 0.4171
1976632 1976631 0.5364
1976631 1976632 0.5364
1976631 102766 1.3932
102766 1976631 1.3932
102766 30664 3.3645
30664 102766 3.3645
30664 1443191 2.6681
1443191 30664 2.6681
1443191 38507 0.6094
38507 1443191 0.6094
30678 30679 1.4086
30679 30680 0.4891
30680 30681 0.5313
30681 30682 0.918
30687 1675292 1.0317
1675292 30686 0.9093
30686 30685 0.6963
30685 30684 0.6943
30684 1675293 0.4608
1675293 30683 0.7488
30683 30678 1.0317
32094 195258 8.3592
195258 32094 8.3592
195258 797196 4.9198
797196 195258 4.9198
797196 51139 1.2571
51139 797196 1.2571
51139 1372532 7.3735
1372532 51139 7.3735
1372532 2015497 3.2076
2015497 1372532 3.2076
177187 371895 0.3142
371895 177187 0.3142
371895 371894 0.2952
371894 371895 0.2952
371894 23824 0.2551
23824 371894 0.2551
23824 371896 0.3034
371896 23824 0.3034
371896 371897 0.3466
371897 371896 0.3466
371897 23680 0.2859
23680 371897 0.2859
23680 371908 1.4703
371908 23680 1.4703
371908 704579 5.7204
704579 371908 5.7204
704579 1761448 1.1402
1761448 704579 1.1402
1761448 704593 1.8283
704593 1761448 1.8283
704593 704594 0.2109
704594 704593 0.2109
704594 371925 2.555
371925 704594 2.555
371925 704620 0.3605
704620 371925 0.3605
704620 287244 4.3894
287244 704620 4.3894
287244 287243 1.2646
287243 287244 1.2646
287243 366382 1.3634
366382 287243 1.3634
2742 1698374 0.8436
1698374 664578 5.721
664578 1631901 7.5978
1631901 33931 2.3664
33931 1202476 3.084
1202476 119057 1.4298
35098 1730391 0.6747
1730391 1730392 0.5616
1730392 1730393 0.2942
1730393 1730394 0.2484
1730394 916004 0.3122
916004 35102 1.1499
16821 1582719 1.4598
1582719 16821 1.4598
1582719 664583 2.5207
664583 1582719 2.5207
664583 87885 2.3198
87885 664583 2.3198
87885 88631 0.8676
88631 87885 0.8676
88631 87884 0.8777
87884 88631 0.8777
87884 620590 0.0778
620590 87884 0.0778
620590 776196 7.5452
776196 620590 7.5452
776196 1134826 0.3694
1134826 776196 0.3694
1134826 851559 0.7121
851559 1134826 0.7121
35138 819766 0.4968
819766 35138 0.4968
819766 7091 0.467
7091 819766 0.467
7091 41637 2.4382
41637 7091 2.4382
41637 7092 7.3728
7092 41637 7.3728
35134 35139 2.5638
35139 35134 2.5638
35105 16820 3.7848
16820 35105 3.7848
35105 84722 0.84
84722 35105 0.84
84722 682252 4.3056
682252 84722 4.3056
682252 35424 1.236
35424 682252 1.236
35424 35223 8.2728
35223 35424 8.2728
35223 35214 0.4902
35214 35223 0.4902
35214 1860109 0.5778
1860109 35214 0.5778
1860109 35143 0.936
35143 1860109 0.936
35144 1426696 3.5022
1426696 35144 3.5022
1426696 1426455 2.3244
1426455 1426696 2.3244
1426455 35147 1.5426
35147 1426455 1.5426
35147 35148 8.3496
35148 35147 8.3496
35148 1265821 1.3992
1265821 35148 1.3992
1265821 1381563 1.3278
1381563 1265821 1.3278
1381563 35149 3.6528
35149 1381563 3.6528
35149 1364010 2.2578
1364010 35149 2.2578
1364010 1526386 1.2126
1526386 1364010 1.2126
1526386 2004318 1.7934
2004318 1526386 1.7934
2004318 35150 14.8734
35150 2004318 14.8734
35150 1742620 0.9258
1742620 35150 0.9258
1742620 1742621 0.5322
1742621 1742620 0.5322
1742621 35151 4.4532
35151 1742621 4.4532
35151 35152 1.5852
35152 35151 1.5852
35159 35102 3.3305
30676 837091 0.6341
837091 30676 0.6341
837091 244366 1.5171
244366 837091 1.5171
244366 776123 0.1445
776123 244366 0.1445
776123 776146 9.1558
776146 776123 9.1558
776146 1134817 6.2717
1134817 776146 6.2717
1134817 776189 7.8315
776189 1134817 7.8315
776189 768148 4.6841
768148 776189 4.6841
768148 776199 0.4649
776199 768148 0.4649
776199 32098 0.7431
32098 776199 0.7431
32098 1752981 0.3142
1752981 32098 0.3142
1752981 35162 0.9849
35162 1752981 0.9849
35168 58716 1.1826
58716 58717 1.0884
58717 1134849 0.7644
1134849 1590388 0.2076
1590388 738955 0.5934
738955 138568 0.5796
138568 35165 0.7524
140369 846372 5.9004
846372 140369 5.9004
846372 1390318 1.0246
1390318 846372 1.0246
1390318 846361 3.7512
846361 1390318 3.7512
846361 1561450 0.3269
1561450 846361 0.3269
1561450 846362 0.396
846362 1561450 0.396
846362 1561449 0.3838
1561449 846362 0.3838
1561449 35170 0.6718
35170 1561449 0.6718
35170 846358 1.0397
846358 35170 1.0397
846358 1390327 0.3319
1390327 846358 0.3319
1390327 1390326 4.4935
1390326 1390327 4.4935
1390326 846366 0.8359
846366 1390326 0.8359
846366 846393 2.8555
846393 846366 2.8555
846393 846376 0.4385
846376 846393 0.4385
846376 1390295 0.4939
1390295 846376 0.4939
1390295 846381 3.4034
846381 1390295 3.4034
846381 1840685 0.6689
1840685 846381 0.6689
1840685 846419 3.9974
846419 1840685 3.9974
846419 1034206 1.3154
1034206 846419 1.3154
35103 357630 0.8544
357630 35103 0.8544
357630 35171 6.8748
35171 357630 6.8748
35171 1674774 1.5216
1674774 357646 7.7532
357646 35104 1.0188
35143 84721 0.8196
84721 35143 0.8196
84721 1426439 2.5836
1426439 84721 2.5836
1426439 682250 3.7104
682250 1426439 3.7104
682250 85463 8.604
85463 682250 8.604
85463 35217 0.36
35217 85463 0.36
35217 85464 1.4484
85464 35217 1.4484
85464 1860107 1.938
1860107 85464 1.938
1860107 35403 0.4548
35403 1860107 0.4548
35403 794006 1.0368
794006 35403 1.0368
794006 35405 2.7924
35405 794006 2.7924
35405 35408 2.3964
35408 35405 2.3964
35408 682253 3.6936
682253 35408 3.6936
682253 792163 2.8968
792163 682253 2.8968
792163 793983 10.5708
793983 792163 10.5708
793983 86674 1.4028
86674 793983 1.4028
86674 90445 1.2444
90445 86674 1.2444
90445 682251 8.304
682251 90445 8.304
682251 86711 0.66
86711 682251 0.66
86711 793972 6.2436
793972 86711 6.2436
793972 38724 1.7304
38724 793972 1.7304
38724 793967 7.0116
793967 38724 7.0116
793967 85467 1.092
85467 793967 1.092
85467 41583 2.3976
41583 85467 2.3976
35182 709791 1.1023
709791 35182 1.1023
709791 35183 0.445
35183 709791 0.445
35183 35808 0.9137
35808 35183 0.9137
35808 1410334 0.8453
1410334 35808 0.8453
1410334 1410335 2.2565
1410335 1410334 2.2565
1410335 39441 0.8698
39441 1410335 0.8698
39441 1320477 2.8872
1320477 39441 2.8872
1320477 35184 0.3218
35184 1320477 0.3218
35184 35185 2.5034
35185 35184 2.5034
79876 276321 0.5354
276321 151563 0.5451
151563 36529 0.7215
36529 1180099 0.6521
1180099 1180098 0.6382
1180098 276250 0.5307
35192 2010019 0.5611
2010019 276301 0.5534
276301 35191 0.3965
35191 276369 0.3183
276369 35190 0.4392
35190 276207 0.3435
276207 276261 0.5539
276261 16757 0.9118
27659 1180090 1.0286
1180090 1025552 1.1654
1025552 1180091 0.7827
1180091 35193 0.8866
35194 1180089 1.3104
1180089 1025553 1.1654
1025553 1180094 1.5552
1180094 27659 1.0049
3570 140675 0.6534
140675 3563 0.3876
3563 140669 0.378
140669 3564 0.54
3564 3565 0.3894
3565 1552826 0.2304
1552826 1755198 0.7128
1755198 3566 0.8406
3571 3570 4.1562
3570 3571 4.1562
35214 706579 2.1708
706579 35214 2.1708
706579 1556467 4.4316
1556467 706579 4.4316
1556467 86657 3.5712
86657 1556467 3.5712
86657 35215 8.5104
35215 86657 8.5104
35215 794043 23.274
794043 35215 23.274
794043 35216 8.5536
35216 794043 8.5536
35216 794026 8.1576
794026 35216 8.1576
794026 35217 5.5728
35217 794026 5.5728
35218 794104 6.4008
794104 35218 6.4008
794104 794081 9.3384
794081 794104 9.3384
794081 794068 6.8328
794068 794081 6.8328
794068 1430726 4.4712
1430726 794068 4.4712
1430726 35216 3.9204
35216 1430726 3.9204
35223 706583 2.268
706583 35223 2.268
706583 1553350 2.5344
1553350 706583 2.5344
1553350 35224 1.8504
35224 1553350 1.8504
35224 794142 21.204
794142 35224 21.204
794142 794161 10.9188
794161 794142 10.9188
794161 794170 8.5284
794170 794161 8.5284
794170 35222 6.7428
35222 794170 6.7428
35222 794181 4.4136
794181 35222 4.4136
794181 35221 6.4548
35221 794181 6.4548
35221 794156 15.2712
794156 35221 15.2712
794156 86658 11.0448
86658 794156 11.0448
86658 1860110 2.7324
1860110 86658 2.7324
1860110 794076 18.5256
794076 1860110 18.5256
794076 35215 2.3004
35215 794076 2.3004
35143 706578 4.4928
706578 35143 4.4928
706578 84730 1.3356
84730 706578 1.3356
84730 39971 4.4064
39971 84730 4.4064
39971 35225 10.1016
35225 39971 10.1016
35225 79892 3.6972
79892 35225 3.6972
79892 36541 2.394
36541 79892 2.394
36541 35226 5.148
35226 36541 5.148
35226 39970 8.0676
39970 35226 8.0676
39970 35227 9.0828
35227 39970 9.0828
35225 35228 6.3
35228 35225 6.3
30649 1847780 1.1371
1847780 1847774 1.009
1847774 1847779 0.9489
1847779 309749 0.8604
30649 719725 1.6951
719725 30649 1.6951
719725 1948775 1.1751
1948775 719725 1.1751
1948775 104301 1.8622
104301 1948775 1.8622
104301 104302 0.323
104302 104301 0.323
104302 1948776 1.2641
1948776 104302 1.2641
1948776 78812 1.7949
78812 1948776 1.7949
78812 1396583 0.2731
1396583 78812 0.2731
1396583 39627 5.8217
39627 1396583 5.8217
39627 926970 2.5611
926970 39627 2.5611
926970 1832726 3.3192
1832726 926970 3.3192
1832726 1173438 0.557
1173438 1832726 0.557
1173438 1010849 0.7632
1010849 1173438 0.7632
1010849 1948773 0.5817
1948773 1010849 0.5817
1948773 1832727 0.9468
1832727 1948773 0.9468
1832727 926974 0.1337
926974 1832727 0.1337
926974 1948774 1.4127
1948774 926974 1.4127
1948774 309791 0.7246
309791 1948774 0.7246
309791 1286934 3.6077
1286934 309791 3.6077
1286934 595437 2.4809
595437 1286934 2.4809
595437 30650 0.3975
30650 595437 0.3975
30648 1847768 1.2852
1847768 561685 1.1757
561685 1854953 0.251
1854953 78787 0.4613
1847766 561678 0.5271
561678 1847766 0.5271
561678 1797248 0.7221
1797248 561678 0.7221
1797248 1854962 0.6747
1854962 1797248 0.6747
1854962 1797247 0.6187
1797247 1854962 0.6187
1990362 218160 1.2579
218160 1990362 1.2579
218160 1974928 1.7733
1974928 218160 1.7733
1974928 6025 2.4763
6025 1974928 2.4763
35245 1642875 3.0924
1642875 35244 6.615
35244 200264 1.0998
200264 1317105 0.7956
1317105 1317102 0.3996
1317102 35243 1.0314
35243 35242 0.7929
35242 849195 5.526
849195 35241 0.7731
218116 218132 2.7324
218132 218116 2.7324
218132 1642876 4.7142
1642876 218132 4.7142
1642876 1925744 10.512
1925744 1642876 10.512
1925744 35246 1.3797
35246 1925744 1.3797
35246 218130 0.5595
218130 35246 0.5595
218130 1696912 8.171
1696912 218130 8.171
1696912 218125 3.9754
218125 1696912 3.9754
218125 35247 2.3611
35247 218125 2.3611
6028 1990285 0.3754
1990285 6028 0.3754
1990285 1990287 4.6059
1990287 1990285 4.6059
1990287 35252 0.9123
35252 1990287 0.9123
35255 218252 3.1392
218252 35255 3.1392
218252 203675 6.66
203675 218252 6.66
203675 203738 14.868
203738 203675 14.868
6031 525091 0.5457
525091 6031 0.5457
525091 100159 3.1078
100159 525091 3.1078
1661770 706634 2.2191
706634 921069 4.9701
921069 84723 3.4539
84723 35105 0.7082
3555 1755265 0.8131
1755265 1755266 0.5004
1755266 140664 0.5205
140664 3556 0.4001
3556 1755235 1.1438
1755235 466956 0.3261
466956 1755267 0.4474
1755267 1755234 0.4032
1755234 3557 0.5163
2292 2281 0.4855
2281 2282 0.2319
2282 140672 0.3158
140672 2283 0.2376
2283 2284 0.235
2284 140671 0.2376
140671 2285 0.2057
2285 466959 0.2664
466959 2286 0.2793
2286 140670 0.3039
140670 2287 0.3677
35311 35316 6.192
35316 35317 14.5836
35316 35318 8.1648
35318 35314 14.598
11769 217699 1.2408
217699 11769 1.2408
217699 492783 2.1828
492783 217699 2.1828
492783 217561 2.3016
217561 492783 2.3016
217561 217488 3.2628
217488 217561 3.2628
