68571
31864 31865 15.2856
31865 31864 15.2856
31865 31866 41.7528
31866 31865 41.7528
31866 16885 34.4088
16885 31866 34.4088
1654897 770249 28.5696
770249 1654897 28.5696
770249 982634 4.7952
982634 770249 4.7952
982634 1654886 10.6524
1654886 982634 10.6524
1654886 31867 16.6824
31867 1654886 16.6824
31867 31868 34.7616
31868 31867 34.7616
31868 31869 5.9832
31869 31868 5.9832
31889 31897 3.3648
31897 31889 3.3648
31897 31898 5.9688
31898 31897 5.9688
31898 219420 7.4352
219420 31898 7.4352
219420 31899 2.6604
31899 219420 2.6604
31899 31900 4.3704
31900 31899 4.3704
31900 31901 8.4696
31901 31900 8.4696
31901 49860 4.6068
49860 31901 4.6068
49860 31902 7.086
31902 49860 7.086
31902 31903 6.366
31903 31902 6.366
31903 412528 2.7168
412528 31903 2.7168
412528 21185 2.7576
21185 412528 2.7576
21185 1896731 0.7524
1896731 21185 0.7524
1896731 240723 1.6572
240723 1896731 1.6572
240723 384075 2.6028
384075 240723 2.6028
384075 384074 1.6992
384074 384075 1.6992
384074 412527 1.0764
412527 384074 1.0764
412527 240724 0.8724
240724 412527 0.8724
240724 240725 1.4412
240725 240724 1.4412
240725 240726 4.7472
240726 240725 4.7472
240726 240727 2.9472
240727 240726 2.9472
240727 412532 1.6056
412532 240727 1.6056
412532 240728 0.2748
240728 412532 0.2748
240728 240729 1.6632
240729 240728 1.6632
240729 384094 2.2464
384094 240729 2.2464
384094 412531 0.4968
412531 384094 0.4968
412531 412530 11.3352
412530 412531 11.3352
412530 199446 19.7904
199446 412530 19.7904
199446 412529 0.918
412529 199446 0.918
412529 1896679 7.9092
1896679 412529 7.9092
1896679 1860287 7.17
1860287 1896679 7.17
1860287 384073 4.1592
384073 1860287 4.1592
384073 384070 7.434
384070 384073 7.434
384070 412526 4.2708
412526 384070 4.2708
412526 240730 5.3268
240730 412526 5.3268
240730 1494326 10.1004
1494326 240730 10.1004
1494326 240731 0.6396
240731 1494326 0.6396
240731 1582435 0.7044
1582435 240731 0.7044
1582435 240732 3.3888
240732 1582435 3.3888
240732 1611643 2.6328
1611643 240732 2.6328
1611643 412521 0.2136
412521 1611643 0.2136
412521 240733 1.5084
240733 412521 1.5084
240733 240734 5.4144
240734 240733 5.4144
240734 412525 2.2344
412525 240734 2.2344
412525 243068 2.3268
243068 412525 2.3268
31904 1671349 0.678
1671349 31904 0.678
1671349 432916 12.462
432916 1671349 12.462
432916 31905 0.3756
31905 432916 0.3756
31905 432917 0.3576
432917 31905 0.3576
432917 31906 6.1512
31906 432917 6.1512
31906 384229 1.9032
384229 31906 1.9032
384229 31907 2.0088
31907 384229 2.0088
31907 31908 1.8144
31908 31907 1.8144
31908 432825 5.9592
432825 31908 5.9592
432825 384364 4.8372
384364 432825 4.8372
384364 31909 10.4688
31909 384364 10.4688
31909 384365 1.554
384365 31909 1.554
384365 31910 12.0024
31910 384365 12.0024
31910 31911 11.8836
31911 31910 11.8836
31911 31912 14.6868
31912 31911 14.6868
31912 31913 14.0952
31913 31912 14.0952
31913 432820 11.3604
432820 31913 11.3604
432820 31914 0.6024
31914 432820 0.6024
31914 31915 15.8424
31915 31914 15.8424
31907 31916 5.274
31916 31907 5.274
31916 31917 35.9556
31917 31916 35.9556
1808055 31941 5.1012
31941 1808055 5.1012
31941 31942 15.798
31942 31941 15.798
31942 31943 11.6916
31943 31942 11.6916
31943 31944 3.2568
31944 31943 3.2568
31944 31945 3.6396
31945 31944 3.6396
31945 31946 25.32
31946 31945 25.32
31946 31947 3.5868
31947 31946 3.5868
31947 31948 8.1036
31948 31947 8.1036
31948 31949 2.8992
31949 31948 2.8992
31949 31950 10.8132
31950 31949 10.8132
31628 1347602 0.738
1347602 31628 0.738
1347602 31958 1.0164
31958 1347602 1.0164
2015487 31958 2.0832
31958 2015487 2.0832
31963 1347618 0.7296
1347618 31963 0.7296
1347618 1347119 2.136
1347119 1347618 2.136
1347119 1347121 2.3628
1347121 1347119 2.3628
2015489 1347121 1.8648
1347121 2015489 1.8648
31915 31981 7.4784
31981 31915 7.4784
31981 31982 23.0448
31982 31981 23.0448
33462 33461 16.4124
33461 33462 16.4124
33461 33472 9.1944
33472 33461 9.1944
33472 33460 1.9656
33460 33472 1.9656
33460 1834956 43.362
1834956 33460 43.362
1834956 33459 4.2948
33459 1834956 4.2948
2951 1835017 8.532
1835017 2951 8.532
1835017 33468 71.856
33468 1835017 71.856
33468 1811443 13.3704
1811443 33468 13.3704
1811443 33465 28.3752
33465 1811443 28.3752
33472 331359 13.2048
331359 33472 13.2048
33460 33474 20.61
33474 33460 20.61
34188 771885 1.866
771885 382633 2.0568
382633 919279 6.8796
919279 290766 4.2312
290766 34187 4.4088
34187 919266 4.0848
919266 290776 1.7112
290776 34186 15.0804
34186 1029838 1.3872
1029838 76565 6.5688
76565 34185 0.9648
34185 771868 2.4168
771868 609490 3.3216
609490 34184 1.818
34184 771865 3.8904
771865 609489 0.588
609489 1437398 0.7932
1437398 34183 1.512
34183 34182 4.4088
34182 830376 4.5504
830376 34181 1.9644
34181 34180 5.7564
34180 237994 4.6824
237994 456190 1.572
456190 21408 1.662
22098 22099 3.3682
22099 22100 6.7464
22100 22101 16.1885
22101 22102 10.0361
22102 22103 11.8555
22103 22104 14.2927
22104 22105 4.9572
22105 22106 12.1702
22106 685213 4.2293
685213 22107 5.6887
22107 1012310 4.14
1012310 22108 3.7109
22108 22109 9.7956
22109 1012303 1.4011
1012303 22110 3.6108
22110 22111 5.5325
22111 22112 9.1001
22112 22113 7.3008
2015671 22113 7.6039
1849043 1433231 2.8203
1433231 1849043 2.8203
1433231 514609 0.5462
514609 1433231 0.5462
514609 1955613 0.6321
1955613 514609 0.6321
1955613 514608 2.4269
514608 1955613 2.4269
514608 1668621 0.1512
1668621 514608 0.1512
1668621 1433230 0.143
1433230 1668621 0.143
1433230 1105511 1.4148
1105511 1433230 1.4148
1105511 1955612 0.0612
1955612 1105511 0.0612
1955612 473979 1.3114
473979 1955612 1.3114
473979 1799129 2.9813
1799129 473979 2.9813
1799129 1668619 2.2361
1668619 1799129 2.2361
1668619 680476 0.683
680476 1668619 0.683
680476 1562407 0.9463
1562407 680476 0.9463
1562407 1668617 0.6583
1668617 1562407 0.6583
1668617 680475 3.7569
680475 1668617 3.7569
680475 1955610 1.0718
1955610 680475 1.0718
1955610 1105509 0.1471
1105509 1955610 0.1471
1105509 1668612 0.9705
1668612 1105509 0.9705
1668612 1433233 0.2001
1433233 1668612 0.2001
1433233 473971 0.3528
473971 1433233 0.3528
473971 1955611 1.7378
1955611 473971 1.7378
1955611 473969 0.8923
473969 1955611 0.8923
473969 1668615 0.378
1668615 473969 0.378
1668615 680463 1.9219
680463 1668615 1.9219
680463 473968 0.8326
473968 680463 0.8326
473968 526924 2.7334
526924 473968 2.7334
526924 1458755 5.3517
1458755 526924 5.3517
1458755 54564 0.5328
54564 1458755 0.5328
54564 1458754 0.8378
1458754 54564 0.8378
1458754 1458756 0.6804
1458756 1458754 0.6804
1458756 526923 0.7169
526923 1458756 0.7169
526923 1458753 0.8918
1458753 526923 0.8918
1458753 54565 0.9242
54565 1458753 0.9242
54565 1458752 1.7666
1458752 54565 1.7666
1458752 1458751 0.8614
1458751 1458752 0.8614
1458751 54566 0.8738
54566 1458751 0.8738
54566 1433234 5.1074
1433234 54566 5.1074
1433234 1429897 0.5673
1429897 1433234 0.5673
1429897 1771302 3.0348
1771302 1429897 3.0348
1771302 858581 2.5092
858581 1771302 2.5092
858581 1400847 0.9828
1400847 858581 0.9828
1400847 19228 0.9087
19228 1400847 0.9087
655270 49640 13.0464
49640 655270 13.0464
49640 1774134 17.0784
1774134 49640 17.0784
1774134 49641 10.4832
49641 1774134 10.4832
49641 863883 15.0768
863883 49641 15.0768
863883 49642 8.7264
49642 863883 8.7264
49642 655224 18.2448
655224 49642 18.2448
655224 828474 30.4416
828474 655224 30.4416
828474 48835 24.408
48835 828474 24.408
48835 48836 14.508
48836 48835 14.508
48836 655250 16.4664
655250 48836 16.4664
655250 828482 15.3144
828482 655250 15.3144
828482 76552 8.3376
76552 828482 8.3376
76552 828495 16.4808
828495 76552 16.4808
828495 48837 15.9048
48837 828495 15.9048
48837 863892 23.904
863892 48837 23.904
863892 48838 6.2352
48838 863892 6.2352
48838 863893 4.2696
863893 48838 4.2696
863893 828521 7.9488
828521 863893 7.9488
828521 48839 11.7432
48839 828521 11.7432
48839 48840 17.064
48840 48839 17.064
48840 48841 29.0952
48841 48840 29.0952
48841 76555 22.5072
76555 48841 22.5072
50838 50839 24.768
50839 50838 24.768
50839 50840 30.7332
50840 50839 30.7332
50840 50841 6.3054
50841 50840 6.3054
50841 387726 1.4436
387726 50841 1.4436
387726 50842 9.999
50842 387726 9.999
50842 50843 5.733
50843 50842 5.733
50843 855090 6.2316
855090 50843 6.2316
855090 50844 2.448
50844 855090 2.448
50844 50845 3.3084
50845 50844 3.3084
50845 50846 6.7806
50846 50845 6.7806
50846 50847 7.3656
50847 50846 7.3656
50847 238089 2.9394
238089 50847 2.9394
238089 1643276 2.2734
1643276 238089 2.2734
1643276 513969 2.412
513969 1643276 2.412
513969 1287799 0.7596
1287799 513969 0.7596
1287799 76519 4.032
76519 1287799 4.032
76519 1643206 6.48
1643206 76519 6.48
1643206 76520 4.8042
76520 1643206 4.8042
76520 1496908 5.7744
1496908 76520 5.7744
1496908 76521 5.9364
76521 1496908 5.9364
76521 76454 6.4566
76454 76521 6.4566
50842 387728 8.9676
387728 50842 8.9676
387728 855088 12.6198
855088 387728 12.6198
855088 50848 2.1312
50848 855088 2.1312
50848 50849 6.4854
50849 50848 6.4854
50849 50850 8.4546
50850 50849 8.4546
50850 50851 8.0226
50851 50850 8.0226
50851 50852 3.6252
50852 50851 3.6252
50852 213259 3.5946
213259 50852 3.5946
213259 213185 2.2878
213185 213259 2.2878
213185 50853 2.5416
50853 213185 2.5416
50853 1456402 6.6204
1456402 50853 6.6204
1456402 213219 6.093
213219 1456402 6.093
213219 1456403 6.1308
1456403 213219 6.1308
1456403 50854 5.9526
50854 1456403 5.9526
50854 50855 6.8724
50855 50854 6.8724
50855 17502 13.0464
17502 50855 13.0464
50856 1437360 3.6414
1437360 50856 3.6414
1437360 804226 8.5374
804226 1437360 8.5374
804226 801034 9.8874
801034 804226 9.8874
801034 238061 2.3778
238061 801034 2.3778
238061 804227 4.077
804227 238061 4.077
21408 233950 3.0744
233950 21408 3.0744
233950 1977354 2.8212
1977354 233950 2.8212
1977354 669114 7.692
669114 1977354 7.692
669114 870808 8.544
870808 669114 8.544
870808 21409 1.6872
21409 870808 1.6872
21409 21410 9.2364
21410 21409 9.2364
21410 1948893 0.7176
1948893 21410 0.7176
22017 1977349 2.1092
1977349 22017 2.1092
1977349 1948357 0.5134
1948357 1977349 0.5134
1948357 233925 0.1447
233925 1948357 0.1447
233925 22031 1.9505
22031 233925 1.9505
22031 19125 0.6746
19125 22031 0.6746
76513 388118 20.6946
388118 76513 20.6946
1709258 1964119 3.1793
1964119 1709258 3.1793
428189 1435204 1.8432
1435204 428189 1.8432
1435204 428186 8.4816
428186 1435204 8.4816
428186 428184 2.403
428184 428186 2.403
428184 428179 5.7888
428179 428184 5.7888
428179 428177 3.0978
428177 428179 3.0978
428177 428174 7.3386
428174 428177 7.3386
428174 428178 3.2328
428178 428174 3.2328
428178 1210372 2.2734
1210372 428178 2.2734
1210372 428175 1.791
428175 1210372 1.791
428175 1210373 2.5956
1210373 428175 2.5956
1210373 428181 1.6632
428181 1210373 1.6632
428181 1435201 1.4994
1435201 428181 1.4994
1435201 428180 2.6676
428180 1435201 2.6676
428180 52411 8.1216
52411 428180 8.1216
52411 52412 11.0736
52412 52411 11.0736
52412 1210384 2.8782
1210384 52412 2.8782
76461 76462 14.6448
76462 76461 14.6448
76462 76463 27.3384
76463 76462 27.3384
76463 76464 13.7232
76464 76463 13.7232
76464 76448 21.4488
76448 76464 21.4488
76468 870840 4.608
870840 76468 4.608
870840 76471 4.9032
76471 870840 4.9032
76471 76472 14.616
76472 76471 14.616
76472 870834 4.3848
870834 76472 4.3848
870834 870832 2.9088
870832 870834 2.9088
870832 76473 3.8448
76473 870832 3.8448
76473 870829 3.348
870829 76473 3.348
870829 76474 8.352
76474 870829 8.352
76474 76462 47.6568
76462 76474 47.6568
76463 76476 14.7528
76476 76463 14.7528
76476 870817 6.5016
870817 76476 6.5016
870817 870816 7.0704
870816 870817 7.0704
870816 76449 7.2864
76449 870816 7.2864
76477 76478 161.5752
76478 76477 161.5752
76478 76479 77.0904
76479 76478 77.0904
76479 76480 76.3704
76480 76479 76.3704
76480 76481 35.5896
76481 76480 35.5896
76481 830431 20.052
830431 76481 20.052
830431 22019 14.2632
22019 830431 14.2632
22019 828820 9.864
828820 22019 9.864
828820 878826 34.164
878826 828820 34.164
878826 828818 8.2512
828818 878826 8.2512
828818 828806 66.2472
828806 828818 66.2472
828806 828776 91.0944
828776 828806 91.0944
828776 828751 95.1696
828751 828776 95.1696
828751 828743 37.5624
828743 828751 37.5624
828743 828741 6.5088
828741 828743 6.5088
76479 715961 46.1232
715961 76479 46.1232
715961 772008 195.9192
772008 715961 195.9192
772008 594575 24.4296
594575 772008 24.4296
594575 76482 19.6632
76482 594575 19.6632
76482 76483 8.0712
76483 76482 8.0712
76483 76477 21.7152
76477 76483 21.7152
76477 76484 44.7192
76484 76477 44.7192
76484 76446 22.356
76446 76484 22.356
76446 828741 13.0752
828741 76446 13.0752
828741 771966 15.3504
771966 828741 15.3504
771966 771824 9.324
771824 771966 9.324
76486 1437434 6.8688
1437434 76486 6.8688
1437434 76487 28.8648
76487 1437434 28.8648
76487 1437441 26.6544
1437441 76487 26.6544
1437441 1437435 44.676
1437435 1437441 44.676
1437435 1437409 3.4848
1437409 1437435 3.4848
76507 99004 31.1256
99004 76507 31.1256
99004 76493 35.3448
76493 99004 35.3448
76493 76508 63.5976
76508 76493 63.5976
76497 76509 6.2352
76509 76497 6.2352
76509 76507 35.4816
76507 76509 35.4816
76507 76506 5.9904
76506 76507 5.9904
76506 1437396 50.9112
1437396 76506 50.9112
1437396 76510 8.496
76510 1437396 8.496
76510 76488 21.2544
76488 76510 21.2544
76511 99004 15.8472
99004 76511 15.8472
99004 99003 6.0048
99003 99004 6.0048
99003 76512 15.4224
76512 99003 15.4224
547773 715943 3.594
715943 715946 13.5744
715946 772003 4.8564
772003 771822 2.268
771822 76518 21.2532
76518 76517 10.9764
76517 76516 6.1476
76516 76515 6.342
76515 772022 3.168
772022 715958 1.5972
715958 715964 31.848
715964 1661362 1.0296
1661362 1696639 2.2824
1696639 76458 1.8
76544 2016088 52.0416
2016088 76544 52.0416
76544 76545 33.228
76545 76544 33.228
76524 2016090 10.656
2016090 76524 10.656
76523 76545 27.7488
76545 76523 27.7488
76545 594453 23.0616
594453 76545 23.0616
804268 76522 7.92
76522 804268 7.92
76522 804267 6.8256
804267 76522 6.8256
1950492 594452 2.4768
594452 1950492 2.4768
594452 919186 28.1232
919186 594452 28.1232
919186 2016092 10.0584
2016092 919186 10.0584
76546 870790 39.8736
870790 76546 39.8736
870790 76547 50.544
76547 870790 50.544
655279 828497 16.884
828497 655279 16.884
828497 99005 34.5024
99005 828497 34.5024
99005 76548 23.6664
76548 99005 23.6664
48837 76549 14.8248
76549 48837 14.8248
76549 76548 17.0784
76548 76549 17.0784
76548 76550 18.8352
76550 76548 18.8352
76550 48840 33.2856
48840 76550 33.2856
48840 76554 14.22
76554 48840 14.22
48836 76551 10.9296
76551 48836 10.9296
874971 76558 22.7448
76558 874971 22.7448
76558 874966 16.6752
874966 76558 16.6752
874966 76559 11.952
76559 874966 11.952
76559 657698 17.4312
657698 76559 17.4312
657698 76485 14.0688
76485 657698 14.0688
48842 76560 14.76
76560 48842 14.76
76560 76561 22.1544
76561 76560 22.1544
76561 76558 24.0408
76558 76561 24.0408
76555 76560 43.0992
76560 76555 43.0992
76560 76562 10.9152
76562 76560 10.9152
76562 874967 9.432
874967 76562 9.432
76445 76564 30.9744
76564 76445 30.9744
76564 830300 9.4536
830300 76564 9.4536
830300 830287 81.3888
830287 830300 81.3888
76504 76572 2.0052
76572 76504 2.0052
76572 804408 6.0564
804408 76572 6.0564
804408 804410 2.0412
804410 804408 2.0412
804410 771771 1.14
771771 804410 1.14
771771 76573 0.9936
76573 771771 0.9936
76573 804422 3.888
804422 76573 3.888
804422 804425 1.9608
804425 804422 1.9608
804425 76574 1.6068
76574 804425 1.6068
76574 76575 6.1932
76575 76574 6.1932
76575 76576 4.7292
76576 76575 4.7292
76576 76577 5.1252
76577 76576 5.1252
76577 76578 4.2312
76578 76577 4.2312
76578 828576 1.068
828576 76578 1.068
828576 76579 1.8552
76579 828576 1.8552
76579 1437373 6.99
1437373 76579 6.99
76567 828603 5.1984
828603 76567 5.1984
828603 1437380 1.7496
1437380 828603 1.7496
1437380 828585 39.6072
828585 1437380 39.6072
828585 76582 33.6456
76582 828585 33.6456
76582 76569 33.1488
76569 76582 33.1488
76583 76582 39.3192
76582 76583 39.3192
76582 76568 17.5824
76568 76582 17.5824
876779 1952239 4.4928
1952239 876779 4.4928
1952239 76503 4.4856
76503 1952239 4.4856
76503 547767 9.1728
547767 76503 9.1728
547767 76584 23.2488
76584 547767 23.2488
76584 76585 84.0024
76585 76584 84.0024
76585 919269 64.0152
919269 76585 64.0152
919269 76586 33.012
76586 919269 33.012
76586 76587 11.3112
76587 76586 11.3112
76587 919265 12.9528
919265 76587 12.9528
919265 919268 12.7368
919268 919265 12.7368
919268 76588 15.5376
76588 919268 15.5376
76588 919273 6.156
919273 76588 6.156
919273 76589 5.0184
76589 919273 5.0184
76589 76590 8.2008
76590 76589 8.2008
76590 919280 26.4096
919280 76590 26.4096
919280 76591 24.0264
76591 919280 24.0264
76591 76592 27.0864
76592 76591 27.0864
76592 76593 47.6136
76593 76592 47.6136
76593 76594 8.6976
76594 76593 8.6976
76594 76595 32.4504
76595 76594 32.4504
76595 909045 8.6904
909045 76595 8.6904
909045 909048 39.384
909048 909045 39.384
909048 76596 21.2256
76596 909048 21.2256
76596 547769 6.4368
547769 76596 6.4368
547769 547770 4.7448
547770 547769 4.7448
547770 547771 12.8016
547771 547770 12.8016
547771 547772 5.0616
547772 547771 5.0616
547772 870820 5.8464
870820 547772 5.8464
547768 1706098 5.6916
1706098 547768 5.6916
1706098 909043 3.888
909043 1706098 3.888
909043 909041 19.3428
909041 909043 19.3428
909041 909044 6.174
909044 909041 6.174
909044 547772 5.9508
547772 909044 5.9508
547772 1114676 3.1212
1114676 547772 3.1212
1114676 1114677 2.6964
1114677 1114676 2.6964
1114677 76460 1.5768
76460 1114677 1.5768
829005 76597 24.6888
76597 829005 24.6888
76597 76598 32.8968
76598 76597 32.8968
76598 76599 17.6328
76599 76598 17.6328
76599 76502 3.1968
76502 76599 3.1968
76502 76600 11.8944
76600 76502 11.8944
76601 1456493 2.2404
1456493 76601 2.2404
1456493 1456513 2.7456
1456513 1456493 2.7456
1456513 76602 1.9356
76602 1456513 1.9356
76602 1456514 3.1056
1456514 76602 3.1056
1456514 387723 1.0896
387723 1456514 1.0896
387723 76603 2.4804
76603 387723 2.4804
76603 1456515 2.3808
1456515 76603 2.3808
1456515 76604 3.012
76604 1456515 3.012
76604 76605 3.0492
76605 76604 3.0492
76605 76606 4.0464
76606 76605 4.0464
76606 76607 5.3304
76607 76606 5.3304
76607 76608 3.4188
76608 76607 3.4188
76608 76609 4.1832
76609 76608 4.1832
76609 76610 1.2084
76610 76609 1.2084
772772 76774 43.7616
76774 772772 43.7616
76774 76775 4.4712
76775 76774 4.4712
76775 1431267 49.0752
1431267 76775 49.0752
1431267 76776 13.3344
76776 1431267 13.3344
804322 804418 13.1328
804418 804322 13.1328
804418 804419 1.4112
804419 804418 1.4112
804419 804420 1.7856
804420 804419 1.7856
804420 840800 7.9056
840800 804420 7.9056
840800 804406 33.9408
804406 840800 33.9408
804406 804241 2.1024
804241 804406 2.1024
804241 804407 2.1096
804407 804241 2.1096
804407 828494 56.0808
828494 804407 56.0808
828494 804252 2.7432
804252 828494 2.7432
804252 81490 2.8224
81490 804252 2.8224
81490 804254 2.8008
804254 81490 2.8008
804254 81491 9.9648
81491 804254 9.9648
81491 81492 16.0344
81492 81491 16.0344
81492 804333 29.5272
804333 81492 29.5272
804333 81493 7.1208
81493 804333 7.1208
81493 804340 34.7616
804340 81493 34.7616
804340 804343 83.7288
804343 804340 83.7288
804343 804344 4.2336
804344 804343 4.2336
804344 828582 27.9504
828582 804344 27.9504
828582 1964142 87.3288
1964142 828582 87.3288
1964142 804350 83.9088
804350 1964142 83.9088
804350 804351 3.9312
804351 804350 3.9312
804351 804356 42.084
804356 804351 42.084
804356 81485 47.5344
81485 804356 47.5344
81485 804359 6.264
804359 81485 6.264
804359 804360 2.4264
804360 804359 2.4264
804360 804364 2.4336
804364 804360 2.4336
804364 804371 2.5272
804371 804364 2.5272
804371 81486 1.7928
81486 804371 1.7928
81486 81487 12.9744
81487 81486 12.9744
81487 804366 9.4104
804366 81487 9.4104
804366 804368 27.684
804368 804366 27.684
804368 804375 11.1168
804375 804368 11.1168
804375 804376 3.3336
804376 804375 3.3336
804376 81488 3.2688
81488 804376 3.2688
81488 804365 1.8576
804365 81488 1.8576
804365 804363 1.4112
804363 804365 1.4112
804363 804362 1.8144
804362 804363 1.8144
804362 81489 24.6312
81489 804362 24.6312
1046520 1361483 1.1614
1361483 1046520 1.1614
1361483 460323 2.4394
460323 1361483 2.4394
460323 1361503 0.1822
1361503 460323 0.1822
1361503 1389402 8.0143
1389402 1361503 8.0143
1389402 363588 0.9086
363588 1389402 0.9086
363588 93425 0.9886
93425 363588 0.9886
93425 363650 2.16
363650 93425 2.16
363650 363574 10.1686
363574 363650 10.1686
363574 363632 14.688
363632 363574 14.688
363632 363610 6.678
363610 363632 6.678
363610 365356 4.8492
365356 363610 4.8492
365356 363599 2.155
363599 365356 2.155
363599 93426 0.3125
93426 363599 0.3125
76570 76583 75.96
76583 76570 75.96
76583 76576 12.2904
76576 76583 12.2904
1948920 1664515 0.7663
1664515 1948920 0.7663
1664515 858558 1.2379
858558 1664515 1.2379
1967214 919314 2.4444
919314 1967214 2.4444
919314 1402219 0.3024
1402219 919314 0.3024
33480 974048 3.3012
974048 33480 3.3012
974048 100151 22.3668
100151 974048 22.3668
384175 384180 6.5088
384180 384175 6.5088
384180 384179 1.104
384179 384180 1.104
885053 1811404 1.4987
1811404 885053 1.4987
1811404 1977306 0.6109
1977306 1811404 0.6109
1977306 1977307 1.4821
1977307 1977306 1.4821
1977307 123643 0.7729
123643 1977307 0.7729
123643 363783 0.6289
363783 123643 0.6289
363783 1510044 0.4925
1510044 363783 0.4925
1510044 1811408 0.6289
1811408 1510044 0.6289
1811408 1811409 4.3826
1811409 1811408 4.3826
1811409 2951 0.9371
2951 1811409 0.9371
2951 1510043 2.6255
1510043 2951 2.6255
1510043 1835019 2.0945
1835019 1510043 2.0945
1835019 365353 1.8644
365353 1835019 1.8644
1967207 974049 3.3228
974049 1967207 3.3228
974049 107857 5.5152
107857 974049 5.5152
107857 107858 8.5284
107858 107857 8.5284
107858 107859 7.3152
107859 107858 7.3152
107859 107860 20.8944
107860 107859 20.8944
107860 680435 5.6952
680435 107860 5.6952
680435 107861 21.1104
107861 680435 21.1104
108918 108919 0.9588
108919 108918 0.9588
108919 1651271 5.7864
1651271 108919 5.7864
1651271 292518 1.3404
292518 1651271 1.3404
292518 1651272 7.656
1651272 292518 7.656
1651272 292574 1.1376
292574 1651272 1.1376
292574 684449 6.7872
684449 292574 6.7872
684449 1651199 1.6068
1651199 684449 1.6068
1651199 108920 0.7488
108920 1651199 0.7488
108920 1033623 0.7068
1033623 108920 0.7068
1033623 1651270 0.9468
1651270 1033623 0.9468
1651270 686220 3.9876
686220 1651270 3.9876
686220 1112138 3.9516
1112138 686220 3.9516
1112138 1651269 1.6272
1651269 1112138 1.6272
1651269 292560 8.0484
292560 1651269 8.0484
292560 1112143 1.23
1112143 292560 1.23
1112143 1651268 8.322
1651268 1112143 8.322
1651268 108907 0.8544
108907 1651268 0.8544
108907 1112142 1.4268
1112142 108907 1.4268
1112142 1112141 7.7448
1112141 1112142 7.7448
1112141 108906 1.4844
108906 1112141 1.4844
108907 108908 18.0108
108908 108907 18.0108
292536 292553 6.336
292553 292536 6.336
292553 292565 4.6308
292565 292553 4.6308
292565 292548 1.7928
292548 292565 1.7928
292548 1924751 3.9468
1924751 292548 3.9468
1924751 1651143 1.5288
1651143 1924751 1.5288
1651143 1651139 7.23
1651139 1651143 7.23
1651139 709963 0.2748
709963 1651139 0.2748
709963 1651123 8.2848
1651123 709963 8.2848
1651123 1651248 4.488
1651248 1651123 4.488
1651248 1651245 1.0128
1651245 1651248 1.0128
1651245 108911 0.8808
108911 1651245 0.8808
108922 1651202 19.4292
1651202 108922 19.4292
1651202 108923 17.568
108923 1651202 17.568
858550 1651191 3.8628
1651191 858550 3.8628
1651191 1651192 25.3548
1651192 1651191 25.3548
1651192 1651193 3.3876
1651193 1651192 3.3876
1651193 108933 2.4912
108933 1651193 2.4912
108933 1651256 2.6316
1651256 108933 2.6316
1651256 363936 26.1396
363936 1651256 26.1396
363936 108935 9.8172
108935 363936 9.8172
240104 108951 24.9732
108951 240104 24.9732
108951 108949 73.1304
108949 108951 73.1304
108949 108943 14.292
108943 108949 14.292
108943 108952 19.5732
108952 108943 19.5732
108952 108954 29.1924
108954 108952 29.1924
108954 108955 7.866
108955 108954 7.866
21659 2016578 8.0448
2016578 21659 8.0448
21659 21660 8.1348
21660 21659 8.1348
21660 21661 8.6592
21661 21660 8.6592
21661 21662 3.1668
21662 21661 3.1668
21662 1262338 1.5024
1262338 21662 1.5024
1262338 21663 1.4976
21663 1262338 1.4976
21663 240133 1.6272
240133 21663 1.6272
240133 21664 1.0512
21664 240133 1.0512
21664 240105 10.6776
240105 21664 10.6776
240105 21665 0.6924
21665 240105 0.6924
21665 21666 6.6936
21666 21665 6.6936
21666 240065 4.5348
240065 21666 4.5348
240065 21667 8.0688
21667 240065 8.0688
21667 21668 8.4456
21668 21667 8.4456
21668 21669 4.2156
21669 21668 4.2156
21669 240106 8.736
240106 21669 8.736
240106 21670 0.2484
21670 240106 0.2484
21670 21671 4.1892
21671 21670 4.1892
21671 21672 4.6488
21672 21671 4.6488
21672 21673 3.8664
21673 21672 3.8664
21673 240124 12.8892
240124 21673 12.8892
240124 715933 4.494
715933 240124 4.494
715933 108941 3.6852
108941 715933 3.6852
108941 240072 6.1128
240072 108941 6.1128
240072 715931 2.688
715931 240072 2.688
715931 108944 2.5044
108944 715931 2.5044
108944 240135 4.0356
240135 108944 4.0356
240135 108948 3.1656
108948 240135 3.1656
108948 108956 5.1264
108956 108948 5.1264
108956 108950 8.5704
108950 108956 8.5704
108950 108946 8.4024
108946 108950 8.4024
108946 108947 5.5164
108947 108946 5.5164
108947 108942 2.8536
108942 108947 2.8536
108942 108945 4.2684
108945 108942 4.2684
108945 108940 4.1736
108940 108945 4.1736
108940 108953 5.07
108953 108940 5.07
108953 108955 4.2756
108955 108953 4.2756
108955 240113 9.1068
240113 108955 9.1068
115829 277043 2.394
277043 115829 2.394
277043 277024 3.3204
277024 277043 3.3204
277024 602218 4.2312
602218 277024 4.2312
602218 115837 0.8904
115837 602218 0.8904
115837 602217 4.3632
602217 115837 4.3632
602217 115838 10.6476
115838 602217 10.6476
115838 1425054 7.4184
1425054 115838 7.4184
1425054 115839 13.1004
115839 1425054 13.1004
115839 115840 2.8908
115840 115839 2.8908
115840 1370548 14.4792
1370548 115840 14.4792
1370548 1370544 2.1804
1370544 1370548 2.1804
1370544 1370546 1.6812
1370546 1370544 1.6812
1370546 1900240 1.0716
1900240 1370546 1.0716
1900240 1370545 0.9816
1370545 1900240 0.9816
1370545 1370547 1.8972
1370547 1370545 1.8972
1370547 1425055 7.7004
1425055 1370547 7.7004
1425055 1425056 7.914
1425056 1425055 7.914
1425056 1900183 4.2756
1900183 1425056 4.2756
1900183 1900229 5.4528
1900229 1900183 5.4528
1900229 115841 6.018
115841 1900229 6.018
115841 115842 2.4492
115842 115841 2.4492
115842 1425057 1.026
1425057 115842 1.026
1425057 1425059 8.328
1425059 1425057 8.328
1425059 1425058 0.8376
1425058 1425059 0.8376
1425058 115843 0.8424
115843 1425058 0.8424
115843 115844 22.3716
115844 115843 22.3716
115844 115845 8.304
115845 115844 8.304
115845 277000 7.5408
277000 115845 7.5408
277000 277022 2.0688
277022 277000 2.0688
277022 653256 1.764
653256 277022 1.764
653256 115846 1.2384
115846 653256 1.2384
115846 115847 0.7044
115847 115846 0.7044
115847 21902 0.5052
21902 115847 0.5052
863880 863879 0.2945
863879 863880 0.2945
863879 804281 3.3516
804281 863879 3.3516
804281 827787 0.9432
827787 804281 0.9432
827787 804277 0.9367
804277 827787 0.9367
804277 804278 3.6821
804278 804277 3.6821
804278 804276 1.6265
804276 804278 1.6265
804276 116605 1.2917
116605 804276 1.2917
116605 384193 2.0333
384193 116605 2.0333
384193 873826 1.7662
873826 384193 1.7662
873826 116606 1.3507
116606 873826 1.3507
116606 1815295 2.5646
1815295 116606 2.5646
1815295 116607 2.8282
116607 1815295 2.8282
116607 116608 2.9628
116608 116607 2.9628
116608 827786 2.8757
827786 116608 2.8757
827786 827785 1.5876
827785 827786 1.5876
827785 863878 0.918
863878 827785 0.918
863878 668834 0.6998
668834 863878 0.6998
668834 116609 6.3403
116609 668834 6.3403
116609 827784 1.7892
827784 116609 1.7892
827784 823788 2.0765
823788 827784 2.0765
743766 743762 4.014
743762 743766 4.014
743762 743761 9.6948
743761 743762 9.6948
743761 743755 3.3624
743755 743761 3.3624
743755 743753 3.1104
743753 743755 3.1104
743753 2016704 10.764
2016704 743753 10.764
1661368 233941 0.2856
233941 1661368 0.2856
233941 1977424 1.7856
1977424 233941 1.7856
1977424 233934 6.0354
233934 1977424 6.0354
233934 1977422 6.8328
1977422 233934 6.8328
1977422 22032 1.2294
22032 1977422 1.2294
22032 1977423 2.0298
1977423 22032 2.0298
1977423 22033 3.4788
22033 1977423 3.4788
22033 233909 2.7294
233909 22033 2.7294
233909 22034 2.3568
22034 233909 2.3568
22034 233940 4.3056
233940 22034 4.3056
233940 233948 3.5442
233948 233940 3.5442
233948 1977430 7.4574
1977430 233948 7.4574
1977430 233933 2.022
233933 1977430 2.022
233933 1977431 1.9056
1977431 233933 1.9056
1977431 547775 4.3134
547775 1977431 4.3134
547775 233914 0.5142
233914 547775 0.5142
233914 21411 1.6404
21411 233914 1.6404
1964110 237674 0.513
237674 1964110 0.513
237674 771966 3.8952
771966 237674 3.8952
771966 21401 1.8513
21401 771966 1.8513
21408 1709995 0.2777
1709995 21408 0.2777
1709995 829008 0.2782
829008 1709995 0.2782
829008 76450 1.0306
76450 829008 1.0306
76450 1977434 1.1145
1977434 76450 1.1145
1977434 76451 0.1538
76451 1977434 0.1538
76451 76452 3.3747
76452 76451 3.3747
76452 804381 1.4282
804381 76452 1.4282
804381 76453 0.7581
76453 804381 0.7581
76453 804380 1.3325
804380 76453 1.3325
804380 1977436 2.2531
1977436 804380 2.2531
1977436 804379 2.0592
804379 1977436 2.0592
804379 387729 1.0985
387729 804379 1.0985
1963407 412545 0.3915
412545 1963407 0.3915
412545 266786 0.3888
266786 412545 0.3888
266786 1977433 2.6892
1977433 266786 2.6892
1977433 771989 1.341
771989 1977433 1.341
771989 290781 0.3771
290781 771989 0.3771
290781 1963411 0.6111
1963411 290781 0.6111
18245 180845 0.8079
180845 18245 0.8079
180845 1977414 1.4102
1977414 180845 1.4102
1977414 772830 1.5681
772830 1977414 1.5681
772830 830294 0.3466
830294 772830 0.3466
830294 1948251 0.0972
1948251 830294 0.0972
870795 1977402 0.144
1977402 870795 0.144
1977402 1964141 9.5544
1964141 1977402 9.5544
1964141 870793 2.951
870793 1964141 2.951
870793 1977403 3.0734
1977403 870793 3.0734
1977403 804346 2.2217
804346 1977403 2.2217
804346 1977404 1.8401
1977404 804346 1.8401
1977404 1709842 2.5961
1709842 1977404 2.5961
388235 771830 2.6892
771830 388235 2.6892
771830 876776 0.6024
876776 771830 0.6024
876776 804219 6.8688
804219 876776 6.8688
804219 17485 4.1676
17485 804219 4.1676
17485 50856 10.938
50856 17485 10.938
387729 876778 2.5344
876778 387729 2.5344
876778 50837 2.403
50837 876778 2.403
50837 237983 7.1676
237983 50837 7.1676
237983 1643281 34.8678
1643281 237983 34.8678
1643281 238049 1.3896
238049 1643281 1.3896
238049 1435128 2.1276
1435128 238049 2.1276
1435128 1643197 11.0664
1643197 1435128 11.0664
1643197 1643199 9.3006
1643199 1643197 9.3006
1643199 1643201 10.8522
1643201 1643199 10.8522
1643201 668854 8.6346
668854 1643201 8.6346
668854 1435142 9.7956
1435142 668854 9.7956
1435142 1643205 0.7182
1643205 1435142 0.7182
1643205 668855 10.5678
668855 1643205 10.5678
668855 76454 4.9374
76454 668855 4.9374
76454 1643214 2.0502
1643214 76454 2.0502
1643214 76455 2.0934
76455 1643214 2.0934
76455 1643232 13.0698
1643232 76455 13.0698
1643232 1447000 15.1938
1447000 1643232 15.1938
1447000 1447006 16.7112
1447006 1447000 16.7112
1447006 1643226 2.0682
1643226 1447006 2.0682
1643226 76456 2.6982
76456 1643226 2.6982
1948362 1948361 5.7708
1948361 1948362 5.7708
21401 76447 1.8864
76447 21401 1.8864
76447 828726 8.1324
828726 76447 8.1324
828726 76448 1.0971
76448 828726 1.0971
76448 828720 0.4941
828720 76448 0.4941
828720 76449 4.8924
76449 828720 4.8924
76449 870814 1.9269
870814 76449 1.9269
870814 22021 1.692
22021 870814 1.692
22021 830423 1.9935
830423 22021 1.9935
830423 22022 1.9755
22022 830423 1.9755
22022 22023 3.9168
22023 22022 3.9168
22023 22024 3.7341
22024 22023 3.7341
22024 22025 2.9961
22025 22024 2.9961
22025 1710515 0.9918
1710515 22025 0.9918
21401 772027 1.1191
772027 21401 1.1191
772027 21402 2.5869
21402 772027 2.5869
21402 1977427 0.2119
1977427 21402 0.2119
1977427 412549 1.8175
412549 1977427 1.8175
412549 19123 1.1885
19123 412549 1.1885
123515 123508 58.4568
123508 123515 58.4568
123508 123509 11.9376
123509 123508 11.9376
123509 123510 34.3476
123510 123509 34.3476
123510 123518 55.4868
123518 123510 55.4868
123518 123507 79.8696
123507 123518 79.8696
123507 123538 156.1824
123538 123507 156.1824
123553 123560 9.4176
123560 123553 9.4176
123560 123528 6.7464
123528 123560 6.7464
123528 123529 5.94
123529 123528 5.94
123529 123530 7.704
123530 123529 7.704
123530 123531 9.1008
123531 123530 9.1008
123531 1262953 10.9872
1262953 123531 10.9872
1262953 123532 3.2076
123532 1262953 3.2076
123532 846985 10.4544
846985 123532 10.4544
846985 987357 7.3368
987357 846985 7.3368
987357 1475277 29.988
1475277 987357 29.988
1475277 359735 4.1184
359735 1475277 4.1184
123560 123533 8.8452
123533 123560 8.8452
123533 123534 4.6296
123534 123533 4.6296
123534 123535 6.9912
123535 123534 6.9912
123535 989117 5.0832
989117 123535 5.0832
989117 847090 22.986
847090 989117 22.986
847090 123536 33.2496
123536 847090 33.2496
123542 432959 21.1968
432959 123542 21.1968
432959 987344 3.0312
987344 432959 3.0312
987344 931620 5.4396
931620 987344 5.4396
931620 123545 19.2024
123545 931620 19.2024
123545 123546 7.9092
123546 123545 7.9092
123546 123547 7.2504
123547 123546 7.2504
123547 123548 5.9832
123548 123547 5.9832
123548 123526 5.6952
123526 123548 5.6952
22098 123516 2.0124
123516 22098 2.0124
123516 123514 35.19
123514 123516 35.19
123514 123515 18.4032
123515 123514 18.4032
123562 1074885 30.0816
1074885 123562 30.0816
1074885 432960 11.9988
432960 1074885 11.9988
432960 847080 4.2516
847080 432960 4.2516
847080 123549 8.2404
123549 847080 8.2404
123549 847065 6.2496
847065 123549 6.2496
847065 123550 3.3084
123550 847065 3.3084
123550 989126 9.3924
989126 123550 9.3924
989126 123542 19.4832
123542 989126 19.4832
123542 847063 15.3792
847063 123542 15.3792
847063 123543 8.1756
123543 847063 8.1756
123543 847064 5.4792
847064 123543 5.4792
847064 123544 5.0616
123544 847064 5.0616
123544 123551 7.5096
123551 123544 7.5096
123551 847067 10.8108
847067 123551 10.8108
847067 123552 5.3316
123552 847067 5.3316
123552 123553 22.0644
123553 123552 22.0644
123553 123561 5.688
123561 123553 5.688
123561 989114 8.406
989114 123561 8.406
989114 989118 6.5556
989118 989114 6.5556
989118 123554 27.8748
123554 989118 27.8748
123554 847069 2.3688
847069 123554 2.3688
847069 847070 2.2284
847070 847069 2.2284
847070 847071 2.4264
847071 847070 2.4264
847071 847072 3.1644
847072 847071 3.1644
847072 123555 8.37
123555 847072 8.37
123555 847073 5.7708
847073 123555 5.7708
847073 989115 10.1304
989115 847073 10.1304
989115 989138 6.0228
989138 989115 6.0228
989138 989136 5.2992
989136 989138 5.2992
989136 123556 2.628
123556 989136 2.628
123556 931615 8.6328
931615 123556 8.6328
931615 123557 11.2752
123557 931615 11.2752
123557 1012585 0.9504
1012585 123557 0.9504
1012585 989113 4.77
989113 1012585 4.77
989113 989116 21.3264
989116 989113 21.3264
989116 1976831 6.9516
1976831 989116 6.9516
1976831 123558 10.2564
123558 1976831 10.2564
123558 123559 6.282
123559 123558 6.282
123526 931614 4.734
931614 123526 4.734
931614 123527 5.022
123527 931614 5.022
123527 1615594 24.3504
1615594 123527 24.3504
1615594 123522 43.1856
123522 1615594 43.1856
123522 123523 7.9812
123523 123522 7.9812
123523 123524 13.6044
123524 123523 13.6044
123524 123525 32.7744
123525 123524 32.7744
123525 123511 10.44
123511 123525 10.44
123511 123512 5.0364
123512 123511 5.0364
123512 123519 9.234
123519 123512 9.234
123519 123520 8.2908
123520 123519 8.2908
123520 123521 8.8308
123521 123520 8.8308
123521 123513 7.416
123513 123521 7.416
123513 123510 44.118
123510 123513 44.118
123538 982610 4.6692
982610 123538 4.6692
982610 123539 23.3928
123539 982610 23.3928
123539 123540 45.0468
123540 123539 45.0468
123540 123541 16.7184
123541 123540 16.7184
123541 21699 38.1096
21699 123541 38.1096
1400834 1400862 0.7977
1400862 1400834 0.7977
1400862 1963425 1.6668
1963425 1400862 1.6668
1963425 1955587 1.189
1955587 1963425 1.189
1955587 19229 1.8149
19229 1955587 1.8149
19229 314001 0.8038
314001 19229 0.8038
314001 1400979 0.6655
1400979 314001 0.6655
1400979 1400911 0.6531
1400911 1400979 0.6531
1400911 19230 0.4418
19230 1400911 0.4418
33484 1835183 1.2809
1835183 33484 1.2809
1835183 33485 1.409
33485 1835183 1.409
33485 974044 7.6349
974044 33485 7.6349
974044 1966905 0.6811
1966905 974044 0.6811
1966905 873454 0.7762
873454 1966905 0.7762
15911 273828 3.306
273828 15911 3.306
273828 273857 2.9688
273857 273828 2.9688
273857 15912 1.9032
15912 273857 1.9032
15912 273976 2.7048
273976 15912 2.7048
273976 15913 2.9712
15913 273976 2.9712
15913 273815 1.3296
273815 15913 1.3296
273815 15914 1.356
15914 273815 1.356
15914 273934 3.8844
273934 15914 3.8844
273934 15915 2.0484
15915 273934 2.0484
15915 15916 4.8924
15916 15915 4.8924
15916 15917 6.804
15917 15916 6.804
15917 15918 6.888
15918 15917 6.888
15918 273946 0.8784
273946 15918 0.8784
273946 273872 0.9888
273872 273946 0.9888
273872 273902 7.2312
273902 273872 7.2312
273902 273829 1.2264
273829 273902 1.2264
273829 273820 1.3704
273820 273829 1.3704
273820 273940 1.5912
273940 273820 1.5912
273940 425295 3.0744
425295 273940 3.0744
425295 273896 4.0572
273896 425295 4.0572
273896 273928 6.4908
273928 273896 6.4908
273928 273852 1.3812
273852 273928 1.3812
273852 273883 1.1988
273883 273852 1.1988
273883 273808 1.2864
273808 273883 1.2864
273808 273800 7.5792
273800 273808 7.5792
273800 273919 10.248
273919 273800 10.248
273919 425294 12.3768
425294 273919 12.3768
425294 273953 5.8884
273953 425294 5.8884
273953 273878 1.2912
273878 273953 1.2912
273878 273907 1.1628
273907 273878 1.1628
273907 273833 1.4952
273833 273907 1.4952
273833 273862 4.0428
273862 273833 4.0428
273862 273985 1.5192
273985 273862 1.5192
273985 273975 1.896
273975 273985 1.896
273975 273901 2.502
273901 273975 2.502
273901 273835 1.8288
273835 273901 1.8288
273835 273844 1.8132
273844 273835 1.8132
273844 273962 1.944
273962 273844 1.944
273962 273884 6.8796
273884 273962 6.8796
273884 273958 12.8316
273958 273884 12.8316
273958 273799 1.5276
273799 273958 1.5276
273799 273832 3.7908
273832 273799 3.7908
273832 273952 2.55
273952 273832 2.55
273952 273982 2.3412
273982 273952 2.3412
273982 273905 5.3052
273905 273982 5.3052
273905 273900 3.4728
273900 273905 3.4728
273900 273827 4.2012
273827 273900 4.2012
273827 273856 1.4472
273856 273827 1.4472
273856 273974 1.5924
273974 273856 1.5924
273974 273812 3.9132
273812 273974 3.9132
273812 273850 17.6724
273850 273812 17.6724
273850 273931 10.2972
273931 273850 10.2972
273931 273876 2.124
273876 273931 2.124
273876 273830 2.0316
273830 273876 2.0316
273830 273947 2.2524
273947 273830 2.2524
273947 273941 1.5132
273941 273947 1.5132
273941 273864 2.0076
273864 273941 2.0076
273864 139273 2.7408
139273 273864 2.7408
1966898 918119 1.9488
918119 1966898 1.9488
918119 1597215 4.5444
1597215 918119 4.5444
1597215 33479 1.6272
33479 1597215 1.6272
33479 1597214 1.002
1597214 33479 1.002
1597214 594698 0.8568
594698 1597214 0.8568
594698 1597213 2.592
1597213 594698 2.592
1597213 1955578 2.6316
1955578 1597213 2.6316
1955578 1955577 3.1164
1955577 1955578 3.1164
1955577 1955579 5.304
1955579 1955577 5.304
1955579 1964201 5.6712
1964201 1955579 5.6712
21716 125877 1.1779
125877 21716 1.1779
125877 125878 2.1492
125878 125877 2.1492
125878 723225 1.7741
723225 125878 1.7741
723225 1847104 2.6827
1847104 723225 2.6827
1847104 125879 1.5415
125879 1847104 1.5415
125879 125880 8.9489
125880 125879 8.9489
125880 125881 5.035
125881 125880 5.035
125881 1629816 6.5441
1629816 125881 6.5441
1629816 125876 3.51
125876 1629816 3.51
125876 315217 2.7619
315217 125876 2.7619
315217 315206 2.5999
315206 315217 2.5999
315206 315221 8.7106
315221 315206 8.7106
315221 125875 2.137
125875 315221 2.137
125875 315215 5.6009
315215 125875 5.6009
315215 487195 8.3146
487195 315215 8.3146
487195 315210 1.8331
315210 487195 1.8331
315210 315228 0.3866
315228 315210 0.3866
315228 1900864 0.7034
1900864 315228 0.7034
1900864 315067 0.8654
315067 1900864 0.8654
22064 125951 2.5858
125951 22064 2.5858
125951 1889452 1.656
1889452 125951 1.656
1889452 22065 0.1666
