140129
448 274231 1.3794
274231 274185 0.9006
274185 274180 0.8568
274180 449 0.6654
449 274135 0.6414
274135 274155 0.6468
274155 450 0.7446
450 274219 0.6444
274219 274174 0.6738
274174 274170 0.7446
274170 451 0.8178
451 274124 0.7818
274124 274142 0.6036
274142 274214 0.627
274214 452 0.7302
452 274114 0.6756
274114 274191 0.7452
274191 274208 0.7224
274208 898506 0.66
898506 898505 0.8442
23 274245 1.5552
274245 274223 1.0578
274223 274177 0.8586
274177 453 0.744
453 274200 0.8406
274200 274151 0.726
274151 274147 0.6906
274147 454 0.7146
454 274218 0.6828
274218 455 0.7554
455 274118 0.7608
274118 274194 0.7782
274194 456 0.7278
456 274209 0.831
274209 274163 0.8442
274163 457 0.708
457 274183 0.7872
274183 274138 0.6594
274138 458 0.9822
458 459 2.5542
1013007 800637 18.0714
800637 274201 16.7508
274201 460 1.2546
460 274125 1.5018
274125 274224 1.2426
274224 461 1.4982
461 274133 14.718
274133 274165 1.0872
274165 2052 0.9168
2052 274120 1.2888
274120 17734 0.8838
134575 766724 0.6619
766724 134575 0.6619
766724 1968779 1.8144
1968779 766724 1.8144
1968779 130167 1.3433
130167 1968779 1.3433
130167 130174 4.7186
130174 130167 4.7186
130174 689889 0.2345
689889 130174 0.2345
689889 2015157 0.793
2015157 689889 0.793
2061 274130 1.9266
274130 2062 3.0984
2062 274221 1.041
274221 274156 1.1784
274156 274159 4.1802
274159 274207 0.9018
274207 274189 0.6156
274189 274233 0.5988
274233 274213 0.5388
274213 2063 0.8256
2051 720940 0.975
720940 720941 0.4032
720941 274196 0.4302
274196 2065 0.5664
2065 274211 7.6944
274211 2066 0.8046
2066 36559 2.0424
2038 2039 1.4513
2039 2038 1.4513
2039 2040 1.7712
2040 2039 1.7712
2040 2041 3.4102
2041 2040 3.4102
2041 2042 3.7805
2042 2041 3.7805
2042 2043 3.8957
2043 2042 3.8957
2043 2044 2.9551
2044 2043 2.9551
2044 2045 1.7357
2045 2044 1.7357
2045 2046 1.6817
2046 2045 1.6817
2046 2047 1.6473
2047 2046 1.6473
2047 2048 1.6164
2048 2047 1.6164
2048 2049 1.9517
2049 2048 1.9517
2049 689524 1.007
689524 2049 1.007
689524 680081 2.6877
680081 689524 2.6877
680081 2050 3.5979
2050 680081 3.5979
2050 96879 1.6591
96879 2050 1.6591
2070 103646 1.2125
103646 2070 1.2125
2078 1738540 0.4155
1738540 2078 0.4155
1738540 41093 0.9134
41093 1738540 0.9134
2083 1742749 1.8741
1742749 2083 1.8741
1742749 3938 2.8764
3938 1742749 2.8764
3938 2085 6.6374
2085 3938 6.6374
2376 110354 42.228
110354 2376 42.228
110354 274021 2.3436
274021 110354 2.3436
274021 2377 2.0664
2377 274021 2.0664
2377 2378 11.4624
2378 2377 11.4624
2378 324482 0.7164
324482 2378 0.7164
324482 2380 4.3524
2380 324482 4.3524
2084 2676 0.6542
2676 2084 0.6542
2676 274063 0.703
274063 2676 0.703
274063 2402 3.9682
2402 274063 3.9682
2402 274040 0.3919
274040 2402 0.3919
274040 1704577 1.3598
1704577 274040 1.3598
1704577 177166 0.3338
177166 1704577 0.3338
177166 274080 0.4083
274080 177166 0.4083
274080 2401 0.2623
2401 274080 0.2623
2401 274033 0.325
274033 2401 0.325
274033 274100 0.665
274100 274033 0.665
274100 3949 0.8244
3949 274100 0.8244
3949 274044 1.7517
274044 3949 1.7517
274044 2400 2.233
2400 274044 2.233
2400 1713358 0.4233
1713358 2400 0.4233
1713358 2399 1.7974
2399 1713358 1.7974
2399 1260922 1.6005
1260922 2399 1.6005
1260922 556614 0.1291
556614 1260922 0.1291
556614 1704547 2.1461
1704547 556614 2.1461
1704547 769347 1.4462
769347 1704547 1.4462
769347 556607 4.3138
556607 769347 4.3138
556607 1969065 0.6418
1969065 556607 0.6418
1969065 177165 1.3742
177165 1969065 1.3742
177165 434014 0.3677
434014 177165 0.3677
434014 274022 2.7674
274022 434014 2.7674
274022 274068 0.6043
274068 274022 0.6043
274068 2398 0.6953
2398 274068 0.6953
2398 274097 4.4532
274097 2398 4.4532
274097 2397 0.4212
2397 274097 0.4212
2397 1525278 0.1769
1525278 2397 0.1769
1525278 274112 0.1841
274112 1525278 0.1841
274112 2386 2.1713
2386 274112 2.1713
2386 1969066 1.3361
1969066 2386 1.3361
1969066 1106954 1.7522
1106954 1969066 1.7522
1106954 2662 2.5694
2662 1106954 2.5694
2662 1969067 4.6471
1969067 2662 4.6471
1969067 2660 1.5953
2660 1969067 1.5953
2660 2658 6.5217
2658 2660 6.5217
2658 1979150 1.4889
1979150 2658 1.4889
2070 324488 5.0724
324488 2070 5.0724
324488 2395 3.5316
2395 324488 3.5316
2395 3793 27.6948
3793 2395 27.6948
3793 339341 38.448
339341 3793 38.448
339341 2394 42.7104
2394 339341 42.7104
2396 479447 1.476
479447 2396 1.476
479447 414843 27.1476
414843 479447 27.1476
414843 3785 14.2344
3785 414843 14.2344
3785 339345 39.4416
339345 3785 39.4416
339345 3790 25.362
3790 339345 25.362
3790 307765 12.3912
307765 3790 12.3912
307765 324463 25.6896
324463 307765 25.6896
324463 110374 12.762
110374 324463 12.762
110374 274029 33.7032
274029 110374 33.7032
2386 1723228 1.0476
1723228 2386 1.0476
1723228 339384 0.3276
339384 1723228 0.3276
339384 2403 37.332
2403 339384 37.332
2405 274106 2.2032
274106 2405 2.2032
274106 1723241 0.4752
1723241 274106 0.4752
1723241 2406 8.3772
2406 1723241 8.3772
2406 2407 14.688
2407 2406 14.688
2407 853501 23.4648
853501 2407 23.4648
853501 3780 12.7404
3780 853501 12.7404
3780 2408 6.9588
2408 3780 6.9588
48266 110351 4.374
110351 48266 4.374
110351 307752 70.2936
307752 110351 70.2936
307752 110365 24.4404
110365 307752 24.4404
110365 815756 21.0384
815756 110365 21.0384
815756 320716 20.3256
320716 815756 20.3256
320716 35636 4.374
35636 320716 4.374
35636 479453 30.2832
479453 35636 30.2832
479453 2409 12.1212
2409 479453 12.1212
2409 664225 8.5464
664225 2409 8.5464
664225 664224 8.5968
664224 664225 8.5968
664224 853580 4.5216
853580 664224 4.5216
853580 35637 12.5028
35637 853580 12.5028
35637 274042 24.624
274042 35637 24.624
274042 274078 24.6384
274078 274042 24.6384
274078 2408 2.3724
2408 274078 2.3724
2408 1723236 15.0912
1723236 2408 15.0912
1723236 2410 2.25
2410 1723236 2.25
2411 223192 1.7844
223192 2411 1.7844
223192 1972506 4.7604
1972506 223192 4.7604
1972506 223387 2.8944
223387 1972506 2.8944
223387 1972507 9.312
1972507 223387 9.312
1972507 751818 0.4644
751818 1972507 0.4644
751818 750247 4.0428
750247 751818 4.0428
750247 751821 5.5356
751821 750247 5.5356
751821 1354082 2.3556
1354082 751821 2.3556
1354082 1354083 2.3688
1354083 1354082 2.3688
1354083 1354084 6.6192
1354084 1354083 6.6192
1354084 1354085 1.8528
1354085 1354084 1.8528
1354085 1354086 3.4008
1354086 1354085 3.4008
1354086 1354087 6.5784
1354087 1354086 6.5784
1354087 752909 3.102
752909 1354087 3.102
2417 274198 1.171
274198 2417 1.171
274198 4425 0.8331
4425 274198 0.8331
1012990 274188 0.4752
274188 2419 0.5703
2419 274167 0.5621
274167 1012992 0.54
1012992 2418 0.5143
2418 274212 0.6485
274212 274216 0.8625
274216 2417 0.8727
2431 274139 3.0036
274139 1338849 2.5992
1338849 274230 2.691
274230 2430 1.2096
2430 2429 7.6824
2429 274205 1.2312
274205 274157 0.9024
274157 274192 0.9264
274192 2428 1.5288
2428 274145 1.6668
274145 2427 2.6382
274029 556620 3.7296
556620 274029 3.7296
556620 556622 1.998
556622 556620 1.998
556622 556623 1.9512
556623 556622 1.9512
556623 274083 2.0088
274083 556623 2.0088
274083 324478 0.7452
324478 274083 0.7452
324478 2432 10.4724
2432 324478 10.4724
2432 2435 34.7544
2435 2432 34.7544
320715 320717 13.8204
320717 320715 13.8204
2436 307753 7.5276
307753 2436 7.5276
307753 320714 5.6628
320714 307753 5.6628
320714 2438 13.23
2438 320714 13.23
82263 2543 0.418
2543 82263 0.418
2582 2583 43.2972
2583 2582 43.2972
48262 249603 4.482
249603 48262 4.482
249603 2584 4.2372
2584 249603 4.2372
2584 752966 1.5048
752966 2584 1.5048
752966 597086 3.96
597086 752966 3.96
597086 597087 15.498
597087 597086 15.498
597087 2585 0.4572
2585 597087 0.4572
2064 720935 0.399
720935 274184 0.4314
274184 720936 0.495
720936 274179 0.7632
274179 720937 10.2444
720937 720938 0.4314
720938 720939 0.363
720939 2051 0.8808
36558 606686 1.1779
606686 36558 1.1779
606686 65040 0.3931
65040 606686 0.3931
554693 2015183 0.0153
2015183 554693 0.0153
554693 554692 2.5299
554692 554693 2.5299
554692 5322 3.6279
5322 554692 3.6279
5322 554687 0.9522
554687 5322 0.9522
554687 554686 0.5382
554686 554687 0.5382
554686 554682 0.6111
554682 554686 0.6111
554682 273346 1.1889
273346 554682 1.1889
273346 473961 1.9746
473961 273346 1.9746
2545 687890 1.8338
687890 2545 1.8338
687890 1968808 0.3326
1968808 687890 0.3326
1968808 727814 0.8676
727814 1968808 0.8676
727814 727815 1.1678
727815 727814 1.1678
727815 687892 2.034
687892 727815 2.034
687892 727817 0.8366
727817 687892 0.8366
727817 727819 0.8402
727819 727817 0.8402
727819 727825 0.779
727825 727819 0.779
727825 2651 0.7682
2651 727825 0.7682
2651 732081 1.345
732081 2651 1.345
732081 2652 2.9304
2652 732081 2.9304
2652 732086 3.8232
732086 2652 3.8232
732086 727917 8.4298
727917 732086 8.4298
727917 831997 2.1449
831997 727917 2.1449
831997 732088 3.9161
732088 831997 3.9161
732088 832006 6.3346
832006 732088 6.3346
832006 832168 2.5913
832168 832006 2.5913
832168 2653 4.009
2653 832168 4.009
2653 732093 2.0448
732093 2653 2.0448
732093 732095 1.1758
732095 732093 1.1758
732095 732096 0.7308
732096 732095 0.7308
732096 2654 0.7085
2654 732096 0.7085
2654 732098 0.8993
732098 2654 0.8993
732098 732099 0.9713
732099 732098 0.9713
732099 732102 0.9828
732102 732099 0.9828
732102 2655 0.8712
2655 732102 0.8712
2655 732103 0.8993
732103 2655 0.8993
732103 732104 0.905
732104 732103 0.905
732104 2656 1.5854
2656 732104 1.5854
2656 732106 1.6956
732106 2656 1.6956
732106 1139929 7.2626
1139929 732106 7.2626
1139929 732109 6.0818
732109 1139929 6.0818
732109 732110 1.7942
732110 732109 1.7942
2658 1723231 2.3976
1723231 2658 2.3976
1723231 2677 7.9812
2677 1723231 7.9812
2677 2659 14.3892
2659 2677 14.3892
2659 274108 10.494
274108 2659 10.494
274108 274031 4.59
274031 274108 4.59
274031 897790 7.11
897790 274031 7.11
897790 274064 8.8416
274064 897790 8.8416
274064 274030 14.7672
274030 274064 14.7672
2660 1723230 2.2608
1723230 2660 2.2608
1723230 2661 22.0212
2661 1723230 22.0212
2661 274030 11.5272
274030 2661 11.5272
274030 2677 31.914
2677 274030 31.914
2662 1723229 2.4192
1723229 2662 2.4192
1723229 274050 5.8932
274050 1723229 5.8932
274050 3773 15.5844
3773 274050 15.5844
3773 2663 13.6836
2663 3773 13.6836
2663 274056 2.8188
274056 2663 2.8188
274056 3768 6.4656
3768 274056 6.4656
3768 479449 1.9224
479449 3768 1.9224
479449 3771 19.782
3771 479449 19.782
3771 3772 21.4128
3772 3771 21.4128
3772 2384 12.9708
2384 3772 12.9708
2682 1723233 2.484
1723233 2682 2.484
1723233 2683 14.4288
2683 1723233 14.4288
2683 274073 20.2644
274073 2683 20.2644
274073 2678 2.6352
2678 274073 2.6352
2678 274110 9.2988
274110 2678 9.2988
274110 2679 3.9852
2679 274110 3.9852
2679 2680 14.9004
2680 2679 14.9004
2680 2681 20.3328
2681 2680 20.3328
2681 35638 4.7772
35638 2681 4.7772
35638 35639 4.3884
35639 35638 4.3884
35639 35640 12.9924
35640 35639 12.9924
35640 35637 5.4108
35637 35640 5.4108
2684 853613 5.1876
853613 2684 5.1876
853613 853611 3.2796
853611 853613 3.2796
853611 1689750 17.7444
1689750 853611 17.7444
1689750 2685 34.794
2685 1689750 34.794
2685 853562 9.3924
853562 2685 9.3924
853562 2686 32.5008
2686 853562 32.5008
2686 2687 16.5564
2687 2686 16.5564
2687 853507 20.5704
853507 2687 20.5704
853507 2688 13.2984
2688 853507 13.2984
2688 2689 53.4744
2689 2688 53.4744
2689 2690 31.7808
2690 2689 31.7808
2690 1689745 27.7164
1689745 2690 27.7164
1689745 853474 13.104
853474 1689745 13.104
853474 1108548 1.2744
1108548 853474 1.2744
1108548 1723243 6.4656
1723243 1108548 6.4656
1723243 675356 2.0808
675356 1723243 2.0808
2691 853608 4.3812
853608 2691 4.3812
853608 1689780 20.1636
1689780 853608 20.1636
1689780 2692 22.0572
2692 1689780 22.0572
2692 2693 27.1908
2693 2692 27.1908
2693 2694 9.468
2694 2693 9.468
2694 2695 21.96
2695 2694 21.96
2695 2696 43.4556
2696 2695 43.4556
2696 2697 31.356
2697 2696 31.356
2697 2406 43.7004
2406 2697 43.7004
33937 1090778 0.5638
41135 80847 2.6918
80847 41135 2.6918
80847 2816 3.5707
2816 80847 3.5707
2816 73508 0.7272
73508 2816 0.7272
73508 1365630 1.3423
1365630 73508 1.3423
1365630 1870247 3.3336
1870247 1365630 3.3336
1870247 826064 1.279
826064 1870247 1.279
826064 1365624 0.6161
1365624 826064 0.6161
1365624 1870248 0.6305
1870248 1365624 0.6305
1870248 1365473 1.6992
1365473 1870248 1.6992
1365473 964511 0.7102
964511 1365473 0.7102
964511 1357932 0.8079
1357932 964511 0.8079
1357932 72853 3.5234
72853 1357932 3.5234
72853 41122 0.8398
41122 72853 0.8398
1124485 1945401 2.7558
1945401 325240 2.1038
325240 1124495 0.4842
1124495 1124497 4.288
1124497 1945399 1.624
1945399 1124498 0.9936
1124498 1945397 12.2742
1945397 1124527 2.3148
1124527 40911 2.4005
2823 72066 0.4505
72066 2823 0.4505
72066 379936 1.171
379936 72066 1.171
379936 379935 1.3186
379935 379936 1.3186
379935 96737 1.4045
96737 379935 1.4045
96737 6666 0.4958
6666 96737 0.4958
6666 379934 1.0095
379934 6666 1.0095
379934 6667 1.9692
6667 379934 1.9692
6667 1979139 0.0926
1979139 6667 0.0926
1979139 379932 1.0517
379932 1979139 1.0517
379932 114815 1.2852
114815 379932 1.2852
114815 1595666 2.7458
1595666 114815 2.7458
1595666 1595670 1.3433
1595670 1595666 1.3433
1595670 72038 0.7447
72038 1595670 0.7447
72038 6668 0.4413
6668 72038 0.4413
3681 1762636 2.142
1762636 3681 2.142
1762636 3682 37.8216
3682 1762636 37.8216
3682 1762932 24.642
1762932 3682 24.642
1762932 3683 2.3868
3683 1762932 2.3868
3683 3709 35.5284
3709 3683 35.5284
3709 3684 26.7552
3684 3709 26.7552
3684 1762532 27.648
1762532 3684 27.648
1762532 853663 10.4472
853663 1762532 10.4472
853663 442696 21.9636
442696 853663 21.9636
853643 1762498 3.3264
1762498 853643 3.3264
1762498 1762497 6.8148
1762497 1762498 6.8148
1762497 1762496 6.3936
1762496 1762497 6.3936
1762496 1762495 7.7688
1762495 1762496 7.7688
1762495 1762494 6.7968
1762494 1762495 6.7968
1762494 1762493 6.8112
1762493 1762494 6.8112
1762493 1762492 7.6392
1762492 1762493 7.6392
1762492 1762473 7.0488
1762473 1762492 7.0488
1762473 1750403 6.6852
1750403 1762473 6.6852
1750403 3688 2.4156
3688 1750403 2.4156
3688 1750586 3.6036
1750586 3688 3.6036
1750586 1762491 1.8288
1762491 1750586 1.8288
1762491 1762490 7.1712
1762490 1762491 7.1712
1762490 1762489 6.75
1762489 1762490 6.75
1762489 1762488 7.6212
1762488 1762489 7.6212
1762488 1762500 5.5548
1762500 1762488 5.5548
1762500 3689 3.1392
3689 1762500 3.1392
3694 1762635 3.6144
1762635 3694 3.6144
1762635 142138 12.0528
142138 1762635 12.0528
142138 23233 2.1744
23233 142138 2.1744
23233 142141 89.5032
142141 23233 89.5032
142141 142144 6.5448
142144 142141 6.5448
142144 142146 42.0552
142146 142144 42.0552
142146 23234 92.8728
23234 142146 92.8728
23234 110417 40.1616
110417 23234 40.1616
110417 1683030 15.0192
1683030 110417 15.0192
1683030 1762533 25.9632
1762533 1683030 25.9632
1762533 3692 21.528
3692 1762533 21.528
3692 1237322 8.1792
1237322 3692 8.1792
1237322 305205 22.716
305205 1237322 22.716
305205 1237321 8.4888
1237321 305205 8.4888
1237321 1237320 18.0648
1237320 1237321 18.0648
324417 3722 36.3672
3722 324417 36.3672
3722 1762469 18.2736
1762469 3722 18.2736
1762469 3725 5.1012
3725 1762469 5.1012
3725 442689 43.1568
442689 3725 43.1568
442689 3710 35.0316
3710 442689 35.0316
3711 1711109 3.7152
1711109 3711 3.7152
1711109 103613 1.6488
103613 1711109 1.6488
103613 442689 13.9032
442689 103613 13.9032
3713 1139626 3.1284
1139626 3713 3.1284
1139626 103614 1.9548
103614 1139626 1.9548
103614 1763078 7.9992
1763078 103614 7.9992
1763078 3714 5.1516
3714 1763078 5.1516
3714 3715 12.1284
3715 3714 12.1284
3715 3710 2.7144
3710 3715 2.7144
3710 1762618 1.2888
1762618 3710 1.2888
1762618 1762922 7.6428
1762922 1762618 7.6428
1762922 3716 24.678
3716 1762922 24.678
3716 3717 10.6632
3717 3716 10.6632
3717 3718 15.5124
3718 3717 15.5124
3718 1750392 18.2556
1750392 3718 18.2556
1750392 3712 4.086
3712 1750392 4.086
3712 3719 30.906
3719 3712 30.906
3719 3720 14.1588
3720 3719 14.1588
3720 1758499 8.3988
1758499 3720 8.3988
1758499 1750785 2.1168
1750785 1758499 2.1168
1750785 3721 2.5128
3721 1750785 2.5128
3723 1711107 3.7584
1711107 3723 3.7584
1711107 103611 1.5696
103611 1711107 1.5696
103611 3722 13.8636
3722 103611 13.8636
3721 1762471 23.0328
1762471 3721 23.0328
1762471 1762619 7.3584
1762619 1762471 7.3584
1762619 3725 1.5192
3725 1762619 1.5192
3725 103610 13.0032
103610 3725 13.0032
103610 1711108 1.7496
1711108 103610 1.7496
1711108 3724 3.582
3724 1711108 3.582
1564787 853641 26.1504
853641 1564787 26.1504
853641 878000 17.9784
878000 853641 17.9784
878000 3726 13.0176
3726 878000 13.0176
3729 103644 3.8016
103644 3729 3.8016
3887 2011998 1.8828
2011998 3887 1.8828
2011998 3735 63.3276
3735 2011998 63.3276
3735 3736 12.2724
3736 3735 12.2724
3736 1762511 6.6492
1762511 3736 6.6492
1762511 4435 11.466
4435 1762511 11.466
4435 3737 3.0312
3737 4435 3.0312
3737 3738 10.4688
3738 3737 10.4688
3738 3739 9.8208
3739 3738 9.8208
3739 1762519 10.7172
1762519 3739 10.7172
1762519 3740 8.5428
3740 1762519 8.5428
3740 1762514 1.0368
1762514 3740 1.0368
1762514 3741 8.784
3741 1762514 8.784
3741 3737 8.7876
3737 3741 8.7876
3740 1762572 1.692
1762572 3740 1.692
1762572 1762512 0.3636
1762512 1762572 0.3636
1762512 1762515 3.8088
1762515 1762512 3.8088
1762515 3694 1.0728
3694 1762515 1.0728
3729 3742 13.464
3742 3729 13.464
3742 3743 16.6752
3743 3742 16.6752
3743 142104 10.8216
142104 3743 10.8216
142104 3744 10.3824
3744 142104 10.3824
878004 110368 10.0152
110368 878004 10.0152
110368 3745 11.8728
3745 110368 11.8728
3745 3746 18.4824
3746 3745 18.4824
3746 3747 9.9072
3747 3746 9.9072
3747 20872 13.7592
20872 3747 13.7592
20872 288117 14.4432
288117 20872 14.4432
288117 21759 25.8552
21759 288117 25.8552
21759 21760 7.956
21760 21759 7.956
21760 20926 16.0344
20926 21760 16.0344
3748 556630 13.5432
556630 3748 13.5432
556630 3750 13.3128
3750 556630 13.3128
3750 1689946 8.2044
1689946 3750 8.2044
1689946 556627 2.1168
556627 1689946 2.1168
556627 35626 13.5108
35626 556627 13.5108
35626 1260918 3.546
1260918 35626 3.546
1260918 1260917 5.0076
1260917 1260918 5.0076
1260917 3749 2.7252
3749 1260917 2.7252
3750 3751 30.186
3751 3750 30.186
3751 3752 2.4408
3752 3751 2.4408
3752 3753 2.07
3753 3752 2.07
3753 556629 10.6488
556629 3753 10.6488
556629 3754 13.2804
3754 556629 13.2804
2085 1704561 1.9188
1704561 2085 1.9188
1704561 3755 6.5844
3755 1704561 6.5844
3755 3756 55.602
3756 3755 55.602
3756 556646 5.3928
556646 3756 5.3928
556646 3757 3.87
3757 556646 3.87
3757 1416163 14.634
1416163 3757 14.634
1416163 324708 37.3176
324708 1416163 37.3176
324708 3758 16.3116
3758 324708 16.3116
3758 16408 7.3476
16408 3758 7.3476
16408 3759 4.176
3759 16408 4.176
3759 4415 43.4556
4415 3759 43.4556
4415 4423 9.9792
4423 4415 9.9792
4423 3760 4.4316
3760 4423 4.4316
3760 1713335 7.092
1713335 3760 7.092
1713335 1713359 2.502
1713359 1713335 2.502
1713359 1713336 2.5416
1713336 1713359 2.5416
1713336 1713337 4.5792
1713337 1713336 4.5792
1713337 1713338 4.4676
1713338 1713337 4.4676
1713338 1713334 2.9268
1713334 1713338 2.9268
1713334 1713345 49.338
1713345 1713334 49.338
1713345 1713339 17.0316
1713339 1713345 17.0316
3759 324636 15.012
324636 3759 15.012
324636 3761 36.0972
3761 324636 36.0972
3761 3762 11.0628
3762 3761 11.0628
3762 324665 32.0076
324665 3762 32.0076
324665 324704 3.8268
324704 324665 3.8268
324704 324658 13.9716
324658 324704 13.9716
324658 3758 5.9688
3758 324658 5.9688
2437 2583 23.3604
2583 2437 23.3604
2583 3764 15.3432
3764 2583 15.3432
3764 3765 9.1548
3765 3764 9.1548
3765 3766 8.4564
3766 3765 8.4564
3766 556611 5.076
556611 3766 5.076
556611 3767 31.068
3767 556611 31.068
2661 274086 17.8704
274086 2661 17.8704
274086 3768 16.6428
3768 274086 16.6428
3768 3769 5.3136
3769 3768 5.3136
3769 3770 24.7248
3770 3769 24.7248
2069 1689793 1.9296
1689793 2069 1.9296
1689793 853602 2.0232
853602 1689793 2.0232
853602 853593 8.4996
853593 853602 8.4996
853593 3774 12.2832
3774 853593 12.2832
3774 3775 13.0032
3775 3774 13.0032
3775 3776 13.482
3776 3775 13.482
3776 3777 17.28
3777 3776 17.28
3777 1689784 7.2864
1689784 3777 7.2864
1689784 3778 13.7772
3778 1689784 13.7772
3778 3779 30.7764
3779 3778 30.7764
3779 3780 36.8892
3780 3779 36.8892
3781 3782 14.3604
3782 3781 14.3604
3782 479451 27.3528
479451 3782 27.3528
479451 479452 0.9756
479452 479451 0.9756
3786 3787 14.904
3787 3786 14.904
3787 3788 38.4732
3788 3787 38.4732
3788 701077 7.1784
701077 3788 7.1784
701077 3789 7.812
3789 701077 7.812
3788 324469 2.1384
324469 3788 2.1384
324469 3791 5.1228
3791 324469 5.1228
3789 1689825 22.428
1689825 3789 22.428
1689825 3792 6.768
3792 1689825 6.768
3792 3793 12.6972
3793 3792 12.6972
3794 48267 15.2388
48267 3794 15.2388
48267 339395 8.1468
339395 48267 8.1468
339395 3933 4.212
3933 339395 4.212
3795 680015 8.8992
680015 3795 8.8992
238335 3803 59.2236
3803 238335 59.2236
3803 858705 4.5828
858705 3803 4.5828
858705 238346 20.79
238346 858705 20.79
238346 238325 11.8908
238325 238346 11.8908
3861 778460 1.6704
778460 3861 1.6704
778460 1350332 1.0908
1350332 778460 1.0908
1350332 3842 1.2276
3842 1350332 1.2276
3842 3860 33.6384
3860 3842 33.6384
3860 778492 1.854
778492 3860 1.854
778492 689443 1.44
689443 778492 1.44
689443 3843 17.514
3843 689443 17.514
3843 689446 11.8152
689446 3843 11.8152
689446 3844 5.9148
3844 689446 5.9148
3844 778031 3.9672
778031 3844 3.9672
778031 3845 3.474
3845 778031 3.474
3845 778034 6.876
778034 3845 6.876
778034 716210 9.378
716210 778034 9.378
716210 789820 2.718
789820 716210 2.718
789820 778507 7.3188
778507 789820 7.3188
778507 789827 1.5264
789827 778507 1.5264
789827 778512 3.024
778512 789827 3.024
778512 3847 8.7948
3847 778512 8.7948
3847 778519 0.8532
778519 3847 0.8532
778519 3848 4.95
3848 778519 4.95
3848 778041 11.2536
778041 3848 11.2536
778041 689471 5.778
689471 778041 5.778
689471 689475 3.6468
689475 689471 3.6468
689475 3849 5.3424
3849 689475 5.3424
749847 1710117 42.7104
1710117 749847 42.7104
1710117 878078 2.2968
878078 1710117 2.2968
878078 1710129 43.1208
1710129 878078 43.1208
1710129 754575 17.496
754575 1710129 17.496
754575 754576 57.4488
754576 754575 57.4488
754576 749846 14.1552
749846 754576 14.1552
749846 751804 14.472
751804 749846 14.472
751804 749845 38.8872
749845 751804 38.8872
749845 749844 11.52
749844 749845 11.52
749844 751806 21.1824
751806 749844 21.1824
751806 751808 38.6208
751808 751806 38.6208
751808 2412 29.9808
2412 751808 29.9808
2412 3859 55.368
3859 2412 55.368
3859 1710737 7.4448
1710737 3859 7.4448
1710737 3858 5.5728
3858 1710737 5.5728
3858 789157 35.1288
789157 3858 35.1288
789157 3857 34.6392
3857 789157 34.6392
3857 778445 18.252
778445 3857 18.252
778445 778456 23.2848
778456 778445 23.2848
778456 778464 10.08
778464 778456 10.08
778464 778029 10.2096
778029 778464 10.2096
778029 778488 14.5152
778488 778029 14.5152
778488 3856 18.7632
3856 778488 18.7632
3856 789797 20.8368
789797 3856 20.8368
789797 778030 6.3072
778030 789797 6.3072
778030 789800 6.588
789800 778030 6.588
789800 3846 6.9552
3846 789800 6.9552
3846 789801 8.2224
789801 3846 8.2224
789801 778032 4.1184
778032 789801 4.1184
778032 778033 4.7952
778033 778032 4.7952
778033 778505 7.4952
778505 778033 7.4952
778505 778035 4.9608
778035 778505 4.9608
778035 778506 5.1912
778506 778035 5.1912
778506 147398 5.5512
147398 778506 5.5512
147398 778036 3.0024
778036 147398 3.0024
778036 789819 3.1824
789819 778036 3.1824
789819 778037 5.5224
778037 789819 5.5224
778037 778509 22.1976
778509 778037 22.1976
778509 147399 7.1136
147399 778509 7.1136
147399 147400 16.2864
147400 147399 16.2864
147400 21005 20.4624
21005 147400 20.4624
21005 778039 12.024
778039 21005 12.024
778039 689469 13.9176
689469 778039 13.9176
749843 2412 2.7324
2412 749843 2.7324
2412 749583 4.9464
749583 2412 4.9464
749583 3862 13.1544
3862 749583 13.1544
3862 3863 3.9456
3863 3862 3.9456
3863 3864 3.8736
3864 3863 3.8736
3864 3865 22.7592
3865 3864 22.7592
3865 3866 3.7836
3866 3865 3.7836
3866 3867 19.0116
3867 3866 19.0116
3867 749590 0.2592
749590 3867 0.2592
749590 716170 14.5116
716170 749590 14.5116
716170 716169 17.9496
716169 716170 17.9496
716169 3868 3.8664
3868 716169 3.8664
3868 716168 8.2368
716168 3868 8.2368
716168 3869 2.3436
3869 716168 2.3436
3869 3870 35.5104
3870 3869 35.5104
3870 749588 3.96
749588 3870 3.96
749588 749589 15.4944
749589 749588 15.4944
749589 749585 24.4728
749585 749589 24.4728
749585 749844 5.274
749844 749585 5.274
749844 1354085 3.3948
1354085 749844 3.3948
3871 223276 7.1892
223276 3871 7.1892
223276 3872 10.8756
3872 223276 10.8756
3887 136765 13.7304
136765 3887 13.7304
136765 1762631 15.174
1762631 136765 15.174
1762631 3888 1.4472
3888 1762631 1.4472
1438575 2015205 10.5516
2015205 1438575 10.5516
1438575 727821 1.4112
727821 1438575 1.4112
727821 727820 4.68
727820 727821 4.68
727820 3890 5.202
3890 727820 5.202
1354082 749846 3.6396
749846 1354082 3.6396
749846 751800 6.714
751800 749846 6.714
751800 223225 2.0664
223225 751800 2.0664
223225 223269 8.4672
223269 223225 8.4672
223269 3923 4.0104
3923 223269 4.0104
3923 751791 19.278
751791 3923 19.278
751791 3924 3.9636
3924 751791 3.9636
3924 3925 9.2952
3925 3924 9.2952
3925 3926 14.6844
3926 3925 14.6844
3926 3927 8.1576
3927 3926 8.1576
3927 716156 32.3424
716156 3927 32.3424
716156 3928 17.2476
3928 716156 17.2476
3928 716152 2.4552
716152 3928 2.4552
716152 751812 4.2084
751812 716152 4.2084
751812 115110 11.232
115110 751812 11.232
115110 1710122 4.4064
1710122 115110 4.4064
1710122 223174 7.002
223174 1710122 7.002
223174 3929 5.8608
3929 223174 5.8608
2376 3930 13.9392
3930 2376 13.9392
3930 818609 7.1928
818609 3930 7.1928
818609 3931 28.6992
3931 818609 28.6992
3933 3934 37.2924
3934 3933 37.2924
3934 339388 3.2184
339388 3934 3.2184
339388 3935 10.6344
3935 339388 10.6344
3935 48267 36.7164
48267 3935 36.7164
3938 324472 6.0876
324472 3938 6.0876
324472 2000818 2.6424
2000818 324472 2.6424
2000818 2000819 17.7048
2000819 2000818 17.7048
2000819 324468 2.7828
324468 2000819 2.7828
324468 3939 12.3156
3939 324468 12.3156
3940 878030 31.9572
878030 3940 31.9572
878030 878031 1.7604
878031 878030 1.7604
878031 115108 4.0356
115108 878031 4.0356
3943 751836 4.4676
751836 3943 4.4676
751836 752978 11.16
752978 751836 11.16
752978 1756200 15.1092
1756200 752978 15.1092
1756200 3945 3.4596
3945 1756200 3.4596
3945 752930 23.6988
752930 3945 23.6988
752930 324701 6.4944
324701 752930 6.4944
324701 1756183 3.3048
1756183 324701 3.3048
1756183 324639 2.79
324639 1756183 2.79
324639 1756143 0.648
1756143 324639 0.648
1756143 1756188 9.0936
1756188 1756143 9.0936
1756188 1756197 3.2652
1756197 1756188 3.2652
1756197 324706 1.8396
324706 1756197 1.8396
324706 324692 3.2688
324692 324706 3.2688
324692 1756196 2.268
1756196 324692 2.268
1756196 324686 1.7712
324686 1756196 1.7712
324686 324644 17.2908
324644 324686 17.2908
324644 3944 46.7712
3944 324644 46.7712
3945 752974 9.6696
752974 3945 9.6696
752974 752935 31.5576
752935 752974 31.5576
752935 752916 9.8316
752916 752935 9.8316
752916 3946 3.0924
3946 752916 3.0924
3755 1679005 48.9276
1679005 3755 48.9276
1679005 3947 19.0152
3947 1679005 19.0152
274044 1704569 2.3904
1704569 274044 2.3904
1704569 274019 26.5536
274019 1704569 26.5536
274019 3948 12.5856
3948 274019 12.5856
3948 1704570 25.074
1704570 3948 25.074
1704570 3949 3.0744
3949 1704570 3.0744
3950 1704568 33.6456
1704568 3950 33.6456
1704568 2400 2.2032
2400 1704568 2.2032
4415 4417 10.692
4417 4415 10.692
4417 4416 30.5208
4416 4417 30.5208
4416 4419 2.988
4419 4416 2.988
4419 4420 4.2084
4420 4419 4.2084
4420 4421 2.6748
4421 4420 2.6748
4421 4422 8.2404
4422 4421 8.2404
4422 4423 33.1308
4423 4422 33.1308
4417 4418 9.8568
4418 4417 9.8568
4424 4425 61.5312
4425 4424 61.5312
4426 274222 1.3361
274222 4427 0.5904
4427 4428 0.6809
4428 274176 0.4834
274176 2417 0.4654
4425 274150 0.4294
274150 4429 0.3826
4429 274168 0.3482
274168 4430 0.4387
4430 33112 0.9519
3736 4431 9.5724
4431 3736 9.5724
4431 1762630 14.7348
1762630 4431 14.7348
1762630 4432 1.2024
4432 1762630 1.2024
4433 4436 14.0292
4436 4433 14.0292
4436 4434 8.478
4434 4436 8.478
4434 4435 10.1916
4435 4434 10.1916
4436 1762516 4.3128
1762516 4436 4.3128
1762516 4437 1.2132
4437 1762516 1.2132
4438 1108550 16.3044
1108550 4438 16.3044
1108550 274011 2.1708
274011 1108550 2.1708
274011 93442 17.9028
93442 274011 17.9028
93442 93441 7.7544
93441 93442 7.7544
93441 853465 15.8184
853465 93441 15.8184
853465 3932 1.0116
3932 853465 1.0116
3932 853470 3.132
853470 3932 3.132
853470 4439 10.1268
4439 853470 10.1268
4439 919488 9.4932
919488 4439 9.4932
919488 919487 3.888
919487 919488 3.888
4647 324682 2.7576
324682 4647 2.7576
324682 4648 17.9568
4648 324682 17.9568
4648 878009 4.86
878009 4648 4.86
878009 4649 14.1876
4649 878009 14.1876
4649 878007 22.8456
878007 4649 22.8456
4648 878012 9.3204
878012 4648 9.3204
878012 878017 6.1848
878017 878012 6.1848
878017 4650 12.6612
4650 878017 12.6612
3728 4651 25.5888
4651 3728 25.5888
4651 4652 27.0936
4652 4651 27.0936
4652 2011998 13.5432
2011998 4652 13.5432
2576 702643 1.8744
702643 2576 1.8744
702643 1965719 5.67
1965719 702643 5.67
1965719 701101 4.2564
701101 1965719 4.2564
701101 701107 5.538
701107 701101 5.538
701107 701109 5.0496
701109 701107 5.0496
701109 1389296 5.3856
1389296 701109 5.3856
1389296 1965816 19.8624
1965816 1389296 19.8624
1965816 236569 3.6912
236569 1965816 3.6912
236569 1965817 3.1644
1965817 236569 3.1644
1965817 436525 8.1792
436525 1965817 8.1792
436525 4688 15.1392
4688 436525 15.1392
4697 696465 3.8844
696465 4697 3.8844
696465 542476 8.1828
542476 696465 8.1828
542476 237165 16.2864
237165 542476 16.2864
237165 237074 12.384
237074 237165 12.384
237074 237152 14.6628
237152 237074 14.6628
237152 237146 19.4904
237146 237152 19.4904
237146 237176 9.774
237176 237146 9.774
237176 237155 5.688
237155 237176 5.688
237155 858720 10.998
858720 237155 10.998
858720 4698 7.7976
4698 858720 7.7976
4698 4699 31.9068
4699 4698 31.9068
4700 4701 8.4816
4701 4700 8.4816
4701 4702 9.7056
4702 4701 9.7056
4702 4703 10.4616
4703 4702 10.4616
4703 21840 11.9232
21840 4703 11.9232
4704 1763052 2.6856
1763052 4704 2.6856
1763052 4705 39.7296
4705 1763052 39.7296
4705 238331 18.9144
238331 4705 18.9144
238331 238330 7.0236
238330 238331 7.0236
238330 4706 61.0992
4706 238330 61.0992
4706 238349 25.5672
238349 4706 25.5672
238349 142127 12.1104
142127 238349 12.1104
142127 238347 6.8256
238347 142127 6.8256
238347 4707 13.9464
4707 238347 13.9464
220244 238323 4.3726
238323 916043 2.1002
916043 4707 1.0598
4707 617939 0.9346
617939 916038 0.6358
916038 237064 4.2804
4714 689384 9.1764
689384 4714 9.1764
689384 4715 6.6348
4715 689384 6.6348
4715 689383 9.5148
689383 4715 9.5148
689383 4716 9.2556
4716 689383 9.2556
4716 4717 4.4244
4717 4716 4.4244
4717 4718 3.7656
4718 4717 3.7656
4718 4719 4.9464
4719 4718 4.9464
4719 1763064 5.5728
1763064 4719 5.5728
1763064 4714 12.6216
4714 1763064 12.6216
4720 4721 43.344
4721 4720 43.344
237057 4729 11.6784
4729 237057 11.6784
4729 4730 13.5792
4730 4729 13.5792
4730 4731 9.3888
4731 4730 9.3888
4731 1711898 1.6704
1711898 4731 1.6704
1711898 4732 8.4384
4732 1711898 8.4384
4732 4733 19.1592
4733 4732 19.1592
4733 4734 9.9864
4734 4733 9.9864
4734 4735 11.6568
4735 4734 11.6568
4735 4736 15.9192
4736 4735 15.9192
4736 1237364 4.9032
1237364 4736 4.9032
1237364 4740 10.4328
4740 1237364 10.4328
4728 4737 13.3344
4737 4728 13.3344
4737 1927272 10.3104
1927272 4737 10.3104
1927272 689395 10.0728
689395 1927272 10.0728
689395 4738 2.9088
4738 689395 2.9088
4761 4762 12.9888
4762 4761 12.9888
4762 4763 17.2584
4763 4762 17.2584
4763 4764 9.9576
4764 4763 9.9576
4764 4765 5.9328
4765 4764 5.9328
4765 4766 14.5584
4766 4765 14.5584
4766 4767 2.8656
4767 4766 2.8656
4716 4720 5.3388
4720 4716 5.3388
4720 110414 6.3864
110414 4720 6.3864
4881 1484202 2.232
1484202 4881 2.232
1484202 4882 37.7676
4882 1484202 37.7676
4882 4883 23.0724
4883 4882 23.0724
4883 4884 4.4316
4884 4883 4.4316
4884 288127 61.0308
288127 4884 61.0308
288127 4885 4.4388
4885 288127 4.4388
4885 237122 20.2248
237122 4885 20.2248
237122 238318 12.3588
238318 237122 12.3588
238318 237089 9.0324
237089 238318 9.0324
237089 4886 11.4912
4886 237089 11.4912
4887 675153 2.682
675153 4887 2.682
675153 4888 17.4636
4888 675153 17.4636
4888 237194 2.556
237194 4888 2.556
237194 4886 5.4144
4886 237194 5.4144
4886 237173 24.1956
237173 4886 24.1956
237173 889150 9.684
889150 237173 9.684
889150 4889 3.7044
4889 889150 3.7044
4889 237090 11.6244
237090 4889 11.6244
237090 889144 13.6656
889144 237090 13.6656
889144 442701 9.7812
442701 889144 9.7812
442701 4890 1.5624
4890 442701 1.5624
4890 288120 2.5632
288120 4890 2.5632
288120 237162 41.5152
237162 288120 41.5152
237162 238314 7.0596
238314 237162 7.0596
238314 237129 10.5876
237129 238314 10.5876
237129 4891 5.0688
4891 237129 5.0688
4891 4892 19.8612
4892 4891 19.8612
4892 1484204 38.9844
1484204 4892 38.9844
1484204 4893 2.4264
4893 1484204 2.4264
2079 1738563 0.3607
1738563 2079 0.3607
1738563 1713272 0.6005
1713272 1738563 0.6005
1713272 4713 2.7331
4713 1713272 2.7331
4713 4873 3.8088
4873 4713 3.8088
5322 555682 5.2524
555682 5322 5.2524
555682 1699025 9.2952
1699025 555682 9.2952
1699025 1699023 33.8904
1699023 1699025 33.8904
1699023 743819 1.0656
743819 1699023 1.0656
743819 5323 3.978
5323 743819 3.978
5323 739811 3.186
739811 5323 3.186
739811 743824 1.3176
743824 739811 1.3176
743824 5324 1.5228
5324 743824 1.5228
5324 157063 8.316
157063 5324 8.316
1969883 87522 0.8789
87522 1969883 0.8789
87522 6554 3.5558
6554 87522 3.5558
6554 460141 0.7025
460141 6554 0.7025
460141 460140 0.7349
460140 460141 0.7349
460140 87517 0.449
87517 460140 0.449
87517 460139 0.9144
460139 87517 0.9144
460139 6555 1.0466
6555 460139 1.0466
6555 703873 0.5801
703873 6555 0.5801
703873 460138 0.2854
460138 703873 0.2854
460138 460137 1.2852
460137 460138 1.2852
460137 6556 1.2039
6556 460137 1.2039
6556 460136 1.0301
460136 6556 1.0301
460136 6557 1.7321
6557 460136 1.7321
6557 1969884 7.0349
1969884 6557 7.0349
1969884 63759 0.3811
63759 1969884 0.3811
63759 15000 0.6912
15000 63759 0.6912
15000 1969885 0.6027
1969885 15000 0.6027
1969885 1969886 0.883
1969886 1969885 0.883
1969886 63762 0.3003
63762 1969886 0.3003
63762 1969887 0.3955
1969887 63762 0.3955
1969887 1969888 0.9576
1969888 1969887 0.9576
1969888 460135 3.5707
460135 1969888 3.5707
460135 460134 1.1026
460134 460135 1.1026
460134 1969889 0.1245
1969889 460134 0.1245
1969889 1925940 0.8954
1925940 1969889 0.8954
6584 1183637 1.3659
1183637 6584 1.3659
1183637 1969872 0.2962
1969872 1183637 0.2962
1969872 1969875 0.4665
1969875 1969872 0.4665
1969875 291004 2.7617
291004 1969875 2.7617
291004 1185004 6.7001
1185004 291004 6.7001
1185004 1184333 1.1458
1184333 1185004 1.1458
1184333 1183586 3.2194
1183586 1184333 3.2194
1183586 1969870 0.7303
1969870 1183586 0.7303
1969870 792708 0.8522
792708 1969870 0.8522
792708 1969869 2.393
1969869 792708 2.393
1969869 792720 1.1649
792720 1969869 1.1649
792720 1185009 1.403
1185009 792720 1.403
6591 6593 0.6171
6593 6591 0.6171
6593 740032 5.5929
740032 6593 5.5929
740032 740030 1.5665
740030 740032 1.5665
740030 740027 1.332
740027 740030 1.332
740027 283371 1.2302
283371 740027 1.2302
283371 1924936 0.7385
1924936 283371 0.7385
1924936 740025 0.989
740025 1924936 0.989
740025 1924938 0.4274
1924938 740025 0.4274
1924938 652910 0.6305
652910 1924938 0.6305
652910 118899 0.6362
118899 652910 0.6362
118899 118889 2.0865
118889 118899 2.0865
118889 651898 0.1661
651898 118889 0.1661
651898 6594 0.5297
6594 651898 0.5297
6640 274629 1.9608
274629 782992 0.39
782992 274568 0.669
274568 274477 0.7242
274477 6641 1.0338
6641 6642 11.4174
6642 274644 1.0524
274644 809783 0.6804
809771 755782 1.7004
755782 809772 1.2954
809772 755783 1.5678
755783 755784 1.3548
755784 6652 1.0176
6652 755785 1.0752
755785 755786 0.9864
755786 755787 1.3338
755787 755788 0.8418
755788 755790 0.8862
755790 755792 0.7626
755792 755794 1.6254
755794 755795 1.9038
755795 829055 1.4982
829055 25007 1.5858
6668 1595668 3.9348
1595668 6668 3.9348
1595668 895616 10.0584
895616 1595668 10.0584
895616 379931 1.0908
379931 895616 1.0908
379931 1315457 2.256
1315457 379931 2.256
1315457 895617 1.776
895617 1315457 1.776
895617 726293 1.6272
726293 895617 1.6272
753014 2015247 0.8419
753014 5262 0.9437
2579 558730 3.2688
558730 558734 0.612
558734 558736 0.7134
558736 14305 0.582
14305 558746 0.6576
558746 558749 0.558
558749 558755 0.6102
558755 558760 0.549
558760 14306 0.6336
14306 558770 0.7236
558770 558776 0.687
558776 558780 0.561
558780 14307 0.5532
14307 558789 0.5748
558789 558792 0.5472
558792 558794 0.8292
558794 558799 0.7884
558799 558800 0.738
558800 558807 1.3278
558807 558821 2.4306
558821 863662 0.7254
863662 558826 1.7478
558826 558836 2.2956
558836 558840 0.771
558840 558846 4.791
558846 36561 1.2684
14984 1090979 0.7539
1090979 1058233 4.3596
1058233 14972 0.1995
33934 14974 0.6732
14974 373848 0.5472
373848 1604748 2.3919
1604748 15001 1.2122
14975 14987 0.9581
14987 14975 0.9581
14980 373849 0.9406
373849 14980 0.9406
373849 1021258 3.2919
1021258 373849 3.2919
1021258 14981 1.151
14981 1021258 1.151
14981 239169 0.4829
239169 14981 0.4829
239169 14982 0.396
14982 239169 0.396
14982 239167 0.4027
239167 14982 0.4027
239167 382243 0.3477
382243 239167 0.3477
382243 239165 0.6665
239165 382243 0.6665
239165 373809 3.2842
373809 239165 3.2842
373809 373845 2.5807
373845 373809 2.5807
373845 1021229 1.4338
1021229 373845 1.4338
1021229 14983 0.9602
14983 1021229 0.9602
14986 1058234 0.1939
1058234 1058236 4.3071
1058236 14985 0.7869
14987 41215 2.7093
41215 41224 0.5961
41224 373850 3.1104
373850 2821 0.5801
2821 41213 0.6495
14988 1375190 7.0848
1375190 14988 7.0848
1375190 1375189 2.664
1375189 1375190 2.664
1375189 1055443 22.1112
1055443 1375189 22.1112
1055443 1932648 13.4352
1932648 1055443 13.4352
1932648 1055444 35.1288
1055444 1932648 35.1288
1055444 1010545 14.4
1010545 1055444 14.4
1010545 14989 2.3256
14989 1010545 2.3256
171019 1398607 2.2896
1398607 171019 2.2896
1398607 252446 3.474
252446 1398607 3.474
252446 1398617 14.1732
1398617 252446 14.1732
1398617 252440 21.5388
252440 1398617 21.5388
252440 1398739 4.3632
1398739 252440 4.3632
1398739 14990 1.8324
14990 1398739 1.8324
14990 1375220 1.818
1375220 14990 1.818
1375220 1398718 2.1924
1398718 1375220 2.1924
1398718 171017 14.148
171017 1398718 14.148
171017 171018 12.1536
171018 171017 12.1536
171018 1375223 8.4348
1375223 171018 8.4348
1375223 1014126 8.8524
1014126 1375223 8.8524
1014126 14991 1.008
14991 1014126 1.008
14992 239168 13.1976
239168 14992 13.1976
239168 1398499 7.38
1398499 239168 7.38
1398499 1398605 21.456
1398605 1398499 21.456
1398605 252426 6.552
252426 1398605 6.552
252426 171019 12.852
171019 252426 12.852
171019 1398622 11.4336
1398622 171019 11.4336
1398622 252406 10.0728
252406 1398622 10.0728
252406 287692 12.5244
287692 252406 12.5244
287692 1398549 6.4908
1398549 287692 6.4908
1398549 1376427 21.8412
1376427 1398549 21.8412
1376427 1398555 4.8816
1398555 1376427 4.8816
1398555 287698 2.7144
287698 1398555 2.7144
287698 160888 11.1384
160888 287698 11.1384
160888 1375182 13.0824
1375182 160888 13.0824
1375182 160889 9.1476
160889 1375182 9.1476
160889 160890 13.0932
160890 160889 13.0932
160890 1375150 7.0956
1375150 160890 7.0956
1375150 1375156 5.9832
1375156 1375150 5.9832
1375156 1375163 11.214
1375163 1375156 11.214
1375163 1375153 4.0968
1375153 1375163 4.0968
1375153 1375257 6.0372
1375257 1375153 6.0372
1375257 160891 2.2932
160891 1375257 2.2932
160891 373808 10.1808
373808 160891 10.1808
373808 1605563 0.7488
1605563 373808 0.7488
1605563 14983 1.1844
14983 1605563 1.1844
648918 72054 0.7884
72054 379923 0.4722
379923 14996 0.2472
14996 379921 0.267
379921 379920 0.237
379920 72055 0.6252
72055 16769 1.464
16744 902527 1.9914
902527 902529 1.1796
902529 648914 1.1376
648914 379912 0.8178
379912 648917 0.4722
648917 14998 0.4314
14998 14999 0.4482
3947 1678989 27.072
1678989 3947 27.072
1678989 16406 19.0728
16406 1678989 19.0728
16406 16407 11.8728
16407 16406 11.8728
16407 1713339 4.2984
1713339 16407 4.2984
1713339 16408 11.7756
