110278
2512 467214 0.7662
467214 467213 0.336
467213 2514 0.4938
2514 2513 0.6006
2513 1038 0.3372
1038 46126 1.026
46126 101580 3.7296
101580 391897 4.5732
391897 168301 0.5598
168301 1037 3.7128
1037 1979856 1.4748
1979856 467220 8.1498
2494 1642247 0.6222
1642247 665546 0.8784
665546 46578 1.7418
2501 2486 0.6948
2486 2487 0.5118
273457 2558 2.382
2558 273345 0.723
273345 114101 0.5874
114101 46541 0.624
46541 2559 0.5904
2559 273366 0.5154
273450 273447 2.5284
273447 273291 0.7428
273291 2562 0.705
2562 273342 0.5094
273342 46543 0.4872
46543 273384 0.477
273384 2563 0.4566
2563 273365 0.4278
273365 2564 0.5478
2564 23386 0.8316
2567 2568 0.5232
2568 273393 0.2778
273393 273354 0.2784
273354 2569 0.2796
2569 273304 0.399
273304 2570 1.092
2704 1687315 0.9396
1687315 2703 0.5982
2703 19964 0.8028
19964 1687312 0.651
1687312 2702 0.6066
2702 19963 0.7308
19963 1687313 0.6396
1687313 2701 0.8748
2701 19962 0.816
19962 697838 0.7722
697838 272889 5.7204
272889 272898 1.6218
272898 2706 0.768
2706 272908 0.5886
272908 272884 0.5982
272884 272896 1.2738
272896 272905 1.9956
2705 2704 6.5418
272886 2707 2.7606
2707 46261 0.6846
46261 19960 0.8562
19960 2708 0.96
2708 19961 1.047
19961 46252 0.987
272893 272916 1.818
272916 272810 1.3704
272810 272813 1.5594
272813 272872 4.0218
272872 2711 0.6954
2711 272823 0.6468
272823 272828 0.4908
272904 2717 1.1118
2717 272832 0.8556
272832 2718 0.4608
2718 272855 0.498
272855 272861 0.5178
272861 2508 0.7344
769696 449749 0.7913
449749 1385893 0.3308
1385893 36284 0.6142
19907 1884932 0.5897
1884932 19907 0.5897
1884932 19908 0.4684
19908 1884932 0.4684
19908 1986516 0.5004
1986516 19908 0.5004
1986516 1969671 0.5166
1969671 1986516 0.5166
1969671 1986508 0.4795
1986508 1969671 0.4795
1986508 79551 0.5184
79551 1986508 0.5184
19915 1389693 0.7617
1389693 19915 0.7617
1389693 1969686 1.5048
1969686 1389693 1.5048
1969686 1389695 3.2667
1389695 1969686 3.2667
1389695 1284041 3.1428
1284041 1389695 3.1428
1284041 948115 0.5307
948115 1284041 0.5307
948115 948116 1.44
948116 948115 1.44
948116 1955132 4.1966
1955132 948116 4.1966
1955132 977546 0.4515
977546 1955132 0.4515
977546 197498 1.8622
197498 977546 1.8622
197498 1955133 1.169
1955133 197498 1.169
1955133 970301 6.5602
970301 1955133 6.5602
970301 528172 1.3073
528172 970301 1.3073
19915 1389694 0.6948
1389694 19915 0.6948
1389694 1739762 1.8324
1739762 1389694 1.8324
1739762 1389708 4.747
1389708 1739762 4.747
1389708 1347696 0.8158
1347696 1389708 0.8158
1347696 205060 2.7151
205060 1347696 2.7151
205060 19918 15.7658
19918 205060 15.7658
19918 1251241 6.6168
1251241 19918 6.6168
1251241 1404356 7.6922
1404356 1251241 7.6922
1404356 1251236 0.2659
1251236 1404356 0.2659
1251236 1314023 1.5351
1314023 1251236 1.5351
1314023 1320952 1.3114
1320952 1314023 1.3114
1320952 882732 1.3839
882732 1320952 1.3839
882732 130562 0.4037
130562 882732 0.4037
19918 1389689 1.7131
1389689 19918 1.7131
1389689 422833 5.5728
422833 1389689 5.5728
422833 1574261 2.7051
1574261 422833 2.7051
1574261 1574257 2.2896
1574257 1574261 2.2896
1574257 1253081 0.431
1253081 1574257 0.431
1253081 19919 1.9419
19919 1253081 1.9419
19919 19920 7.3805
19920 19919 7.3805
19920 205438 0.251
205438 19920 0.251
205438 970835 0.4495
970835 205438 0.4495
970835 19921 6.7803
19921 970835 6.7803
19921 251969 0.935
251969 19921 0.935
251969 1493776 0.4227
1493776 251969 0.4227
1493776 19922 1.5125
19922 1493776 1.5125
19922 1542743 0.7495
1542743 19922 0.7495
1542743 1460723 1.0123
1460723 1542743 1.0123
1460723 1781834 1.2787
1781834 1460723 1.2787
1781834 1542739 4.5691
1542739 1781834 4.5691
1542739 1781833 2.9923
1781833 1542739 2.9923
1781833 1781841 1.6085
1781841 1781833 1.6085
1781841 19923 0.8384
19923 1781841 0.8384
272902 19927 0.9648
19927 272907 0.3848
272907 272897 0.4208
272897 272887 0.297
272887 19926 0.3776
19926 272901 0.4129
272901 272912 0.3341
272912 19928 0.4068
19928 272913 0.3406
272913 272894 0.8248
272936 272937 15.6738
272937 19947 0.9072
19947 272735 0.8364
272735 19948 0.6756
19948 19949 0.6888
19949 19950 0.72
19950 19951 0.7362
19951 272689 0.807
272689 19952 0.9174
19952 19953 0.9858
19953 272675 1.275
272675 788338 1.7796
788338 19930 0.1572
273182 130254 0.3828
130254 272678 1.4442
272678 19954 1.3368
19954 272774 1.0206
272774 19955 2.3298
19955 272749 1.101
272749 264032 2.373
264032 19956 1.6458
19956 272686 1.3146
272686 19957 0.8652
19957 272668 0.8088
272668 19958 0.6888
19958 272709 0.5682
272709 19959 0.867
19959 272881 2.7336
19979 272698 1.1544
272698 272757 0.9528
272757 19980 0.861
19980 272715 0.7074
272715 19981 0.5802
19981 272676 0.492
272676 272771 0.5586
272771 19982 0.5538
19982 272785 0.588
272785 272746 0.9864
272746 272707 3.4974
272707 272797 1.5438
272797 19983 1.1418
19983 272701 2.2524
19978 19985 3.351
19985 272722 5.3478
272722 19986 21.369
19986 272670 1.2342
272670 19987 0.9702
19987 19988 0.93
19988 272711 0.936
272711 19989 3.9066
1955140 449763 2.457
449763 1955140 2.457
449763 449777 0.2958
449777 449763 0.2958
449777 1955141 2.3616
1955141 449777 2.3616
1955141 2015377 4.5558
2015377 1955141 4.5558
273362 273336 3.4492
273370 273305 0.4864
273305 273369 0.675
273344 428936 0.3744
428936 23378 0.4442
23378 23379 0.4918
23379 273321 0.437
273321 23380 0.4637
23380 273278 0.815
23362 428935 0.249
428935 23384 2.6598
23384 273406 1.0752
273406 273299 0.7662
273299 273349 0.7908
273349 23385 1.9206
273417 273370 3.4495
24870 24871 7.2648
24871 24870 7.2648
24871 24872 13.2984
24872 24871 13.2984
24872 24873 83.2392
24873 24872 83.2392
24873 24874 5.6232
24874 24873 5.6232
2551 707840 0.8594
707840 370190 7.3826
370190 812947 0.5508
812947 677405 6.1452
677405 812939 1.9553
812939 1968755 1.4796
1968755 273310 1.7203
273310 812931 1.6473
812931 832118 0.612
832118 812923 4.4105
812923 370115 0.4119
370115 1948142 1.4919
1963832 221023 1.0128
221023 1963832 1.0128
221023 388455 0.8964
388455 221023 0.8964
388455 24905 8.5788
24905 388455 8.5788
24905 221027 4.446
221027 24905 4.446
221027 388494 2.5368
388494 221027 2.5368
388494 997192 1.5648
997192 388494 1.5648
997192 231922 1.464
231922 997192 1.464
231922 997193 1.7268
997193 231922 1.7268
997193 24906 6.0336
24906 997193 6.0336
24906 24907 8.9088
24907 24906 8.9088
24907 388528 1.416
388528 24907 1.416
388528 172419 1.0056
172419 388528 1.0056
172419 876864 10.4316
876864 172419 10.4316
28941 991746 1.886
991746 1899088 3.0532
1899088 1899087 7.236
1899087 28942 7.33
28942 1965663 3.0429
1965663 187354 3.4812
187354 28943 11.5281
28943 991165 4.7349
991165 28944 3.7894
28944 50338 8.5442
1087208 1087209 2.412
1087209 28945 14.5836
28945 28948 5.814
28948 28945 5.814
28948 28949 12.2148
28949 28948 12.2148
28949 28950 3.7332
28950 28949 3.7332
28950 28947 6.0588
28947 28950 6.0588
25468 187444 0.786
187444 25468 0.786
187444 186462 10.248
186462 187444 10.248
186462 1624173 9.4536
1624173 186462 9.4536
1624173 186468 14.9832
186468 1624173 14.9832
186468 28951 4.3248
28951 186468 4.3248
28951 186451 1.3452
186451 28951 1.3452
186451 186455 3.186
186455 186451 3.186
186455 25465 1.992
25465 186455 1.992
25464 186453 0.4423
186453 186449 1.5938
186449 188161 0.4248
188161 186465 1.3006
186465 186563 2.2572
186563 187465 1.3176
187465 1624002 3.2925
1624002 186562 0.4706
186562 186428 0.8892
186428 244428 1.6092
244428 1780775 0.1296
1780775 186458 0.7215
186458 244424 1.2811
244424 252721 0.8846
252721 187442 0.3199
187442 25469 0.4932
28983 1435221 0.2597
1435221 28983 0.2597
1435221 28984 0.2525
28984 1435221 0.2525
28984 28985 0.2587
28985 28984 0.2587
28985 28986 0.3466
28986 28985 0.3466
29002 29001 1.3135
29001 29002 1.3135
29001 29000 1.6982
29000 29001 1.6982
29000 28999 1.3917
28999 29000 1.3917
28999 28998 1.0862
28998 28999 1.0862
28998 28997 1.4313
28997 28998 1.4313
28997 28996 1.5855
28996 28997 1.5855
28996 28995 1.5614
28995 28996 1.5614
28995 28994 2.7638
28994 28995 2.7638
28994 28993 1.729
28993 28994 1.729
28993 28992 0.8239
28992 28993 0.8239
28992 28991 0.7215
28991 28992 0.7215
28991 28990 0.5477
28990 28991 0.5477
28990 28989 0.8074
28989 28990 0.8074
28989 187940 3.9132
187940 28989 3.9132
187940 28988 2.0916
28988 187940 2.0916
28988 1567593 1.8823
1567593 28988 1.8823
1567593 28987 0.3255
28987 1567593 0.3255
28987 1171894 0.5117
1171894 28987 0.5117
1171894 412052 2.2104
412052 1171894 2.2104
412052 28986 0.4505
28986 412052 0.4505
412047 412048 15.0552
412048 412047 15.0552
412048 412049 0.6624
412049 412048 0.6624
412049 412050 0.5729
412050 412049 0.5729
412050 28980 0.5086
28980 412050 0.5086
28980 412051 0.5482
412051 28980 0.5482
412051 412053 0.6105
412053 412051 0.6105
412053 412054 0.6711
412054 412053 0.6711
412054 28983 1.1402
28983 412054 1.1402
412046 412047 3.8942
412047 412046 3.8942
1948141 812921 1.1859
812921 314499 1.5459
314499 812929 4.0449
812929 1968754 0.8259
1968754 627624 3.4519
627624 812937 1.4482
812937 125952 6.6687
125952 812945 1.333
812945 1967631 4.0901
1967631 178412 3.2199
178412 707838 0.4104
707838 273293 0.1455
273293 273430 0.3163
273430 273379 0.3708
273379 273265 0.2726
273265 145012 0.3235
145012 2551 1.6406
273339 1967629 2.0063
1967629 273339 2.0063
1967629 370268 1.2481
370268 1967629 1.2481
370268 109850 0.1782
109850 370268 0.1782
109850 456417 0.5634
456417 109850 0.5634
456417 1967630 0.5648
1967630 456417 0.5648
1967630 1944995 1.3774
1944995 1967630 1.3774
273964 30482 4.932
30482 23376 4.5374
31142 1780581 0.5148
1780581 31142 0.5148
1780581 1780727 2.6544
1780727 1780581 2.6544
1780727 1780731 0.6348
1780731 1780727 0.6348
1780731 113999 6.192
113999 1780731 6.192
113999 1780765 5.2812
1780765 113999 5.2812
1780765 1780740 1.9968
1780740 1780765 1.9968
1780740 1780762 0.3876
1780762 1780740 0.3876
1780762 1780743 0.3996
1780743 1780762 0.3996
1780743 1780746 0.678
1780746 1780743 0.678
1780746 1780749 0.3876
1780749 1780746 0.3876
1780749 114001 3.3744
114001 1780749 3.3744
114001 1780722 1.5024
1780722 114001 1.5024
1780722 1770632 2.352
1770632 1780722 2.352
1770632 1780697 1.9008
1780697 1770632 1.9008
1780697 1780700 3.0444
1780700 1780697 3.0444
1780700 1770628 8.436
1770628 1780700 8.436
1770628 1770626 2.1564
1770626 1770628 2.1564
1770626 114007 0.6096
114007 1770626 0.6096
114007 1780977 2.8152
1780977 114007 2.8152
1780977 1770612 10.9836
1770612 1780977 10.9836
1770612 196389 0.3204
196389 1770612 0.3204
703744 703746 4.644
703746 703744 4.644
703746 703747 10.6416
703747 703746 10.6416
703747 703748 14.5512
703748 703747 14.5512
703748 828954 5.6304
828954 703748 5.6304
23371 1376369 0.0446
1376369 23371 0.0446
1376369 1446999 1.9397
1446999 1376369 1.9397
1446999 1809439 6.4937
1809439 1446999 6.4937
1809439 23372 0.2095
23372 1809439 0.2095
23372 139332 2.8829
139332 23372 2.8829
139332 273840 1.3903
273840 139332 1.3903
273840 23373 1.2852
23373 273840 1.2852
23373 23374 0.9619
23374 23373 0.9619
23374 273874 1.3946
273874 23374 1.3946
273874 23375 1.4414
23375 273874 1.4414
23375 139326 1.8259
139326 23375 1.8259
139326 23376 8.3952
23376 139326 8.3952
1075422 1884930 2.556
1884930 1075422 2.556
1884930 665612 1.0826
665612 1884930 1.0826
665612 1969689 1.7815
1969689 665612 1.7815
1969689 1389697 1.045
1389697 1969689 1.045
1389697 422839 0.6105
422839 1389697 0.6105
422839 1969688 0.6449
1969688 422839 0.6449
1969688 665623 0.9324
665623 1969688 0.9324
665623 1969687 4.4537
1969687 665623 4.4537
1969687 1389691 1.3665
1389691 1969687 1.3665
1389691 19915 0.5765
19915 1389691 0.5765
33615 472011 0.9576
472011 33615 0.9576
472011 1822795 0.6134
1822795 472011 0.6134
1822795 1866359 14.6124
1866359 1822795 14.6124
1866359 528555 5.0155
528555 1866359 5.0155
33838 346086 24.1704
346086 33838 24.1704
21634 189813 1.0059
189813 21634 1.0059
189813 1977498 4.0783
1977498 189813 4.0783
1977498 410544 2.3811
410544 1977498 2.3811
410544 1977497 1.9697
1977497 410544 1.9697
1977497 163681 4.0701
163681 1977497 4.0701
163681 160633 1.1823
160633 163681 1.1823
160633 1950895 0.4377
1950895 160633 0.4377
21633 170446 2.7252
170446 237659 1.1856
237659 237855 4.3068
237855 169570 10.8228
169570 160929 1.482
160929 828945 8.8188
828945 161584 2.568
161584 189820 4.1076
189820 161571 4.0716
161571 828941 5.7276
828941 828940 0.3312
828940 828937 7.4976
828937 189742 5.8176
189742 160916 12.8676
160916 34371 2.0316
35062 35060 19.4256
35060 35062 19.4256
35065 35064 20.3184
35064 35065 20.3184
35066 35067 48.1104
35067 35066 48.1104
46368 46592 2.3172
46592 46368 2.3172
46592 177901 9.2358
177901 46592 9.2358
177901 830354 9.8094
830354 177901 9.8094
830354 46593 0.6942
46593 830354 0.6942
46593 830355 0.9012
830355 46593 0.9012
830355 46136 3.5736
46136 830355 3.5736
46136 272826 1.6782
272826 46136 1.6782
272826 35285 1.0782
35285 272826 1.0782
35285 272830 1.0026
272830 35285 1.0026
272830 272853 0.9948
272853 272830 0.9948
272853 272819 1.1046
272819 272853 1.1046
272819 46137 1.0386
46137 272819 1.0386
46137 177886 1.2036
177886 46137 1.2036
177886 177875 5.229
177875 177886 5.229
177875 46138 2.499
46138 177875 2.499
46138 272841 0.9318
272841 46138 0.9318
272841 272846 0.8142
272846 272841 0.8142
272846 46139 0.903
46139 272846 0.903
46139 272869 0.7338
272869 46139 0.7338
272869 272836 0.69
272836 272869 0.69
272836 35286 0.6678
35286 272836 0.6678
35286 272859 0.768
272859 35286 0.768
272859 149701 2.8818
149701 272859 2.8818
610703 173579 4.9566
173579 610703 4.9566
173579 1979797 0.2052
1979797 173579 0.2052
1979797 392743 2.4888
392743 1979797 2.4888
392743 1979798 1.2138
1979798 392743 1.2138
1979798 46390 2.1576
46390 1979798 2.1576
46390 272818 0.6924
272818 46390 0.6924
272818 272825 0.7896
272825 272818 0.7896
272825 35283 0.693
35283 272825 0.693
2507 96764 1.2618
96764 2507 1.2618
50350 216893 20.0088
216893 50350 20.0088
216893 1010856 2.9448
1010856 216893 2.9448
1010856 189170 2.016
189170 1010856 2.016
189170 189164 4.0968
189164 189170 4.0968
6177 36246 1.0284
36255 272673 3.1104
272673 36255 3.1104
272673 36249 0.8568
36249 272673 0.8568
36249 272768 0.7538
272768 36249 0.7538
272768 272725 0.8122
272725 272768 0.8122
272725 36250 0.828
36250 272725 0.828
36250 272744 0.8726
272744 36250 0.8726
272744 36251 1.0973
36251 272744 1.0973
36251 272702 3.6144
272702 36251 3.6144
272702 36252 5.4166
36252 272702 5.4166
36252 1718216 0.2246
1718216 36252 0.2246
272915 264055 0.9691
264055 272915 0.9691
264055 272852 1.0714
272852 264055 1.0714
272852 36258 0.4615
36258 272852 0.4615
36258 272833 0.8885
272833 36258 0.8885
272833 36259 1.6322
36259 272833 1.6322
36259 130479 1.1102
130479 36259 1.1102
130479 272857 1.0325
272857 130479 1.0325
272857 472000 1.4796
472000 272857 1.4796
472000 130480 2.551
130480 472000 2.551
130480 130554 0.9029
130554 130480 0.9029
130554 36260 2.497
36260 130554 2.497
36260 36261 6.4901
36261 36260 6.4901
36261 546615 5.8615
546615 36261 5.8615
546615 613351 1.9195
613351 546615 1.9195
613351 36262 2.4912
36262 613351 2.4912
36262 36263 1.1434
36263 36262 1.1434
36263 36264 0.666
36264 36263 0.666
36284 532768 2.5618
36282 1464041 1.8294
1464041 1464043 1.4154
1464043 1464042 2.199
1464042 36283 2.0256
453010 453009 0.6756
453009 453010 0.6756
453009 1385329 0.3036
1385329 453009 0.3036
1385329 453007 0.816
453007 1385329 0.816
453007 453005 6.5124
453005 453007 6.5124
453005 453003 4.6032
453003 453005 4.6032
453003 1868493 0.3804
1868493 453003 0.3804
1868493 452996 3.9828
452996 1868493 3.9828
452996 452993 1.3824
452993 452996 1.3824
452993 452990 1.3512
452990 452993 1.3512
452990 37647 3.57
37647 452990 3.57
37647 183273 2.7564
183273 37647 2.7564
183273 286855 3.2292
286855 183273 3.2292
286855 37648 1.7844
37648 286855 1.7844
37648 1026036 8.5356
1026036 37648 8.5356
1026036 37649 7.14
37649 1026036 7.14
37649 452964 2.5296
452964 37649 2.5296
452964 183276 1.1244
183276 452964 1.1244
183276 286854 6.0336
286854 183276 6.0336
286854 165051 9.4512
165051 286854 9.4512
46122 46123 0.972
46123 46122 0.972
46123 1612771 1.0308
1612771 46123 1.0308
1612771 286730 2.2008
286730 1612771 2.2008
286730 40814 1.1976
40814 286730 1.1976
40822 291904 0.6114
291904 40822 0.6114
291904 46116 0.723
46116 291904 0.723
46116 46117 1.9734
46117 46116 1.9734
46117 46118 0.9486
46118 46117 0.9486
46118 46121 0.7374
46121 46118 0.7374
46121 380228 1.9182
380228 46121 1.9182
380228 1484609 1.791
1484609 380228 1.791
1484609 101599 0.564
101599 1484609 0.564
101599 46119 0.543
46119 101599 0.543
46119 1429912 0.5334
1429912 46119 0.5334
1429912 46120 0.6684
46120 1429912 0.6684
46120 1429909 0.6516
1429909 46120 0.6516
1429909 40821 0.471
40821 1429909 0.471
40821 1630393 0.177
1630393 40821 0.177
1630393 1021591 1.467
1021591 1630393 1.467
1021591 481547 2.1786
481547 1021591 2.1786
481547 483607 2.163
483607 481547 2.163
483607 483604 0.648
483604 483607 0.648
483604 1534166 1.9944
1534166 483604 1.9944
1534166 1561411 2.5308
1561411 1534166 2.5308
1561411 1561414 2.0328
1561414 1561411 2.0328
1561414 1562704 0.6204
1562704 1561414 0.6204
1562704 46125 1.1508
46125 1562704 1.1508
46125 1630391 0.2994
1630391 46125 0.2994
1630391 46122 0.7806
46122 1630391 0.7806
46122 1562726 3.096
1562726 46122 3.096
1562726 40815 2.0874
40815 1562726 2.0874
40815 891515 0.885
891515 40815 0.885
891515 46124 0.5982
46124 891515 0.5982
46124 2475 0.6306
2475 46124 0.6306
42795 210903 12.7584
210903 42795 12.7584
210903 210912 20.0088
210912 210903 20.0088
210912 42796 12.816
42796 210912 12.816
42917 46470 0.9132
46470 42918 0.4002
42918 272844 0.3612
272844 42919 0.4374
42919 272860 0.6498
272860 42920 1.3572
42920 272839 0.6516
272839 272812 0.4932
272812 272847 0.4686
272847 272870 0.4944
272870 272816 0.51
272816 42921 0.528
1750733 42924 1.9994
42924 1750733 1.9994
42924 1138952 5.0933
1138952 42924 5.0933
1138952 1138953 1.5646
1138953 1138952 1.5646
1138953 42925 20.0534
42925 1138953 20.0534
42925 42926 5.7564
42926 42925 5.7564
42926 1750705 0.8266
1750705 42926 0.8266
1750705 42927 1.0656
42927 1750705 1.0656
42931 42930 34.014
42930 42931 34.014
42930 42932 3.6828
42932 42930 3.6828
42932 42933 37.5
42933 42932 37.5
42932 42934 23.9112
42934 42932 23.9112
496545 523865 24.444
523865 496545 24.444
523865 50432 4.9896
50432 523865 4.9896
42938 1750688 0.5592
1750688 42938 0.5592
1750688 1750689 0.9336
1750689 1750688 0.9336
1750689 1750690 1.056
1750690 1750689 1.056
1750690 42933 21.774
42933 1750690 21.774
42933 42936 23.2668
42936 42933 23.2668
42936 1750691 19.7412
1750691 42936 19.7412
1750691 1750692 2.112
1750692 1750691 2.112
1750692 1750693 1.1064
1750693 1750692 1.1064
1750693 42939 0.5652
42939 1750693 0.5652
42939 1750694 0.336
1750694 42939 0.336
1750694 753166 0.3564
753166 1750694 0.3564
753166 1750695 39.0936
1750695 753166 39.0936
1750695 1750697 0.3588
1750697 1750695 0.3588
1750697 42927 1.1148
42927 1750697 1.1148
42927 1750696 0.8484
1750696 42927 0.8484
1750696 1750698 6.3588
1750698 1750696 6.3588
1750698 496549 2.5632
496549 1750698 2.5632
496549 1750699 4.2396
1750699 496549 4.2396
1750699 496546 2.5812
496546 1750699 2.5812
496546 1750700 4.3716
1750700 496546 4.3716
1750700 453754 5.916
453754 1750700 5.916
453754 1750701 2.8656
1750701 453754 2.8656
1750701 1750702 3.0948
1750702 1750701 3.0948
1750702 42940 0.4944
42940 1750702 0.4944
49861 708006 5.526
708006 49861 5.526
708006 45667 6.0156
45667 708006 6.0156
45667 997123 5.7492
997123 45667 5.7492
997123 45668 4.248
45668 997123 4.248
45668 212932 12.1392
212932 45668 12.1392
212932 636812 7.1784
636812 212932 7.1784
636812 45669 3.0276
45669 636812 3.0276
45669 231957 4.1652
231957 45669 4.1652
231957 636811 3.0168
636811 231957 3.0168
636811 212904 4.2156
212904 636811 4.2156
212904 45670 10.1988
45670 212904 10.1988
45670 487714 10.6992
487714 45670 10.6992
487714 212889 2.358
212889 487714 2.358
212889 636809 5.0148
636809 212889 5.0148
636809 45671 5.418
45671 636809 5.418
45671 237572 8.8056
237572 45671 8.8056
237572 45672 7.4844
45672 237572 7.4844
45672 308679 4.824
308679 45672 4.824
308679 237576 5.112
237576 308679 5.112
237576 212877 7.7904
212877 237576 7.7904
15958 830588 3.0486
830588 45677 4.2996
45677 45678 2.229
45678 482842 2.3064
45762 45760 16.6896
45760 45762 16.6896
15945 15946 3.6426
15946 15947 3.1386
15947 21647 0.8454
45931 46473 3.9006
46473 272824 3.4398
272824 783521 2.5584
783521 272874 2.9472
272874 45932 0.708
45932 272835 0.6522
272835 272815 0.6828
272815 45933 0.798
45933 272885 0.8184
272885 272904 0.831
1978502 99534 2.2272
99534 99545 2.7822
99545 99195 8.1912
99195 467228 4.1244
1946470 1946468 0.3762
1946468 1946470 0.3762
1946468 101579 1.4922
101579 1946468 1.4922
46141 272728 3.942
272728 170996 2.1564
170996 46146 1.8576
46146 46145 2.3652
46145 46144 9.7884
46144 46143 4.1796
46143 46147 4.3056
46142 46148 5.6376
46148 272705 2.5632
272705 46147 6.1956
46149 46153 5.4972
46153 272726 4.8168
272726 46154 5.9868
46154 46155 12.3264
46155 46140 4.1688
46258 46259 6.582
46259 2709 14.1084
46495 45930 4.1118
45930 272808 2.5608
272808 1978585 0.4338
1978585 42921 4.0098
42921 45931 2.955
2508 272867 0.717
272867 272845 0.6744
272845 2716 0.7494
2716 272840 0.7422
272840 2715 0.864
2715 272900 1.2666
272900 272910 1.674
18222 1888118 2.934
1888118 1888518 0.5971
1888518 21637 0.541
1039 211301 4.5936
211301 46264 16.4592
46264 1672793 12.8628
1672793 211310 5.0796
211310 46265 6.48
273146 273173 3.2342
1895242 280809 1.8032
280809 273116 2.2784
273116 405555 0.9369
405555 273117 0.5148
273117 973850 1.4584
1034 1805803 1.818
1805803 1034 1.818
1805803 1805817 1.7388
1805817 1805803 1.7388
1805817 239477 0.8622
239477 1805817 0.8622
239477 239483 8.0334
239483 239477 8.0334
239483 46441 4.986
46441 239483 4.986
46441 629695 2.0448
629695 46441 2.0448
629695 46442 6.6042
46442 629695 6.6042
46442 46784 2.106
46784 46442 2.106
46784 915063 2.7054
915063 46784 2.7054
915063 46785 9.6282
46785 915063 9.6282
46785 239490 2.5776
239490 46785 2.5776
239490 46443 2.205
46443 239490 2.205
46443 915097 3.492
915097 46443 3.492
915097 46370 4.1238
46370 915097 4.1238
46370 46371 5.2506
46371 46370 5.2506
46371 303688 1.7316
303688 46371 1.7316
303688 94302 1.2672
94302 303688 1.2672
94302 46380 4.698
46380 94302 4.698
46380 46393 5.5242
46393 46380 5.5242
46393 46416 4.914
46416 46393 4.914
46416 47130 5.5494
47130 46416 5.5494
47130 148644 2.2734
148644 47130 2.2734
148644 46417 2.655
46417 148644 2.655
46417 46383 4.8744
46383 46417 4.8744
46383 46382 2.844
46382 46383 2.844
46382 47400 8.5212
47400 46382 8.5212
47400 148647 3.4434
148647 47400 3.4434
148647 46421 3.1806
46421 148647 3.1806
46421 46398 6.6978
46398 46421 6.6978
46398 46429 11.1528
46429 46398 11.1528
46429 148650 0.945
148650 46429 0.945
148650 47691 4.4874
47691 148650 4.4874
47691 46430 5.2218
46430 47691 5.2218
46430 481523 7.5456
481523 46430 7.5456
481523 46369 1.6326
46369 481523 1.6326
46371 46372 5.4144
46372 46371 5.4144
46372 46373 2.5506
46373 46372 2.5506
46373 75830 13.1652
75830 46373 13.1652
75830 46374 2.682
46374 75830 2.682
46374 46375 1.8072
46375 46374 1.8072
46375 46376 1.8558
46376 46375 1.8558
46376 46381 4.6062
46381 46376 4.6062
46377 282867 1.7658
282867 46377 1.7658
282867 481530 3.5082
481530 282867 3.5082
481530 46381 2.3112
46381 481530 2.3112
46381 46378 4.6152
46378 46381 4.6152
46378 46379 2.1348
46379 46378 2.1348
46379 282876 9.1512
282876 46379 9.1512
282876 46380 10.1394
46380 282876 10.1394
46395 1562719 13.3308
1562719 46395 13.3308
1562719 46382 1.611
46382 1562719 1.611
46382 46428 9.6966
46428 46382 9.6966
46428 282857 14.5494
282857 46428 14.5494
282857 46412 1.0296
46412 282857 1.0296
46412 697125 1.386
697125 46412 1.386
46387 46388 9.9648
1946473 1946293 0.9018
1946293 1946475 1.4514
1946475 1946476 3.8946
1946476 1946474 2.8194
1946474 1946292 0.1878
46370 915098 4.3884
915098 46370 4.3884
915098 46391 7.9902
46391 915098 7.9902
46391 46397 3.8502
46397 46391 3.8502
46397 303685 1.5768
303685 46397 1.5768
303685 46394 12.591
46394 303685 12.591
46394 296322 7.407
296322 46394 7.407
296322 46395 15.8796
46395 296322 15.8796
46395 1533539 1.2222
1533539 46395 1.2222
1533539 46469 4.3362
46469 1533539 4.3362
46469 98965 7.119
98965 46469 7.119
98965 46399 9.6858
46399 98965 9.6858
46399 98967 10.1178
98967 46399 10.1178
98967 46392 5.4594
46392 98967 5.4594
46392 481527 0.4644
481527 46392 0.4644
481527 46465 0.891
46465 481527 0.891
46465 46466 1.2672
46466 46465 1.2672
46466 46467 1.3212
46467 46466 1.3212
46467 46468 12.339
46468 46467 12.339
46468 373599 3.105
373599 46468 3.105
373599 46464 1.7208
46464 373599 1.7208
46394 1562721 13.3416
1562721 46394 13.3416
1562721 46393 1.1484
46393 1562721 1.1484
46371 1562723 2.4552
1562723 46371 2.4552
1562723 46396 2.6748
46396 1562723 2.6748
46396 915100 12.1104
915100 46396 12.1104
915100 303691 1.296
303691 915100 1.296
303691 46397 11.07
46397 303691 11.07
46401 282892 1.872
282892 46401 1.872
282892 46405 1.08
46405 282892 1.08
46405 46426 5.4864
46426 46405 5.4864
46426 46402 4.2426
46402 46426 4.2426
46402 46403 2.3652
46403 46402 2.3652
46403 46404 17.595
46404 46403 17.595
46404 46398 1.6992
46398 46404 1.6992
46407 282860 3.942
282860 371153 2.4552
371153 46406 0.7128
46406 101803 1.494
101802 46405 4.2012
46405 46408 3.5856
46408 46409 11.5848
46409 46410 4.4064
46410 46411 4.3092
46412 46413 6.2856
46413 46412 6.2856
46413 46414 2.0592
46414 46413 2.0592
46414 46420 2.9232
46420 46414 2.9232
46420 46415 15.1578
46415 46420 15.1578
46416 46418 5.2308
46418 46416 5.2308
46418 46419 1.5372
46419 46418 1.5372
46419 46415 9.3924
46415 46419 9.3924
46420 282894 14.67
282894 46420 14.67
282894 46378 4.788
46378 282894 4.788
46421 46422 4.6188
46422 46421 4.6188
46422 46423 1.8882
46423 46422 1.8882
46423 46427 3.3552
46427 46423 3.3552
46427 46424 12.9384
46424 46427 12.9384
46424 46425 2.5344
46425 46424 2.5344
46425 46426 6.642
46426 46425 6.642
46428 46427 16.2288
46427 46428 16.2288
46431 46432 2.7522
46432 46431 2.7522
46432 46433 2.8512
46433 46432 2.8512
46433 46434 14.0814
46434 46433 14.0814
46434 481519 1.026
481519 46434 1.026
481519 46435 1.0962
46435 481519 1.0962
46435 46436 6.3162
46436 46435 6.3162
46436 46437 5.2164
46437 46436 5.2164
46437 98968 1.8756
98968 46437 1.8756
98968 98969 12.7224
98969 98968 12.7224
98969 46438 1.4958
46438 98969 1.4958
46429 46439 4.2768
46439 46429 4.2768
46439 46440 1.593
46440 46439 1.593
46440 46438 9.3078
46438 46440 9.3078
46437 46402 19.3014
46402 46437 19.3014
46391 46444 6.6762
46444 46391 6.6762
46444 46445 2.1564
46445 46444 2.1564
46445 46446 1.7532
46446 46445 1.7532
46446 46447 1.8558
46447 46446 1.8558
46447 46448 2.1402
46448 46447 2.1402
46448 46452 5.4882
46452 46448 5.4882
46452 46852 9.9486
46852 46452 9.9486
46852 46453 10.5102
46453 46852 10.5102
46453 1665750 0.8316
1665750 46453 0.8316
1665750 709872 6.6222
709872 1665750 6.6222
709872 46449 2.439
46449 709872 2.439
46449 283781 7.5438
283781 46449 7.5438
283781 46450 10.863
46450 283781 10.863
46450 46451 2.3814
46451 46450 2.3814
46451 46441 5.8212
46441 46451 5.8212
46443 915099 2.1582
915099 46443 2.1582
915099 46456 4.212
46456 915099 4.212
46456 46452 18.9072
46452 46456 18.9072
46442 46454 5.7744
46454 46442 5.7744
46454 916481 0.378
916481 46454 0.378
916481 46455 2.0844
46455 916481 2.0844
46455 915075 3.9294
915075 46455 3.9294
915075 98970 6.993
98970 915075 6.993
98970 46855 1.4832
46855 98970 1.4832
46456 915081 1.5642
915081 46456 1.5642
915081 915066 7.8462
915066 915081 7.8462
915066 46454 9.9198
46454 915066 9.9198
2501 46577 2.2782
46577 46574 8.8056
46574 1979722 2.2908
1979722 1011773 0.8178
1011773 229172 1.314
229172 1011776 1.7544
1011776 1951205 0.4566
46461 1746507 6.3504
1746507 1746508 4.6944
1746508 46463 4.1184
46463 126065 4.1472
46473 272829 4.014
272829 46474 2.7144
46474 46481 8.1738
46480 46472 9.3096
46480 46483 4.203
46483 46480 4.203
46483 46482 3.69
46482 46483 3.69
46486 46491 5.9184
46491 46486 5.9184
46491 46487 2.9088
46487 46491 2.9088
46487 46488 5.5404
46488 46487 5.5404
46488 46489 4.2804
46489 46488 4.2804
46489 46490 3.4056
46490 46489 3.4056
46490 46486 5.3856
46486 46490 5.3856
46489 272820 7.4268
272820 46492 3.4056
46492 46493 3.42
46493 272842 3.0528
272842 46494 3.3336
46494 45930 4.4136
46485 46487 10.2852
46491 46484 10.3464
46495 272864 9.6588
272864 46490 19.5156
2555 348798 0.6696
348798 348799 0.6454
348799 348800 0.6619
348800 273290 0.5662
273290 99019 0.6197
46537 46538 1.081
46538 273341 0.9643
273341 273382 0.5858
273382 46539 0.4706
46539 46536 0.864
46252 61206 4.1724
61206 46252 4.1724
61206 46546 5.8896
46546 61206 5.8896
46546 61207 1.764
61207 46546 1.764
61207 61205 1.728
61205 61207 1.728
61205 46547 0.6228
46547 61205 0.6228
46559 272831 2.7972
272831 46559 2.7972
272831 46560 2.1456
46560 272831 2.1456
46560 46561 8.7444
46561 46560 8.7444
46561 46562 9.5976
46562 46561 9.5976
46561 46563 7.1712
46563 46561 7.1712
46584 46583 1.2948
46583 710392 0.8478
710392 2500 0.5142
2499 446255 1.4112
446255 46584 0.8862
2561 370227 1.1495
370227 2561 1.1495
370227 95129 0.4586
95129 370227 0.4586
95129 1948738 0.4133
1948738 95129 0.4133
1948738 46537 0.4054
46537 1948738 0.4054
23362 428934 0.513
428934 273378 0.607
273378 273301 0.7427
273301 273433 1.0465
273433 273327 1.2928
273327 273417 1.1441
46251 804887 1.4472
804887 990296 2.7246
990296 21465 1.7664
46831 1686937 2.268
1686937 46831 2.268
1686937 35066 20.124
35066 1686937 20.124
46832 35067 18.3312
35067 46832 18.3312
35060 35064 49.9464
35064 35060 49.9464
35064 35061 35.0064
35061 35064 35.0064
35063 35061 16.4664
35061 35063 16.4664
46841 101576 4.2336
101576 46841 4.2336
46842 46843 4.8672
46843 46842 4.8672
15923 46844 4.5144
46844 46845 13.6044
46845 46846 6.4332
46846 46847 5.0508
46847 46848 9.2808
46848 46849 3.6324
46849 46850 6.138
46850 46851 6.2568
46852 46853 4.428
46853 46852 4.428
46853 46854 1.5696
46854 46853 1.5696
46854 46855 9.2268
46855 46854 9.2268
46831 48993 7.9272
48993 46831 7.9272
48993 48994 36.4176
48994 48993 36.4176
48994 48995 14.7312
48995 48994 14.7312
48995 48996 12.4992
48996 48995 12.4992
48996 249835 17.6616
249835 48996 17.6616
249835 249833 57.0816
249833 249835 57.0816
249833 48997 20.7
48997 249833 20.7
48997 1015433 45.9648
1015433 48997 45.9648
1015433 49025 19.3608
49025 1015433 19.3608
49025 48998 8.5464
48998 49025 8.5464
48998 910228 13.7232
910228 48998 13.7232
910228 910229 7.0128
910229 910228 7.0128
48999 49027 8.6496
49027 48999 8.6496
49027 49000 20.2668
49000 49027 20.2668
49000 49001 12.7464
49001 49000 12.7464
49001 1162780 1.3152
1162780 49001 1.3152
1162780 49002 1.1904
49002 1162780 1.1904
49002 49003 3.0192
49003 49002 3.0192
49003 49004 1.7664
49004 49003 1.7664
49004 48992 3.8328
48992 49004 3.8328
49005 934782 1.3162
934782 49005 1.3162
934782 49006 2.3839
49006 934782 2.3839
49006 709062 0.9108
709062 49006 0.9108
48992 153001 4.1988
153001 48992 4.1988
153001 153054 1.4904
153054 153001 1.4904
153054 49010 3.7608
49010 153054 3.7608
49010 453267 10.5708
453267 49010 10.5708
453267 49011 2.7804
49011 453267 2.7804
49011 49012 6.2664
49012 49011 6.2664
49012 152990 2.2488
152990 49012 2.2488
152990 153045 1.2156
153045 152990 1.2156
153045 49013 1.4532
49013 153045 1.4532
49004 928695 1.8864
928695 49004 1.8864
928695 49017 3.5184
49017 928695 3.5184
49017 927291 1.11
927291 49017 1.11
927291 49018 1.1556
49018 927291 1.1556
49025 250210 2.592
250210 49025 2.592
250210 99017 2.6424
99017 250210 2.6424
99017 910234 3.888
910234 99017 3.888
910234 99018 11.8872
99018 910234 11.8872
99018 1565300 3.6936
1565300 99018 3.6936
1565300 49026 18.1656
49026 1565300 18.1656
49026 49027 43.3656
49027 49026 43.3656
21334 1976712 1.6654
1976712 21334 1.6654
1976712 49633 2.7223
49633 1976712 2.7223
49633 1976711 3.0614
1976711 49633 3.0614
1976711 1976710 3.361
1976710 1976711 3.361
1976710 1976709 1.751
1976709 1976710 1.751
1976709 49634 7.0517
49634 1976709 7.0517
49634 1976708 4.351
1976708 49634 4.351
1976708 1976697 0.1958
1976697 1976708 0.1958
1976697 1976707 1.7842
1976707 1976697 1.7842
1976707 49635 1.9901
49635 1976707 1.9901
49635 48832 6.1006
48832 49635 6.1006
48832 85876 8.2174
85876 48832 8.2174
49639 99001 173.4408
99001 49639 173.4408
228839 971446 0.3852
971446 552272 0.3554
552272 971445 0.342
971445 21631 0.3723
18209 190065 0.5598
190065 18209 0.5598
18210 231975 1.3802
231975 18210 1.3802
231975 750274 0.8953
750274 231975 0.8953
750274 18209 0.3132
18209 750274 0.3132
145378 181905 1.962
181905 145378 1.962
181905 49816 3.9576
49816 181905 3.9576
49816 220431 7.5096
220431 49816 7.5096
220431 49817 5.2668
49817 220431 5.2668
49817 49818 6.162
49818 49817 6.162
49818 49819 3.3144
49819 49818 3.3144
49819 49820 4.2084
49820 49819 4.2084
49820 49821 4.9524
49821 49820 4.9524
49821 873827 0.9012
873827 49821 0.9012
873827 49822 7.488
49822 873827 7.488
49822 18257 1.788
18257 49822 1.788
49823 179740 1.9188
179740 49823 1.9188
179740 250221 11.4912
250221 179740 11.4912
250221 255284 4.8936
255284 250221 4.8936
255284 255279 22.8708
255279 255284 22.8708
255279 49824 7.9704
49824 255279 7.9704
49824 378653 2.2836
378653 49824 2.2836
378653 49825 1.3164
49825 378653 1.3164
19140 179821 1.9428
179821 19140 1.9428
179821 255260 6.3864
255260 179821 6.3864
255260 828682 5.5596
828682 255260 5.5596
828682 982618 2.1636
982618 828682 2.1636
982618 255297 1.716
255297 982618 1.716
255297 49826 6.9852
49826 255297 6.9852
49826 255243 1.2708
255243 49826 1.2708
255243 49827 1.5456
49827 255243 1.5456
49827 49828 1.8348
49828 49827 1.8348
49828 76792 0.9456
76792 49828 0.9456
76792 456201 9.2148
456201 76792 9.2148
456201 255194 0.288
255194 456201 0.288
255194 49829 8.346
49829 255194 8.346
49829 255302 1.3296
255302 49829 1.3296
255302 378637 1.1616
378637 255302 1.1616
378637 49830 1.9152
49830 378637 1.9152
50070 378685 0.8298
378685 50070 0.8298
378685 233928 1.9242
233928 378685 1.9242
233928 160666 3.24
160666 233928 3.24
160666 160662 0.177
160662 160666 0.177
160662 468400 0.8334
468400 160662 0.8334
468400 160931 0.8628
160931 468400 0.8628
160931 828891 0.921
828891 160931 0.921
828891 231936 0.5118
231936 828891 0.5118
231936 378688 2.3844
378688 231936 2.3844
50151 708046 1.3656
708046 50151 1.3656
708046 1999119 1.074
1999119 708046 1.074
1999119 1999133 9.2664
1999133 1999119 9.2664
1999133 753937 7.2756
753937 1999133 7.2756
753937 480496 4.4436
480496 753937 4.4436
480496 772096 1.4244
772096 480496 1.4244
772096 753909 7.7388
753909 772096 7.7388
753909 227239 6.99
227239 753909 6.99
482800 974041 1.3116
974041 482800 1.3116
974041 482799 6.504
482799 974041 6.504
482799 212914 3.4692
212914 482799 3.4692
212914 482798 1.8384
482798 212914 1.8384
482798 50154 1.758
50154 482798 1.758
50154 482793 3.4248
482793 50154 3.4248
482793 482794 3.93
482794 482793 3.93
482794 482795 12.048
482795 482794 12.048
482795 482796 6.2244
482796 482795 6.2244
482796 482797 2.7396
482797 482796 2.7396
482797 482792 2.256
482792 482797 2.256
21434 708051 1.35
708051 21434 1.35
708051 1600642 5.844
1600642 708051 5.844
1600642 772133 1.8924
772133 1600642 1.8924
772133 1600641 2.7264
1600641 772133 2.7264
1600641 480510 6.8292
480510 1600641 6.8292
480510 482806 1.4004
482806 480510 1.4004
482806 772069 4.1604
772069 482806 4.1604
772069 753913 1.3728
753913 772069 1.3728
753913 482802 3.1752
482802 753913 3.1752
482802 772117 9.0912
772117 482802 9.0912
772117 358018 1.5708
358018 772117 1.5708
50152 482790 1.272
482790 50152 1.272
482790 212884 0.7548
212884 482790 0.7548
212884 212874 0.5184
212874 212884 0.5184
212874 212896 2.4888
212896 212874 2.4888
212896 50171 1.758
50171 212896 1.758
50171 212928 1.1916
212928 50171 1.1916
212928 50172 3.162
50172 212928 3.162
50172 212872 12.6348
212872 50172 12.6348
212872 237595 14.496
237595 212872 14.496
237595 646452 0.8736
646452 237595 0.8736
50171 1118142 9.624
1118142 50171 9.624
1118142 99013 0.9252
99013 1118142 0.9252
99013 1118131 0.6108
1118131 99013 0.6108
1118131 50173 3.858
50173 1118131 3.858
50173 50174 6.9408
50174 50173 6.9408
50174 50214 5.0556
50214 50174 5.0556
50214 50215 11.7936
50215 50214 11.7936
50215 50216 5.8344
50216 50215 5.8344
50216 50227 8.214
50227 50216 8.214
50227 50217 2.6652
50217 50227 2.6652
50217 50218 4.7508
50218 50217 4.7508
50175 1118129 0.6084
1118129 50175 0.6084
1118129 50213 18.5892
50213 1118129 18.5892
50177 50180 34.1316
50180 50177 34.1316
50180 212905 8.3952
212905 50180 8.3952
212905 212933 21.5532
212933 212905 21.5532
50178 828865 22.5948
828865 50178 22.5948
828865 50181 0.8364
50181 828865 0.8364
50186 752438 2.2212
752438 50186 2.2212
752438 752437 2.1288
752437 752438 2.1288
752437 752439 2.7288
752439 752437 2.7288
752439 81506 1.4736
81506 752439 1.4736
50188 828218 3.4668
828218 50188 3.4668
828218 50187 18.9468
50187 828218 18.9468
129381 50182 7.5624
50182 129381 7.5624
50182 212878 7.4568
212878 50182 7.4568
212878 212922 6.0204
212922 212878 6.0204
212922 50179 7.548
50179 212922 7.548
18212 708014 5.0976
708014 18212 5.0976
708014 1963773 0.4356
1963773 708014 0.4356
1963773 212918 8.118
212918 1963773 8.118
212918 129334 4.4748
129334 212918 4.4748
129334 212954 40.4928
212954 129334 40.4928
212954 212978 5.022
212978 212954 5.022
212978 828207 22.77
828207 212978 22.77
828207 50212 3.6864
50212 828207 3.6864
50152 482791 1.7088
482791 50152 1.7088
482791 50155 4.4904
50155 482791 4.4904
50155 50153 7.1256
50153 50155 7.1256
50153 482799 3.6108
482799 50153 3.6108
482799 50156 2.1492
50156 482799 2.1492
50156 482801 7.6332
482801 50156 7.6332
482801 50157 5.862
50157 482801 5.862
50157 1926188 3.8976
1926188 50157 3.8976
1926188 766440 1.3824
766440 1926188 1.3824
766440 50158 1.848
50158 766440 1.848
50158 1397913 1.824
1397913 50158 1.824
1397913 212915 3.6312
212915 1397913 3.6312
212915 212898 7.7616
212898 212915 7.7616
212898 1926181 5.9496
1926181 212898 5.9496
1926181 50159 1.6332
50159 1926181 1.6332
50159 1926170 1.2492
1926170 50159 1.2492
1926170 50160 1.0644
50160 1926170 1.0644
50160 50161 4.032
50161 50160 4.032
50161 219705 4.6404
219705 50161 4.6404
219705 50162 9.7392
50162 219705 9.7392
50162 1926186 4.008
1926186 50162 4.008
1926186 212870 1.068
212870 1926186 1.068
212870 50163 1.1532
50163 212870 1.1532
50163 1926182 0.8268
1926182 50163 0.8268
1926182 1630059 1.4016
1630059 1926182 1.4016
1630059 50164 1.5024
50164 1630059 1.5024
50164 212924 7.0296
212924 50164 7.0296
99013 237601 1.5012
237601 99013 1.5012
237601 50175 4.3632
50175 237601 4.3632
50175 1144433 5.6109
1144433 50175 5.6109
1144433 21444 0.575
21444 1144433 0.575
50167 1350445 1.7052
1350445 50167 1.7052
1350445 1926187 3.1308
1926187 1350445 3.1308
1926187 212929 3.2664
212929 1926187 3.2664
212929 212900 0.9948
212900 212929 0.9948
212900 50168 1.2204
50168 212900 1.2204
50168 1926189 6.1416
1926189 50168 6.1416
1926189 212912 1.6032
212912 1926189 1.6032
212912 50169 1.4148
50169 212912 1.4148
50169 212887 11.2332
212887 50169 11.2332
212887 212920 6.3336
212920 212887 6.3336
212920 50165 3.2568
50165 212920 3.2568
50165 50176 2.4864
50176 50165 2.4864
50176 1926175 2.3412
1926175 50176 2.3412
1926175 212903 11.142
212903 1926175 11.142
212903 212931 8.5008
212931 212903 8.5008
212931 50177 4.0512
50177 212931 4.0512
50177 1926155 1.4244
1926155 50177 1.4244
1926155 1267054 9.438
1267054 1926155 9.438
1267054 212883 3.7104
212883 1267054 3.7104
212883 50178 1.4304
50178 212883 1.4304
50178 212926 4.1952
212926 50178 4.1952
212926 212909 5.0232
212909 212926 5.0232
212909 212868 1.2348
212868 212909 1.2348
212868 212893 1.098
212893 212868 1.098
212893 50179 6.1644
50179 212893 6.1644
50184 50209 5.904
50209 50184 5.904
50209 50193 20.1744
50193 50209 20.1744
50193 735330 40.2408
735330 50193 40.2408
735330 216887 8.3448
216887 735330 8.3448
216887 50194 100.8792
50194 216887 100.8792
50194 50200 2.2464
50200 50194 2.2464
50203 1623243 35.8632
1623243 50203 35.8632
1623243 1623244 23.9472
1623244 1623243 23.9472
1623244 50204 31.0032
50204 1623244 31.0032
50204 836709 32.3352
836709 50204 32.3352
1622260 50206 22.824
50206 1622260 22.824
50206 1623233 22.176
