66531
1035603 259445 3.564
259445 1035603 3.564
1432 956786 0.8752
956786 155946 0.5501
155946 956787 0.3344
956787 155899 0.292
155899 956788 0.2682
956788 1433 0.3269
1433 956789 0.279
956789 155845 0.2866
155845 956790 0.3312
956790 1434 0.3128
1434 956791 0.3139
956791 155924 0.306
155924 956792 0.3726
956792 155866 0.3676
155866 1596709 0.7805
1596709 17789 1.3399
1435 260910 1.6176
260910 810536 0.3486
810536 67879 1.209
67879 1077366 3.141
1077366 1438 2.0766
1438 407212 0.7302
407212 51547 0.4938
51547 407214 0.3354
407214 1441 0.3498
1441 51544 0.4026
51544 546424 0.549
546424 546423 0.5178
546423 412304 0.6954
1440 774075 1.9055
774075 51552 1.1588
226255 226256 2.331
226256 226257 1.6062
226257 226258 1.2204
226258 226259 1.0374
226259 226260 0.729
226260 226261 0.906
226261 226262 6.7032
226262 226263 1.0332
226214 226215 0.508
159624 1062895 1.4443
226198 226194 7.5877
226200 226048 2.6238
226048 810565 1.1058
810565 810564 0.768
810564 95827 0.66
95827 226136 0.5826
226136 1785 0.8142
1785 1632257 1.383
1632257 226165 0.8052
226165 5550 0.8496
5550 226111 1.008
226111 226058 2.634
226058 1786 0.9264
1786 226146 0.969
226146 226201 0.8652
226201 226118 0.6924
226118 226194 2.0178
308332 331449 1.8792
331449 308332 1.8792
331449 2005090 6.5898
2005090 331449 6.5898
2005090 1885182 3.897
1885182 2005090 3.897
1885182 1455381 5.9634
1455381 1885182 5.9634
1948 346022 2.4502
346022 747345 1.0012
747345 147465 0.7697
147465 1019718 0.7769
1019718 747344 1.1534
747344 1955 1.4774
1957 1959 0.1346
1959 1957 0.1346
1962 1964 0.509
1964 1962 0.509
1964 746142 0.3179
746142 1964 0.3179
746142 147467 0.3571
147467 746142 0.3571
147467 1019723 0.3017
1019723 147467 0.3017
1019723 1963 0.3892
1963 1019723 0.3892
1957 1019716 1.3962
1019716 346031 4.1916
346031 742421 1.2732
742421 147463 1.32
147463 742420 1.212
742420 346033 0.9738
346033 346019 0.771
346019 1055 4.8606
1949 1499878 0.657
1499878 1499879 0.5789
1499879 155888 0.6444
155888 155835 0.7088
155835 42380 0.5368
42380 155875 0.4608
155875 1966 0.4619
1966 155929 0.5947
155929 42381 0.6512
42381 155910 0.6613
155910 1453212 0.5252
1453212 1967 0.5447
1967 155944 0.778
155944 155855 0.5594
155855 155914 1.0364
155914 155859 0.9968
155859 33820 0.6847
33820 155839 0.7718
155839 33821 0.7668
33821 155893 0.9457
155893 155871 1.0314
155871 1950 0.7398
2015179 322907 1.5432
322907 2015179 1.5432
322907 249665 2.034
249665 322907 2.034
412306 154 0.3006
154 810531 2.8361
810531 155 1.9872
153 1953265 4.7963
1953265 715627 1.8788
4910 323473 0.8367
323473 4910 0.8367
2015221 323473 1.1391
323473 2015221 1.1391
5330 1310041 0.6619
1310041 780138 1.0954
226234 226214 3.474
226232 226233 3.474
226268 226269 1.4839
226269 226081 1.0577
226081 91882 1.0663
91882 226170 0.8834
226170 5433 0.8676
5433 226148 0.8942
226148 42421 0.9317
42421 226087 1.1246
226087 5434 0.9756
5434 226175 1.1218
226175 42422 0.9317
42422 226122 0.923
226122 5435 0.941
5435 226068 0.8957
226068 42423 1.0145
42423 226157 1.0138
226157 5436 1.0073
5436 226098 1.0843
226098 42419 1.3154
42419 226045 1.5098
226045 226270 2.4725
226223 5532 2.8717
5532 295310 0.1238
295310 351997 0.1674
351997 764720 3.3329
764720 295293 0.2275
295293 308783 6.0116
308783 296282 1.2168
10054 1083765 7.4472
1083765 10054 7.4472
1083765 91878 1.6344
91878 1083765 1.6344
91878 1491102 0.9756
1491102 91878 0.9756
226215 226235 2.0674
226235 226089 1.1489
226089 226039 0.8362
226039 226125 0.7282
226125 5534 0.7149
5534 226236 0.8712
226236 1632554 4.9608
1632554 226237 3.2739
226237 226060 0.8846
226060 226114 0.6336
226114 226144 0.7107
226144 5535 0.6665
5535 226054 0.6778
226054 226108 0.7231
226108 226238 1.765
226238 226239 3.5445
226226 296807 1.8072
296807 1632552 0.5382
1632552 91879 0.4248
91879 5542 0.8226
5542 91880 1.0098
91880 1632553 2.136
1632553 91881 8.1774
91881 5543 1.35
5543 226282 1.0524
226282 5536 1.0956
5536 226283 1.6644
5537 1334883 1.871
1334883 720124 0.9998
720124 5538 1.3577
5538 720125 1.0173
720125 5539 1.3207
5539 5540 14.5944
5540 296835 0.5925
296835 42420 0.6099
42420 296827 0.9237
296827 5541 0.8434
5541 296820 1.0954
296820 296814 1.1674
296814 226230 1.3341
226284 226285 2.8975
226285 226160 2.6085
226160 226102 3.1155
226102 5549 3.1711
5549 795141 3.1978
795141 1632551 4.6245
1632551 5548 17.4909
5548 226049 1.907
226049 5547 1.8514
5547 226137 1.6313
226137 226076 1.6683
226076 226167 1.7187
226167 695880 1.2343
226272 226273 1.1814
226273 226105 0.717
226105 226052 0.5304
226052 226142 0.3744
226142 5546 0.4044
5546 226274 0.3978
226274 1632550 5.9568
1632550 226275 1.3032
226275 226276 1.1214
226276 226277 0.8964
226277 226278 0.9282
226278 226279 0.6732
226279 226280 0.6006
226280 226281 0.6096
226281 226091 0.408
226091 5545 0.3672
5545 226152 0.4098
226152 226063 0.4692
226063 226059 0.3834
226059 296856 0.7236
296856 226292 0.843
226243 226244 0.645
226244 226245 0.6804
226245 226246 0.7512
226246 226247 0.9846
226247 226248 0.942
226248 645938 0.6342
645938 226249 0.5316
226249 1632549 6.7362
1632549 226250 0.5454
226250 226251 0.4884
226251 226162 0.3876
226162 226073 0.4638
226073 226130 0.5658
226130 226252 0.6102
226252 226253 1.0956
226253 226254 2.3892
5544 1782454 1.2549
1782454 1277458 0.3888
1277458 719457 1.351
226233 226268 0.8078
226199 226172 1.7172
226172 1961990 0.4938
1961990 226085 0.5028
226085 1961991 0.5364
1961991 5551 0.6072
5551 226116 0.6336
226116 226168 0.7494
226168 42424 0.7404
42424 742824 0.8136
742824 5552 0.8928
5552 1961987 0.4782
1961987 226079 0.4128
226079 1961992 0.456
1961992 42425 0.447
42425 1961986 0.4344
1961986 810576 0.4104
810576 1298804 0.468
1298804 5553 0.5556
5553 1298805 0.3966
1298805 810579 0.456
810579 1961988 0.5148
1961988 1961989 0.477
1961989 42426 0.384
42426 810578 0.4476
810578 964749 0.5346
964749 810575 0.5622
810575 891924 0.7254
891924 226051 1.4682
886756 810549 0.5448
810549 45559 0.462
45559 5554 0.4962
5554 1298803 0.669
1298803 1310709 0.0834
1310709 689969 0.9216
689969 44565 3.5664
44565 5555 1.0944
5555 226132 1.2744
226132 5556 1.3722
5556 1232266 0.8718
1232266 810566 4.8768
810566 810568 0.8376
810568 742829 0.8304
742829 226065 0.7146
226065 810569 0.6162
810569 45560 1.3602
45560 742830 1.4538
742830 226202 8.796
226202 1232265 2.9916
1232265 1077289 2.046
1077289 1077283 2.9892
1077283 226203 4.1916
5544 1056375 3.511
1056375 5544 3.511
91878 1491099 2.3508
1491099 1491098 1.1475
1491098 91885 0.9342
91885 1491097 0.4392
1491097 657082 0.4194
657082 91884 0.5373
91884 91883 1.8315
91883 98346 7.4394
98346 1888151 14.1498
1888151 1888149 0.603
1888149 6352 0.5031
6352 1888150 0.6093
1888150 657079 0.8955
657079 6351 1.8801
6351 619229 15.5745
619229 294298 1.3959
294298 91892 10.3365
91892 242263 2.1393
242263 231885 0.6705
231885 241308 1.4166
241308 241348 2.1366
241348 91891 1.116
91891 235331 6.6456
235331 6350 1.3023
904000 1632050 5.3816
1632050 808349 6.5635
808349 903997 0.5843
903997 808350 0.5058
808350 808348 1.102
808348 82175 1.0706
82175 1444 1.112
120996 1421540 16.9632
1421540 120996 16.9632
1421540 666690 1.6236
666690 1421540 1.6236
666690 6935 4.0968
6935 666690 4.0968
226211 226212 1.0614
226212 295948 1.8474
295948 241326 1.3368
241326 7615 0.8676
82426 82435 4.8456
82435 82437 5.5548
82437 82439 6.534
82439 7622 10.0224
7622 309005 3.1104
309005 82447 3.3336
82447 82449 5.7636
82449 82452 5.9472
82452 82454 5.6628
82454 82456 5.886
82456 82458 5.5404
82458 7621 2.934
7621 82430 4.4964
82430 82457 24.1884
82457 1087425 2.3148
1087425 271006 2.2464
271006 271042 6.1308
271042 120169 6.246
120169 191323 21.0492
191323 141946 7.7904
141946 141945 3.8664
141945 82448 3.4812
7594 7595 1.9049
7595 7594 1.9049
7595 7596 1.2276
7596 7595 1.2276
7596 243589 1.7661
243589 7596 1.7661
243589 1959975 4.1781
1959975 243589 4.1781
1959975 91977 2.1513
91977 1959975 2.1513
91977 349907 0.8985
349907 91977 0.8985
349907 93378 1.6061
93378 349907 1.6061
93378 1223488 1.3454
1223488 93378 1.3454
1223488 657106 1.3006
657106 1223488 1.3006
657106 1959976 2.0649
1959976 657106 2.0649
1959976 92200 2.4501
92200 1959976 2.4501
92200 1959977 1.5819
1959977 92200 1.5819
1959977 92163 0.9226
92163 1959977 0.9226
92163 93159 1.7547
93159 92163 1.7547
93159 7631 0.8043
7631 93159 0.8043
412115 412122 5.2421
412122 412115 5.2421
1461224 1461223 6.4116
1461223 1461225 3.222
1461225 341203 6.5664
8793 548426 0.9103
548426 297247 0.5174
297247 829991 0.3878
829991 8794 0.3981
8794 829990 0.4197
829990 8795 0.3703
8795 1071657 0.5472
1071657 8796 0.9391
8877 499607 0.5976
499607 8877 0.5976
499607 808477 2.8846
808477 499607 2.8846
808477 154163 0.7066
154163 808477 0.7066
154163 364581 1.5002
364581 154163 1.5002
364581 1959979 0.5739
1959979 364581 0.5739
1959979 364571 0.5045
364571 1959979 0.5045
2015261 364571 0.5575
364571 2015261 0.5575
530445 296846 1.3524
296846 530445 1.3524
296846 833581 1.8984
833581 296846 1.8984
833581 833589 3.852
833589 833581 3.852
2015269 364722 2.1768
364722 2015269 2.1768
364722 899011 4.3596
899011 364722 4.3596
899011 241293 8.1324
241293 899011 8.1324
241293 837140 0.9684
837140 241293 0.9684
6352 10049 27.072
10049 6352 27.072
10049 10050 7.5168
10050 10049 7.5168
10050 296566 1.2132
296566 10050 1.2132
296566 296562 1.0008
296562 296566 1.0008
296562 296554 1.4904
296554 296562 1.4904
296554 296578 1.7352
296578 296554 1.7352
296578 10051 12.2832
10051 296578 12.2832
10051 10052 15.8256
10052 10051 15.8256
10052 296560 12.8052
296560 10052 12.8052
296560 300100 1.5156
300100 296560 1.5156
300100 10053 4.7412
10053 300100 4.7412
1888464 10055 2.9412
10055 1888464 2.9412
10055 734370 2.7072
734370 10055 2.7072
734370 359011 35.5032
359011 734370 35.5032
359011 359019 4.95
359019 359011 4.95
359019 457970 17.3016
457970 359019 17.3016
457970 457969 36.2844
457969 457970 36.2844
457969 10056 12.3264
10056 457969 12.3264
10056 1888465 2.538
1888465 10056 2.538
766250 766532 1.0512
766532 766252 0.6732
91916 91901 4.5216
91901 91916 4.5216
12723 561943 0.9194
561943 12723 0.9194
561943 226126 0.9475
226126 561943 0.9475
226126 226090 0.6221
226090 226126 0.6221
226090 561944 0.8482
561944 226090 0.8482
561944 561945 0.7157
561945 561944 0.7157
561945 226040 0.8273
226040 561945 0.8273
226040 561946 0.895
561946 226040 0.895
561946 226151 1.0555
226151 561946 1.0555
226151 561947 0.9972
561947 226151 0.9972
561947 12724 0.8489
12724 561947 0.8489
12725 12726 40.1832
12726 12725 40.1832
1121526 1599457 1.0488
1599457 1121526 1.0488
1599457 13896 4.6332
13896 1599457 4.6332
13896 51137 8.4348
51137 13896 8.4348
51137 318786 11.1792
318786 51137 11.1792
318786 7415 5.3928
7415 318786 5.3928
7415 738064 1.4484
738064 7415 1.4484
738064 13897 6.7644
13897 738064 6.7644
316648 475980 1.2228
475980 316648 1.2228
475980 13914 0.9984
13914 475980 0.9984
13914 334939 1.1352
334939 13914 1.1352
334939 1420300 2.2944
1420300 334939 2.2944
13915 1420295 28.7424
1420295 13915 28.7424
1420295 13908 4.0968
13908 1420295 4.0968
14250 969610 0.6414
969610 14250 0.6414
969610 24194 4.2726
24194 969610 4.2726
24194 1008175 6.678
1008175 24194 6.678
2015331 1008175 5.6958
1008175 2015331 5.6958
9491 252355 3.9888
252355 9491 3.9888
252355 637772 0.8937
637772 252355 0.8937
637772 196863 2.412
196863 637772 2.412
196863 1063 1.0584
1063 196863 1.0584
14261 923053 0.7854
923053 14261 0.7854
923053 1694319 3.3834
1694319 923053 3.3834
1694319 251883 1.9134
251883 1694319 1.9134
251883 1488261 2.5476
1488261 251883 2.5476
2015333 1488261 4.584
1488261 2015333 4.584
766251 407245 0.4968
407245 42418 0.4961
42418 120141 0.5148
120141 45561 0.5155
45561 120128 0.5155
120128 232384 0.5148
232384 15351 0.5155
15351 45573 0.5148
45573 45562 0.5155
45562 120137 0.5148
120137 15352 0.5155
15352 766254 0.5148
766254 120138 0.5155
120138 766253 0.5155
766253 271031 0.5148
271031 45572 0.5155
45572 271002 0.5155
271002 120139 0.5155
120139 15350 0.5155
15350 141950 0.5155
141950 120140 0.5155
120140 766250 0.5155
766250 270996 0.4961
270996 766251 0.4961
15348 1948275 0.6998
1948275 1948276 0.3226
1948276 141942 0.3384
141942 141938 1.3493
1959695 15358 1.6812
15358 45569 1.7172
45569 45567 1.7172
45567 120144 1.7172
120144 1959691 1.7172
1959691 45568 1.7172
45568 1959692 1.3068
1959692 15355 1.3068
15355 120145 1.9224
120145 15356 1.926
15356 45570 1.8288
45570 1959693 1.8288
1959693 45564 1.8288
45564 120146 1.548
120146 45571 1.548
45571 1959694 1.5444
1959694 15357 1.548
15357 120147 1.6812
120147 45565 1.6812
45565 45566 1.6812
45566 1959695 1.6812
238270 141940 0.9864
141940 238271 0.4586
238271 238272 0.3571
238272 141941 4.176
141941 15348 0.679
5429 1948267 5.6736
1948267 82433 4.086
82433 1948270 3.8772
1948270 1948269 3.4452
1948269 82432 5.4252
16331 296871 0.5436
296871 296869 0.3924
296869 16335 0.4608
16335 117489 2.2941
117489 1653188 0.3294
1653188 296861 0.3069
296861 16333 0.4077
16332 1653187 0.3555
1653187 296864 0.3123
296864 117488 0.4536
117488 16334 2.2995
16334 461700 0.459
461700 296867 0.468
296867 16330 0.6444
16336 1857511 0.9162
1857511 808353 0.5409
808353 364622 0.6921
364622 692237 0.6012
692237 16338 0.6786
16338 692236 0.7317
692236 364620 0.6876
364620 1857510 0.3555
1857510 808342 0.3429
808342 16337 1.4076
1444 1857512 0.7776
1857512 692235 0.6012
692235 364619 0.5292
364619 692232 0.6291
692232 16339 0.6345
16339 692233 0.6084
692233 364621 0.576
364621 692234 0.8622
692234 95262 0.7713
260919 260929 10.53
260929 260919 10.53
260929 260908 18.5472
260908 260929 18.5472
260908 260916 4.5864
260916 260908 4.5864
260916 260925 17.5392
260925 260916 17.5392
260925 260903 9.3024
260903 260925 9.3024
260903 260917 6.1164
260917 260903 6.1164
260917 260926 29.196
260926 260917 29.196
260926 260904 7.5528
260904 260926 7.5528
260904 1039628 4.8276
1039628 260904 4.8276
1039628 260912 5.3424
260912 1039628 5.3424
260912 260922 20.9844
260922 260912 20.9844
260922 1039624 5.6412
1039624 260922 5.6412
1039624 16897 6.4476
16897 1039624 6.4476
2015361 1956366 1.9255
1956366 2015361 1.9255
1956366 364584 0.2073
364584 1956366 0.2073
364584 364588 0.361
364588 364584 0.361
364588 364610 3.0914
364610 364588 3.0914
364610 241318 0.7899
241318 364610 0.7899
241318 9016 0.5493
9016 241318 0.5493
17385 451287 3.1932
451287 833821 14.1732
833821 295931 21.0564
295931 350719 19.8972
350719 764695 31.1544
764695 833599 77.3568
833599 350725 7.236
350725 764722 5.1768
764722 1113489 19.9368
1113489 1113496 14.3928
1113496 834145 11.2644
834145 350727 6.5556
350727 833578 6.1092
833578 833562 6.7824
833562 350735 20.8008
350735 350736 11.088
350736 296852 4.5648
296852 5531 7.2216
1586743 852311 1.4265
852311 1586743 1.4265
852311 346244 0.1827
346244 852311 0.1827
346244 833456 3.2112
833456 346244 3.2112
833456 970100 1.6695
970100 833456 1.6695
970100 970099 0.9747
970099 970100 0.9747
970099 842609 5.9337
842609 970099 5.9337
842609 519388 4.3164
519388 842609 4.3164
519388 886608 1.4589
886608 519388 1.4589
886608 49999 0.4626
49999 886608 0.4626
49999 886604 0.5229
886604 49999 0.5229
886604 886613 0.2547
886613 886604 0.2547
886613 391872 1.386
391872 886613 1.386
50002 530437 2.1924
530437 50002 2.1924
530437 886624 1.1952
886624 530437 1.1952
886624 886625 5.6376
886625 886624 5.6376
886625 392176 0.5868
392176 886625 0.5868
392176 886626 7.9596
886626 392176 7.9596
886626 519387 3.0816
519387 886626 3.0816
519387 50001 5.8284
50001 519387 5.8284
50001 17389 10.3356
17389 50001 10.3356
17389 132243 6.9804
132243 17389 6.9804
413651 413652 3.5496
413652 1955026 1.8936
1955026 413653 4.464
413653 653592 1.2204
17479 1019729 0.9499
1019729 17479 0.9499
1019729 747353 1.5105
747353 1019729 1.5105
747353 598737 1.0291
598737 747353 1.0291
598737 1962 1.297
1962 598737 1.297
1963 1019724 0.9031
1019724 17479 4.3334
17479 605349 0.8367
605349 17479 0.8367
605349 598735 0.9643
598735 605349 0.9643
598735 147416 0.9118
147416 598735 0.9118
147416 1601802 2.6553
1601802 147416 2.6553
1601802 1601803 1.1901
1601803 1601802 1.1901
1601803 17480 1.1808
17480 1601803 1.1808
17480 1601805 0.6634
1601805 17480 0.6634
1601805 1601806 0.7858
1601806 1601805 0.7858
1601806 1601804 3.8926
1601804 1601806 3.8926
1601804 1601776 5.7137
1601776 1601804 5.7137
1601776 17481 6.804
17481 1601776 6.804
17481 1601905 0.7133
1601905 17481 0.7133
1601905 773204 0.4973
773204 1601905 0.4973
773204 147448 0.197
147448 773204 0.197
366595 859490 3.012
859490 366595 3.012
859490 859489 7.9944
859489 859490 7.9944
859489 859488 2.0352
859488 859489 2.0352
859488 859487 3.3984
859487 859488 3.3984
859487 366594 1.8408
366594 859487 1.8408
17520 773234 1.0786
773234 17520 1.0786
773234 17521 0.823
17521 773234 0.823
17521 17522 1.5811
17522 17521 1.5811
17522 17523 1.571
17523 17522 1.571
17523 754878 1.1506
754878 17523 1.1506
754878 17524 1.2326
17524 754878 1.2326
17524 754879 0.7164
754879 17524 0.7164
754879 17525 1.0123
17525 754879 1.0123
402247 40205 3.8556
40205 402247 3.8556
40205 1062822 1.7424
1062822 40205 1.7424
1062822 17609 5.3604
17609 1062822 5.3604
17610 888731 0.4387
888731 17610 0.4387
888731 17615 2.5925
17615 888731 2.5925
17615 561879 1.0265
561879 17615 1.0265
561879 561880 0.935
561880 561879 0.935
561880 499615 0.9622
499615 561880 0.9622
499615 561881 1.0733
561881 499615 1.0733
561881 499616 1.1885
499616 561881 1.1885
499616 561882 1.1124
561882 499616 1.1124
561882 499617 1.0785
499617 561882 1.0785
499617 561883 1.4091
561883 499617 1.4091
561883 561884 0.8707
561884 561883 0.8707
561884 561885 0.865
561885 561884 0.865
561885 561886 1.025
561886 561885 1.025
2015363 1835905 1.0774
1835905 2015363 1.0774
1835905 17717 0.2561
17717 1835905 0.2561
17717 17718 2.4182
17718 17717 2.4182
17718 917681 2.2037
917681 17718 2.2037
917681 17719 0.2196
17719 917681 0.2196
17719 169610 0.5292
169610 17719 0.5292
17729 17728 11.1996
17728 956785 2.9772
956785 1499786 3.9492
1454862 147385 2.496
147385 1454862 2.496
147385 147364 4.0224
147364 147385 4.0224
147364 147365 4.5756
147365 147364 4.5756
147365 147366 3.4728
147366 147365 3.4728
147366 147362 5.7816
147362 147366 5.7816
147362 147361 1.926
147361 147362 1.926
147361 147360 6.8196
147360 147361 6.8196
147360 147338 8.5704
147338 147360 8.5704
147338 894318 2.1972
894318 147338 2.1972
894318 147339 2.316
147339 894318 2.316
147339 147337 3.5604
147337 147339 3.5604
147337 19327 2.5452
19327 147337 2.5452
19327 147336 4.944
147336 19327 4.944
147336 19326 4.1376
19326 147336 4.1376
19326 147333 4.116
147333 19326 4.116
147333 19325 1.5348
19325 147333 1.5348
19325 19311 3.3012
19311 19325 3.3012
19311 894298 2.586
894298 19311 2.586
894298 19310 2.4696
19310 894298 2.4696
19310 1454879 0.7308
1454879 19310 0.7308
1454879 19309 3.3816
19309 1454879 3.3816
19309 147323 13.224
147323 19309 13.224
147323 147327 4.818
147327 147323 4.818
147327 147325 5.9364
147325 147327 5.9364
147325 147324 4.1508
147324 147325 4.1508
147324 19308 10.548
19308 147324 10.548
19311 894300 1.8048
894300 19311 1.8048
894300 147332 1.686
147332 894300 1.686
147332 19324 3.8268
19324 147332 3.8268
19324 894307 2.2032
894307 19324 2.2032
894307 19323 2.2644
19323 894307 2.2644
19323 1504149 1.6704
1504149 19323 1.6704
1504149 894310 2.4348
894310 1504149 2.4348
894310 894315 3.8556
894315 894310 3.8556
894315 19322 7.326
19322 894315 7.326
19322 894358 15.1068
894358 19322 15.1068
147253 147261 14.8224
147261 147253 14.8224
147261 147262 2.6064
147262 147261 2.6064
147262 147315 1.23
147315 147262 1.23
147315 894304 3.0384
894304 147315 3.0384
894304 19324 4.3512
19324 894304 4.3512
19488 19489 4.8276
19489 19488 4.8276
19489 206749 1.4354
206749 19489 1.4354
206749 1056381 1.3089
1056381 206749 1.3089
1056381 206735 1.2955
206735 1056381 1.2955
206735 1056382 1.5953
1056382 206735 1.5953
1056382 548986 1.5423
548986 1056382 1.5423
548986 206888 1.1715
206888 548986 1.1715
23947 934110 1.4892
934110 23947 1.4892
934110 23948 38.922
23948 934110 38.922
23948 259316 10.194
259316 23948 10.194
259316 184458 21.7596
184458 259316 21.7596
184458 184455 1.308
184455 184458 1.308
184455 23949 1.8372
23949 184455 1.8372
24194 328074 3.4236
328074 24194 3.4236
328074 24195 3.8592
24195 328074 3.8592
24195 328073 4.3668
328073 24195 4.3668
412115 1292746 0.4242
1292746 412115 0.4242
1292746 666634 6.2052
666634 1292746 6.2052
666634 1765338 0.1326
1765338 666634 0.1326
1765338 1292748 0.1662
1292748 1765338 0.1662
1292748 412113 0.186
412113 1292748 0.186
1102 28264 1.8231
28264 1102 1.8231
28264 28265 2.7473
28265 28264 2.7473
28265 2005092 7.7822
2005092 28265 7.7822
2005092 2003158 0.8136
2003158 2005092 0.8136
2003158 28266 1.9193
28266 2003158 1.9193
28276 986067 10.1784
986067 28276 10.1784
986067 456101 1.7772
456101 986067 1.7772
456101 308582 2.5548
308582 456101 2.5548
308582 308555 6.9468
308555 308582 6.9468
308555 986072 2.478
986072 308555 2.478
986072 28277 3.8016
28277 986072 3.8016
28277 308578 7.704
308578 28277 7.704
308578 28278 3.138
28278 308578 3.138
28278 28279 13.284
28279 28278 13.284
28279 28280 2.6928
28280 28279 2.6928
28280 308467 4.914
308467 28280 4.914
308467 28281 7.158
28281 308467 7.158
28281 208855 3.0252
208855 28281 3.0252
208855 28282 6.0084
28282 208855 6.0084
28282 28283 6.474
28283 28282 6.474
28283 28284 7.4244
28284 28283 7.4244
28284 28285 9.5004
28285 28284 9.5004
28285 316657 20.5068
316657 28285 20.5068
316657 208852 2.0964
208852 316657 2.0964
208852 318785 9.714
318785 208852 9.714
318785 288211 2.6916
288211 318785 2.6916
28270 2003152 0.5098
2003152 986063 0.5098
986063 2003154 3.0031
2003154 2003153 0.887
2003153 28276 0.7754
28292 28293 89.8848
28293 28292 89.8848
28293 28294 8.8272
28294 28293 8.8272
28294 28295 8.9532
28295 28294 8.9532
28295 28296 5.418
28296 28295 5.418
28296 28297 8.1936
28297 28296 8.1936
28297 308609 20.9088
308609 28297 20.9088
308609 28298 21.1428
28298 308609 21.1428
28298 28299 9.4752
28299 28298 9.4752
28299 28300 14.0292
28300 28299 14.0292
28307 28308 29.556
28308 28307 29.556
28308 28292 26.7444
28292 28308 26.7444
28306 28309 17.028
28309 28306 17.028
28309 28310 12.1824
28310 28309 12.1824
28310 28311 17.2656
28311 28310 17.2656
28311 28312 31.2408
28312 28311 31.2408
28312 28300 31.5792
28300 28312 31.5792
28300 2013978 25.7544
2013978 28300 25.7544
2013978 28313 7.9308
28313 2013978 7.9308
28308 28314 75.6504
28314 28308 75.6504
28314 28315 10.7856
28315 28314 10.7856
28315 28316 8.5896
28316 28315 8.5896
28316 28317 9.972
28317 28316 9.972
28317 28312 10.3356
28312 28317 10.3356
28315 28295 31.0608
28295 28315 31.0608
28295 28318 25.7004
28318 28295 25.7004
31845 1697750 4.482
1697750 31845 4.482
1697750 1024852 8.1288
1024852 1697750 8.1288
1024852 327715 2.5128
327715 1024852 2.5128
327715 5732 18.0504
5732 327715 18.0504
33693 829985 1.62
829985 33694 0.4747
33694 829987 1.5727
829987 297234 0.4094
297234 829993 0.5369
829993 1071659 0.2962
1071659 8801 0.7874
412199 829999 2.0011
829999 412199 2.0011
829999 8797 5.0827
8797 829999 5.0827
8797 412210 0.4757
412210 8797 0.4757
412210 412211 0.3528
412211 412210 0.3528
412211 412212 0.2901
412212 412211 0.2901
412212 412213 0.36
412213 412212 0.36
412213 8798 0.253
8798 412213 0.253
8798 412215 0.2098
412215 8798 0.2098
412215 8799 0.2433
8799 412215 0.2433
8799 8800 0.3003
8800 8799 0.3003
8800 412216 0.27
412216 8800 0.27
412216 412214 0.3543
412214 412216 0.3543
412214 412209 1.475
412209 412214 1.475
412209 412208 0.4557
412208 412209 0.4557
412208 412207 0.3893
412207 412208 0.3893
412207 412206 0.4654
412206 412207 0.4654
412206 412205 0.45
412205 412206 0.45
412205 412204 0.3739
412204 412205 0.3739
412204 412203 0.4881
412203 412204 0.4881
412203 412202 0.2181
412202 412203 0.2181
412202 597467 0.3965
597467 412202 0.3965
33695 412189 7.7904
412189 412192 21.6072
412192 412194 2.6136
412194 412196 2.682
412196 829989 3.6504
829989 412197 1.6344
412197 412198 3.6468
412198 1307884 19.0044
1307884 412200 5.6808
412200 33696 3.9312
33696 412201 5.652
412201 1014532 1.926
1014532 1071654 3.3228
1071654 597467 3.0672
7617 226143 0.4781
226143 7617 0.4781
226143 226082 0.5681
226082 226143 0.5681
226082 1944935 0.5335
1944935 226082 0.5335
1944935 33811 0.4723
33811 1944935 0.4723
40209 506336 21.2184
506336 40210 22.3668
149309 1077231 2.43
1077231 718163 3.51
718163 40816 4.3344
40818 402257 4.7376
402257 40818 4.7376
402257 67884 6.966
67884 402257 6.966
67884 402251 5.3136
402251 67884 5.3136
402251 402252 5.6232
402252 402251 5.6232
402252 40820 6.1704
40820 402252 6.1704
40820 1062864 2.1456
1062864 40820 2.1456
1062864 40208 2.2392
40208 1062864 2.2392
44646 296863 0.9259
296863 44646 0.9259
296863 884377 0.9454
884377 296863 0.9454
884377 364742 0.707
364742 884377 0.707
364742 316685 2.8836
316685 364742 2.8836
2015663 316685 3.3638
316685 2015663 3.3638
44927 44926 28.9008
44926 44927 28.9008
44985 1749261 1.182
1749261 44985 1.182
1749261 843133 1.5228
843133 1749261 1.5228
45568 45574 13.4388
45574 191314 4.9428
191314 45573 10.6668
45574 45575 2.934
45578 316354 2.1456
316354 45578 2.1456
316354 191316 2.7936
191316 316354 2.7936
191316 45579 17.532
45579 191316 17.532
45579 191317 5.49
191317 45579 5.49
191317 191318 17.316
191318 191317 17.316
191318 191316 5.2956
191316 191318 5.2956
226204 226124 3.1622
226124 1948882 0.6754
1948882 45583 0.7603
45583 45584 0.6185
45584 1948883 0.3758
1948883 226094 0.319
226094 1948884 0.3305
1948884 120143 0.3953
120143 226120 0.9684
226120 120162 3.1478
120162 226135 0.4032
226135 226106 0.4342
226106 120167 1.031
561898 1282958 0.3042
1282958 561898 0.3042
1282958 49997 23.103
49997 1282958 23.103
49997 49995 21.3354
49995 49997 21.3354
49995 49975 21.0042
49975 49995 21.0042
49975 49972 22.0356
49972 49975 22.0356
49972 659480 7.2342
659480 49972 7.2342
659480 49967 14.787
49967 659480 14.787
49967 561928 21.1212
561928 49967 21.1212
561928 2000542 0.7002
2000542 561928 0.7002
2000542 561932 3.3696
561932 2000542 3.3696
561932 49963 1.8036
49963 561932 1.8036
12724 561948 0.5162
561948 12724 0.5162
561948 226062 2.2918
226062 561948 2.2918
226062 561950 1.2607
561950 226062 1.2607
561950 561951 2.4408
561951 561950 2.4408
561951 566115 2.7684
566115 561951 2.7684
566115 561953 1.8684
561953 566115 1.8684
561953 561954 1.2154
561954 561953 1.2154
49969 49978 13.8984
49978 49969 13.8984
49978 49982 8.3712
49982 49978 8.3712
49982 49967 20.7108
49967 49982 20.7108
49967 49988 13.9668
49988 49967 13.9668
49988 49968 17.3676
49968 49988 17.3676
49969 49971 13.9848
49971 49969 13.9848
49971 49974 14.5056
49974 49971 14.5056
49974 561921 9.3504
561921 49974 9.3504
561921 561920 0.7236
561920 561921 0.7236
561920 561919 0.7008
561919 561920 0.7008
561919 49970 0.8124
49970 561919 0.8124
49971 49979 13.5768
49979 49971 13.5768
49979 49983 8.2296
49983 49979 8.2296
49983 49972 21.1656
49972 49983 21.1656
49972 49987 14.0076
49987 49972 14.0076
49987 49993 6.8532
49993 49987 6.8532
49993 49973 7.3584
49973 49993 7.3584
49973 1127127 3.8712
1127127 49973 3.8712
49974 49980 13.3536
49980 49974 13.3536
49980 49984 8.556
49984 49980 8.556
49984 49975 20.9712
49975 49984 20.9712
49975 49986 13.9032
49986 49975 13.9032
49986 49992 7.2264
49992 49986 7.2264
49992 1127130 7.8252
1127130 49992 7.8252
1127130 49976 2.442
49976 1127130 2.442
49977 49978 19.3884
49978 49977 19.3884
49978 49979 14.4084
49979 49978 14.4084
49979 49980 14.5488
49980 49979 14.5488
49980 659479 5.5908
659479 49980 5.5908
659479 561917 7.5468
561917 659479 7.5468
49981 659481 9.8592
659481 49981 9.8592
659481 49982 8.9592
49982 659481 8.9592
49982 49983 14.598
49983 49982 14.598
49983 49984 14.3844
49984 49983 14.3844
49984 659478 3.426
659478 49984 3.426
659478 659477 3.4476
659477 659478 3.4476
659477 49994 7.0656
49994 659477 7.0656
49994 1127162 13.2924
1127162 49994 13.2924
1127162 561911 0.4548
561911 1127162 0.4548
561911 561910 0.5832
561910 561911 0.5832
561910 49985 0.7416
49985 561910 0.7416
49963 49981 20.5296
49981 49963 20.5296
49981 226163 1.5156
226163 49981 1.5156
226163 226107 1.7184
226107 226163 1.7184
226107 226053 3.1212
226053 226107 3.1212
226053 49977 2.4192
49977 226053 2.4192
49986 49987 14.5656
49987 49986 14.5656
49987 49988 14.9352
49988 49987 14.9352
49988 49990 10.0704
49990 49988 10.0704
49990 1749266 5.088
1749266 49990 5.088
1749266 49989 2.6772
49989 1749266 2.6772
49990 49991 14.8032
49991 49990 14.8032
49992 49993 14.4912
49993 49992 14.4912
49994 49995 20.6304
49995 49994 20.6304
49995 49996 28.9872
49996 49995 28.9872
49997 127328 17.352
127328 49997 17.352
127328 1127123 1.9824
1127123 127328 1.9824
1127123 1127122 1.0968
1127122 1127123 1.0968
1127122 1127121 2.6688
1127121 1127122 2.6688
1127121 1127120 3.1632
1127120 1127121 3.1632
1127120 1591579 3.4152
1591579 1127120 3.4152
1174540 939513 1.1904
939513 1174540 1.1904
939513 1174532 1.1844
1174532 939513 1.1844
1174532 1174541 0.9444
1174541 1174532 0.9444
1174541 185939 0.72
185939 1174541 0.72
185939 186013 0.9984
186013 185939 0.9984
186013 939654 1.3632
939654 186013 1.3632
939654 50030 1.2648
50030 939654 1.2648
50030 1174546 0.7236
1174546 50030 0.7236
1174546 50029 0.786
50029 1174546 0.786
50029 1174542 2.3016
1174542 50029 2.3016
1174542 50028 1.332
50028 1174542 1.332
50028 1174552 1.3596
1174552 50028 1.3596
1174552 1174553 1.68
1174553 1174552 1.68
1174553 186017 3.768
186017 1174553 3.768
50012 226306 1.0318
226306 260459 0.6228
260459 810583 0.5285
810583 226303 0.535
226303 185998 0.7078
50061 808501 7.4664
808501 50061 7.4664
51137 318787 14.7084
318787 51137 14.7084
318787 470327 12.8628
470327 318787 12.8628
470327 51138 12.8256
51138 470327 12.8256
40820 51553 1.6488
51553 40820 1.6488
51553 1062828 7.8192
1062828 51553 7.8192
1062828 402254 14.1228
402254 1062828 14.1228
1238797 1528699 1.0116
1528699 1238797 1.0116
1528699 1528698 0.9785
1528698 1528699 0.9785
1528698 1420302 1.2024
1420302 1528698 1.2024
1420302 14268 3.8678
14268 1420302 3.8678
14268 1528697 0.7049
1528697 14268 0.7049
1528697 13899 4.068
13899 1528697 4.068
13899 13900 0.959
13900 13899 0.959
13900 13901 0.666
13901 13900 0.666
13901 1528702 0.8942
1528702 13901 0.8942
1528702 13902 0.9194
13902 1528702 0.9194
13902 1528701 0.9331
1528701 13902 0.9331
1528701 13903 0.9187
13903 1528701 0.9187
13903 1528660 1.1592
1528660 13903 1.1592
1528660 13904 9.7214
13904 1528660 9.7214
13904 13905 0.5328
13905 13904 0.5328
13905 1528696 0.4637
1528696 13905 0.4637
1528696 13906 0.414
13906 1528696 0.414
13906 13907 0.72
13907 13906 0.72
13907 13908 4.9817
13908 13907 4.9817
13908 1420294 6.3655
1420294 13908 6.3655
1420294 316644 3.2342
316644 1420294 3.2342
316644 13909 0.8741
13909 316644 0.8741
13909 1528695 1.0296
1528695 13909 1.0296
1528695 13910 0.9302
13910 1528695 0.9302
13910 13911 13.4244
13911 13910 13.4244
13911 13912 0.7351
13912 13911 0.7351
13912 1528694 0.5839
1528694 13912 0.5839
1528694 1528693 0.6163
1528693 1528694 0.6163
1528693 13913 0.697
13913 1528693 0.697
13913 1528692 0.7934
1528692 13913 0.7934
1528692 1420300 3.1248
1420300 1528692 3.1248
19403 715120 123.1128
715120 19403 123.1128
715120 1363281 2.232
1363281 715120 2.232
1363281 715124 17.1252
715124 1363281 17.1252
715124 19404 133.6536
19404 715124 133.6536
19404 203278 2.0556
203278 19404 2.0556
203278 203279 2.6928
203279 203278 2.6928
203279 203262 49.32
203262 203279 49.32
203262 19405 66.942
19405 203262 66.942
19405 481754 1.8648
481754 19405 1.8648
481754 481755 29.5092
481755 481754 29.5092
481755 481756 38.6388
481756 481755 38.6388
481756 1344144 6.8832
1344144 481756 6.8832
1344144 1344149 4.3128
1344149 1344144 4.3128
1344149 1344150 4.176
1344150 1344149 4.176
1344150 1797546 0.5256
1797546 1344150 0.5256
1797546 1344151 1.3644
1344151 1797546 1.3644
203234 203244 0.6557
203244 203234 0.6557
203244 203245 1.1777
203245 203244 1.1777
203245 1362970 1.3454
1362970 203245 1.3454
1362970 203246 0.7401
203246 1362970 0.7401
203246 203247 1.0584
203247 203246 1.0584
203247 52184 1.1782
52184 203247 1.1782
52184 52199 2.0145
52199 52184 2.0145
52199 1362977 2.0721
1362977 52199 2.0721
1362977 52200 2.1466
52200 1362977 2.1466
52200 1658623 1.5285
1658623 52200 1.5285
1658623 1658626 1.1973
1658626 1658623 1.1973
1658626 203213 0.9082
203213 1658626 0.9082
203213 1363016 1.3119
1363016 203213 1.3119
1363016 1855933 17.2497
1855933 1363016 17.2497
1855933 52205 0.4551
52205 1855933 0.4551
52205 1486432 9.4551
1486432 52205 9.4551
1486432 203248 0.5827
203248 1486432 0.5827
203238 52221 30.9528
52221 203238 30.9528
52221 1309105 43.0452
1309105 52221 43.0452
52194 203222 5.5956
203222 52194 5.5956
203222 1362913 4.2312
1362913 203222 4.2312
1362913 52228 0.858
52228 1362913 0.858
52228 1362910 0.9588
1362910 52228 0.9588
1362910 203221 3.984
203221 1362910 3.984
203221 1202989 2.514
1202989 203221 2.514
1202989 52230 2.0208
52230 1202989 2.0208
52230 1603254 1.9572
1603254 52230 1.9572
1603254 203240 0.6144
203240 1603254 0.6144
203240 1603256 0.3792
1603256 203240 0.3792
1603256 52232 2.2848
52232 1603256 2.2848
52232 203219 5.0916
203219 52232 5.0916
203219 52195 5.2356
52195 203219 5.2356
52200 52207 16.7112
52207 52200 16.7112
52207 1346252 10.926
1346252 52207 10.926
1346252 203229 6.6636
203229 1346252 6.6636
203229 1362918 17.7408
1362918 203229 17.7408
1362918 52201 16.8552
52201 1362918 16.8552
52198 1362915 5.5236
1362915 52198 5.5236
1362915 52201 4.2192
52201 1362915 4.2192
52201 52195 4.302
52195 52201 4.302
52195 1362925 4.3584
1362925 52195 4.3584
1362925 709848 15.9024
709848 1362925 15.9024
709848 203218 8.5464
203218 709848 8.5464
203218 52239 0.492
52239 203218 0.492
52206 1378527 4.0248
1378527 52206 4.0248
1378527 52207 5.7936
52207 1378527 5.7936
52207 203214 8.5236
203214 52207 8.5236
203214 203212 20.358
203212 203214 20.358
203212 1663979 10.6908
1663979 203212 10.6908
1663979 203230 3.7332
203230 1663979 3.7332
203230 52203 9.138
52203 203230 9.138
52208 966310 27.3096
966310 52208 27.3096
966310 490194 13.1796
490194 966310 13.1796
490194 966308 16.3116
966308 490194 16.3116
966308 1362938 8.5896
1362938 966308 8.5896
1362938 203231 2.7432
203231 1362938 2.7432
203231 52209 2.9016
52209 203231 2.9016
52209 203227 2.8512
203227 52209 2.8512
203227 203232 3.0168
203232 203227 3.0168
203232 1363113 1.872
1363113 203232 1.872
1363113 52210 18.2772
52210 1363113 18.2772
52216 203236 1.3752
203236 52216 1.3752
203236 1309110 8.5572
1309110 203236 8.5572
1309110 52217 7.7832
52217 1309110 7.7832
52222 1658667 0.5652
1658667 52222 0.5652
1658667 1663997 13.7556
1663997 1658667 13.7556
1663997 52223 2.5308
52223 1663997 2.5308
52223 223734 1.35
223734 52223 1.35
223734 52224 5.928
52224 223734 5.928
52228 1658648 0.6624
1658648 52228 0.6624
1658648 709846 19.9404
709846 1658648 19.9404
709846 1658670 0.8052
1658670 709846 0.8052
1658670 1658673 6.9528
1658673 1658670 6.9528
1658673 52229 1.0704
52229 1658673 1.0704
52230 1658646 0.5676
1658646 52230 0.5676
1658646 1702696 4.5768
1702696 1658646 4.5768
1702696 1603258 4.8528
1603258 1702696 4.8528
1603258 1702700 5.01
1702700 1603258 5.01
1702700 223547 5.5704
223547 1702700 5.5704
223547 1658695 3.276
1658695 223547 3.276
1658695 1603276 0.792
1603276 1658695 0.792
1603276 1658696 0.9672
1658696 1603276 0.9672
1658696 1702701 3.6924
1702701 1658696 3.6924
52227 1658676 1.998
1658676 52227 1.998
1658676 1121682 2.2824
1121682 1658676 2.2824
1121682 1121680 19.17
1121680 1121682 19.17
52190 52196 4.4436
52196 52190 4.4436
52196 853435 3.1332
853435 52196 3.1332
853435 853436 2.3964
853436 853435 2.3964
853436 203239 1.3536
203239 853436 1.3536
203239 1202990 0.858
1202990 203239 0.858
1202990 1658725 7.4388
1658725 1202990 7.4388
1658725 707947 4.6056
707947 1658725 4.6056
707947 1658636 0.2448
1658636 707947 0.2448
1658636 1600997 0.4716
1600997 1658636 0.4716
1600997 1658639 0.6192
1658639 1600997 0.6192
1658639 52197 0.1956
52197 1658639 0.1956
52216 223732 5.3916
223732 52216 5.3916
223732 52222 5.6052
52222 223732 5.6052
52222 223736 4.9872
223736 52222 4.9872
223736 52188 5.4876
52188 223736 5.4876
52188 1658665 4.008
1658665 52188 4.008
1658665 1923780 0.8724
1923780 1658665 0.8724
1923780 52189 0.9888
52189 1923780 0.9888
52189 203238 5.6604
203238 52189 5.6604
203238 1202988 15.2268
1202988 203238 15.2268
1202988 1202985 1.6416
1202985 1202988 1.6416
1202985 1658650 0.6216
1658650 1202985 0.6216
1658650 52194 0.4908
52194 1658650 0.4908
52194 1658627 0.4944
1658627 52194 0.4944
1658627 1202983 0.3444
1202983 1658627 0.3444
1202983 1658657 0.3252
1658657 1202983 0.3252
1658657 853432 1.8024
853432 1658657 1.8024
853432 1658959 10.6848
1658959 853432 10.6848
1658959 52190 4.9524
52190 1658959 4.9524
1566128 707950 3.531
707950 707947 3.7272
52188 1658664 0.4416
1658664 52188 0.4416
1658664 1376315 5.8668
1376315 1658664 5.8668
1376315 1376320 0.054
1376320 1376315 0.054
1376320 52187 6.5808
52187 1376320 6.5808
52187 203250 1.284
203250 52187 1.284
203250 52225 2.2284
52225 203250 2.2284
52225 1658680 0.3096
1658680 52225 0.3096
1658680 1363278 8.4288
1363278 1658680 8.4288
1363278 52208 2.1024
52208 1363278 2.1024
52208 1855926 11.3904
1855926 52208 11.3904
1855926 1363292 1.4808
1363292 1855926 1.4808
1363292 1855908 1.926
1855908 1363292 1.926
1855908 52186 1.0584
52186 1855908 1.0584
52186 1363297 2.514
1363297 52186 2.514
1363297 1836362 1.23
1836362 1363297 1.23
1836362 455546 0.8364
455546 1836362 0.8364
455546 52214 6.5436
52214 455546 6.5436
52214 1376324 1.674
1376324 52214 1.674
1376324 203251 1.35
203251 1376324 1.35
203251 1664113 2.7336
1664113 203251 2.7336
1664113 223545 2.1804
223545 1664113 2.1804
223545 203252 3.6852
203252 223545 3.6852
203252 1663076 1.8588
1663076 203252 1.8588
1663076 1929092 0.7896
1929092 1663076 0.7896
1929092 223539 0.4848
223539 1929092 0.4848
1702702 1658681 0.2892
1658681 1702702 0.2892
1658681 1603277 4.4028
1603277 1658681 4.4028
1603277 223548 4.0992
223548 1603277 4.0992
223548 1702698 5.5656
1702698 223548 5.5656
1702698 1603261 5.04
1603261 1702698 5.04
1603261 1702695 4.7736
1702695 1603261 4.7736
1702695 52232 5.1672
52232 1702695 5.1672
52215 1363120 10.788
1363120 52215 10.788
1363120 1855928 4.4676
1855928 1363120 4.4676
1855928 52224 4.0404
52224 1855928 4.0404
52224 1855927 1.5636
1855927 52224 1.5636
1855927 52225 9.3324
52225 1855927 9.3324
52225 1855929 5.634
1855929 52225 5.634
1855929 1855930 2.9604
1855930 1855929 2.9604
1855930 203224 4.7928
203224 1855930 4.7928
203224 1362961 2.2932
1362961 203224 2.2932
1362961 52226 0.8148
52226 1362961 0.8148
52226 52229 1.02
52229 52226 1.02
52229 1362937 6.234
1362937 52229 6.234
1362937 1855931 2.2296
1855931 1362937 2.2296
1855931 52227 0.6888
52227 1855931 0.6888
52213 1346251 6.4524
1346251 52213 6.4524
1346251 1855935 0.7044
1855935 1346251 0.7044
1855935 52210 4.2888
52210 1855935 4.2888
52210 1855934 1.0572
1855934 52210 1.0572
1855934 203228 2.604
203228 1855934 2.604
203228 223537 12.7308
223537 203228 12.7308
223537 1358926 5.01
1358926 223537 5.01
1358926 1358924 4.9992
1358924 1358926 4.9992
1358924 52214 3.5628
52214 1358924 3.5628
297274 777931 0.6943
777931 548424 0.395
548424 829986 0.4464
829986 52727 0.7035
226224 296837 0.3708
296837 226225 6.287
226225 226226 1.2888
226226 226227 1.093
226227 226228 1.2989
226228 226229 0.8921
226229 226230 0.932
226223 295300 8.0329
295300 1932663 0.8964
1932663 226207 9.284
226207 1932667 0.374
1932667 226211 8.5743
52925 561897 0.8124
561897 52925 0.8124
561897 561895 2.0244
561895 561897 2.0244
561895 52926 27.1296
52926 561895 27.1296
1787 830000 2.9758
226268 695877 4.6361
2015821 1066927 2.9604
1066927 1016097 12.7968
1016097 16904 1.0272
54841 1161899 7.7256
1161899 54841 7.7256
1161899 54851 16.7904
54851 1161899 16.7904
54851 54842 15.336
54842 54851 15.336
54842 54843 29.1708
54843 54842 29.1708
54843 1161895 38.5956
1161895 54843 38.5956
1161895 54844 8.55
54844 1161895 8.55
54844 54845 86.6736
54845 54844 86.6736
54845 54846 7.4808
54846 54845 7.4808
54846 1161911 2.3652
1161911 54846 2.3652
1161911 54847 4.4568
54847 1161911 4.4568
54847 54848 22.2732
54848 54847 22.2732
54848 1161912 33.66
1161912 54848 33.66
