39850
1100 328251 0.5065
328251 1100 0.5065
328251 328252 0.4795
328252 328251 0.4795
328252 1885336 3.9694
1885336 328252 3.9694
225729 225696 2.6734
225461 54208 0.8934
54208 225460 0.7806
225460 225836 1.86
156028 1781054 2.6032
1781054 1781050 0.8777
1781050 1781052 0.3218
1781052 2005600 0.4399
2005600 1781045 17.6983
1781045 1781042 0.3172
1781042 2005598 1.0397
2005598 1087 2.4862
1087 409761 4.801
409761 1088 4.9306
225695 225767 2.6737
225767 225784 5.4565
225784 655948 4.7945
655948 225768 1.062
225768 225769 1.5376
225769 225770 1.3104
225770 225771 1.4242
225771 225772 1.5772
225772 225773 1.427
225773 225774 1.5761
225774 225775 1.4875
225775 225776 1.5066
225692 5589 1.7763
5589 54182 1.9625
54182 225803 1.3742
225803 5590 1.2775
5590 225805 1.3958
225805 225809 9.575
225809 1781092 1.3104
1781092 225811 1.1942
225811 5588 1.2353
5588 225798 5.0966
225798 5587 0.9113
5587 225830 0.9638
225830 225831 1.0461
225831 225654 1.8525
225812 1086 2.3071
1086 225804 1.3989
225804 43553 1.5439
43553 225806 0.8733
225806 225814 1.0039
225814 4907 0.9422
4907 43554 1.0574
43554 225587 0.9278
225587 4908 0.827
4908 225560 1.1602
225560 225590 0.8733
225590 412455 0.9946
412455 412454 0.828
412454 225552 0.8486
225552 225644 1.0851
225653 100597 2.015
100597 225802 0.7725
225802 5593 0.7725
5593 54087 1.0697
54087 5592 4.7006
5592 225797 1.0563
225797 225790 1.1047
225790 1781093 1.3701
1781093 225794 7.1023
225794 54088 1.0029
54088 54086 0.8743
54086 225791 0.757
225791 5591 0.9442
5591 225796 4.0361
225796 225807 2.6301
225658 54168 2.5642
54168 225801 2.1837
225801 54167 2.2135
54167 225824 17.6791
225824 225825 1.9255
225825 225826 1.9347
225826 225827 1.7558
225827 225828 2.4017
225828 225829 6.6189
225829 225800 1.3937
225800 225792 1.0193
225792 100593 0.9535
100593 100596 0.8733
100596 225783 1.1633
225783 225784 4.68
225767 225785 4.429
225785 225788 0.973
225788 225789 0.9339
225789 100595 0.9031
100595 100594 0.8218
100594 5594 1.0841
5594 225816 1.2477
225816 225817 6.6096
225817 225818 2.3637
225818 225819 1.6848
225819 225820 1.8432
225820 225821 1.8525
225821 225822 11.377
225822 225823 1.2363
225823 100582 0.8424
100582 225793 0.6737
225793 5586 0.7303
5586 225795 0.7231
225795 100583 0.8846
100583 225660 3.0682
5595 54166 3.7641
5600 412476 0.2042
412476 100601 0.215
100601 54089 0.2561
54089 412471 0.2397
412471 225564 0.2232
225564 412469 0.2319
412469 54174 0.2242
54174 5596 0.251
5596 54172 0.2402
54172 412465 0.1857
412465 100602 0.253
100602 5597 0.2674
5597 412463 0.2721
412463 225551 0.2427
225551 5598 0.2736
5600 225568 0.7035
225568 225606 0.7179
225606 54177 0.7478
54177 225581 0.8949
225581 5601 1.1499
5601 5602 4.9053
5602 225640 1.836
225640 225641 1.7321
225641 225642 3.3099
412466 412467 0.7992
412467 54178 0.6501
54178 412473 0.3826
412473 100603 0.3399
100603 412477 0.3605
412477 225572 0.3806
225572 412480 0.5133
412480 5606 0.5292
5605 54169 4.3716
54169 5605 4.3716
54169 343243 5.1012
343243 54169 5.1012
343243 331237 7.3584
331237 343243 7.3584
331237 54170 5.2584
54170 331237 5.2584
54170 1857144 4.452
1857144 54170 4.452
1857144 1857142 1.4796
1857142 1857144 1.4796
1857142 54171 1.086
54171 1857142 1.086
54171 1857139 6.9564
1857139 54171 6.9564
1857139 54181 7.17
54181 1857139 7.17
225764 155865 3.354
155865 155941 1.3566
155941 155886 1.0398
155886 5612 0.9306
5612 155923 1.3284
155923 100612 1.4628
100612 5613 1.3272
5613 155851 1.1442
155851 100613 1.3674
100613 5614 5.8884
5614 155904 1.1376
155904 54185 1.1436
54185 155949 1.1256
155949 5615 1.2594
5615 155881 1.2834
155881 54184 1.143
54184 225765 1.089
225765 225766 1.3632
225766 225710 2.2026
5610 100605 1.9181
100605 225556 1.6164
225556 225553 1.679
225553 5609 1.9375
5609 155834 2.1614
155834 225595 2.6719
225595 5617 1.733
5617 43550 1.4681
43550 225574 1.2312
225574 5616 1.4414
5616 225550 1.4155
225550 225563 3.7721
225563 43551 1.391
43551 225601 1.0865
225601 43552 1.1045
43552 225577 1.1074
225577 225690 4.7196
225677 100608 4.6512
100608 54187 3.7368
54187 100607 2.6352
100607 5622 2.628
5622 225591 3.2364
225591 100609 3.114
100609 54188 3.5388
54188 54189 1.9908
5614 225566 4.9104
225566 5614 4.9104
225566 54186 3.2328
54186 225566 3.2328
54186 54190 3.3156
54190 54186 3.3156
54190 100610 2.7864
100610 54190 2.7864
100610 5621 0.774
5621 100610 0.774
156225 225567 9.395
225567 1721162 1.6442
1721162 5932 0.5585
5932 225605 1.5825
225605 142061 1.2302
142061 225579 1.0815
225579 142058 1.2117
142058 142060 2.0325
142060 142062 1.0286
142062 225555 0.7601
225555 5931 0.6557
5931 142063 0.7406
142063 142059 1.0687
142059 142057 2.6784
142057 142064 1.4513
142064 225593 1.2096
225593 5930 1.369
5930 142065 1.4811
142065 142067 1.9671
142067 466239 4.0371
466239 5929 1.4256
5929 225570 1.5336
225570 142066 1.5717
142066 225600 1.477
225600 5595 1.4637
91900 7607 0.5009
7607 1154156 1.4858
1154156 7606 0.3662
261707 1892021 0.4072
1892021 261707 0.4072
1892021 156060 0.414
156060 1892021 0.414
156060 1890489 0.3809
1890489 156060 0.3809
1890489 1892029 0.347
1892029 1890489 0.347
1892029 331454 0.3218
331454 1892029 0.3218
331454 1890488 0.4558
1890488 331454 0.4558
1890488 331440 0.5638
331440 1890488 0.5638
331440 2005099 0.4309
2005099 331440 0.4309
2005099 124600 0.401
124600 2005099 0.401
124600 124614 5.5069
124614 124600 5.5069
124614 261806 2.6532
261806 124614 2.6532
261806 124626 5.7593
124626 261806 5.7593
124626 2005102 4.1447
2005102 124626 4.1447
2005102 261731 1.0012
261731 2005102 1.0012
261731 1892042 0.3028
1892042 261731 0.3028
1892042 2005101 0.8687
2005101 1892042 0.8687
2005101 124631 6.7223
124631 2005101 6.7223
124631 1782607 0.2578
1782607 124631 0.2578
1782607 1890490 0.8338
1890490 1782607 0.8338
12727 12728 45.1008
12728 12727 45.1008
1230332 121003 4.2588
121003 121004 4.9392
121004 1721522 6.8724
1721522 226288 11.9448
93106 1648332 1.5413
1648332 93106 1.5413
1648332 1648341 1.8447
1648341 1648332 1.8447
1648341 1648342 2.465
1648342 1648341 2.465
1648342 259087 2.3523
259087 1648342 2.3523
259087 1648343 2.3215
1648343 259087 2.3215
1648343 2002424 6.6132
2002424 1648343 6.6132
2002424 2002425 1.115
2002425 2002424 1.115
19506 840842 8.136
840842 19506 8.136
840842 840840 7.7568
840840 840842 7.7568
840840 100125 1.9104
100125 840840 1.9104
99632 309986 0.5004
309986 309918 0.5066
309918 286395 0.5323
286395 19519 0.667
5606 412482 0.4063
412482 5606 0.4063
412482 412483 0.4428
412483 412482 0.4428
412483 26048 0.3965
26048 412483 0.3965
26048 412481 0.3945
412481 26048 0.3945
412481 54179 0.4479
54179 412481 0.4479
54179 412479 0.4685
412479 54179 0.4685
412479 412478 0.4166
412478 412479 0.4166
412478 5605 0.9478
5605 412478 0.9478
516481 516483 0.3708
516483 516481 0.3708
516483 6933 0.8234
6933 516483 0.8234
6933 55966 1.6421
55966 6933 1.6421
55966 55967 3.5259
55967 55966 3.5259
55967 55964 1.223
55964 55967 1.223
55964 521612 0.5878
521612 55964 0.5878
521612 120930 1.5213
120930 521612 1.5213
120930 516498 0.9859
516498 120930 0.9859
516498 516502 1.6539
516502 516498 1.6539
225643 1461615 2.3189
1461615 54166 0.4233
5605 412475 2.754
412475 5605 2.754
412475 412472 2.1096
412472 412475 2.1096
412472 412470 2.3544
412470 412472 2.3544
412470 54180 11.4048
54180 412470 11.4048
5619 54192 9.882
54192 5619 9.882
54192 54191 13.23
54191 54192 13.23
54193 225578 4.41
225578 54194 3.186
54194 225592 3.9888
225592 54195 4.0968
54195 225569 4.9428
225569 54196 4.5936
54196 225608 4.41
225608 54197 4.6692
54197 54198 4.7304
54198 100606 3.9312
100606 225582 3.8772
225582 54199 4.4028
54191 54193 10.1412
54193 225554 4.3668
225554 54200 3.9564
54200 225604 2.9196
225604 225678 3.348
225678 225679 4.5612
54189 5621 4.2156
5621 54189 4.2156
5621 1874342 6.696
1874342 5621 6.696
1874342 5620 2.5668
5620 1874342 2.5668
5620 1874347 3.1284
1874347 5620 3.1284
1874347 5619 4.1292
5619 1874347 4.1292
5619 5618 20.2104
5618 1874346 2.1024
1874346 100614 1.9152
100614 1874345 1.7748
1874345 54201 2.0124
54201 1874344 1.926
1874344 1874343 2.2644
1874343 100615 2.2032
100615 225712 3.654
54207 54206 8.0712
54206 54205 5.4792
54205 54204 20.9664
54204 653698 4.2264
100566 54220 2.7144
54220 100563 2.43
100563 54219 3.042
54219 100562 3.0456
100562 54218 3.2184
54218 100558 2.6028
100558 54212 2.0628
54212 54217 1.8468
54217 100560 2.4876
100560 54216 3.204
54216 100559 2.3616
100559 54213 2.6208
54213 54215 0.9432
54215 100565 2.2212
100565 54214 2.7324
54214 100564 2.6352
100564 54221 2.322
100566 54222 4.068
54222 54224 3.8376
54224 54223 2.5776
54223 54211 3.9024
54211 54210 3.9492
54210 54209 11.5668
54209 225776 15.6276
225772 54225 13.6548
54225 54226 8.748
54226 54227 5.5224
54227 100567 4.7232
100567 54228 5.472
54228 54219 2.8548
54225 54229 8.0064
54229 54230 5.3928
54230 54231 3.6252
54249 100550 3.33
100550 100548 2.8044
100548 54236 2.9268
2015807 100530 0.3614
100530 54250 0.877
54250 54237 1.3385
54237 54238 0.918
54238 54249 1.8626
54254 100568 5.7168
100568 54254 5.7168
100568 100569 5.9292
100569 100568 5.9292
100569 100544 5.526
100544 100569 5.526
100544 100519 5.7528
100519 100544 5.7528
100519 100518 5.7744
100518 100519 5.7744
100518 100517 5.9652
100517 100518 5.9652
100517 100516 5.7276
100516 100517 5.7276
100516 54253 4.8924
54253 100516 4.8924
54217 54287 7.614
54287 54288 8.9172
54288 54289 6.138
54289 54290 27.8676
54290 54291 8.1756
54291 54292 9.8064
54292 54293 93.0996
54293 54294 23.6088
54294 100455 1.908
100455 100447 9.0252
2015809 100447 3.7548
225781 225782 2.4059
55961 1658404 5.4576
1658404 1658403 5.4756
1658403 1658405 4.86
1658405 55962 4.7016
55962 55959 6.7536
55963 516506 5.7564
516506 1658401 3.5316
1658401 226289 3.5532
226289 1658402 3.3012
1658402 226286 3.9564
55964 1283330 4.4784
1283330 55964 4.4784
1283330 528491 4.2516
528491 1283330 4.2516
99175 55965 5.0688
55966 516491 8.4024
516491 55968 2.79
243362 309912 0.3758
309912 309938 0.338
309938 309945 0.3384
309945 309942 0.3175
309942 19518 0.4993
996252 2015901 0.3186
2015901 996252 0.3186
996252 384544 0.3809
384544 996252 0.3809
384544 1032831 0.3744
1032831 384544 0.3744
1032831 2002422 1.0127
2002422 1032831 1.0127
2002422 2002423 1.4814
2002423 2002422 1.4814
2002423 189319 2.741
189319 2002423 2.741
189319 189324 0.4878
189324 189319 0.4878
189324 60000 0.2095
60000 189324 0.2095
60150 1611115 15.8844
1611115 60150 15.8844
1611115 261827 3.7884
261827 1611115 3.7884
261827 1611138 22.4736
1611138 261827 22.4736
1611138 261699 1.7472
261699 1611138 1.7472
261699 1611135 1.4136
1611135 261699 1.4136
1611135 261784 13.1004
261784 1611135 13.1004
261784 60151 1.5648
60151 261784 1.5648
60151 1611208 1.5384
1611208 60151 1.5384
1611208 1611133 1.512
1611133 1611208 1.512
1611133 1611134 3.0408
1611134 1611133 3.0408
1611134 60152 10.9056
60152 1611134 10.9056
1447009 60153 10.134
60153 1447009 10.134
60153 60154 9.6372
60154 60153 9.6372
60154 60155 4.7196
60155 60154 4.7196
60155 1447007 28.1376
1447007 60155 28.1376
1447007 60156 15.3036
60156 1447007 15.3036
173109 2015903 0.7934
2015903 173109 0.7934
173109 152064 1.2254
152064 173109 1.2254
152064 60172 2.785
60172 152064 2.785
60172 83131 5.1682
83131 60172 5.1682
83131 60173 4.5684
60173 83131 4.5684
60173 1890828 1.8734
1890828 60173 1.8734
1890828 444781 1.3622
444781 1890828 1.3622
444781 444783 1.0778
444783 444781 1.0778
444783 444782 0.9878
444782 444783 0.9878
444782 444779 3.0823
444779 444782 3.0823
444779 444780 1.1146
444780 444779 1.1146
444780 882967 8.8546
882967 444780 8.8546
882967 882973 0.8258
882973 882967 0.8258
882973 83132 2.3724
83132 882973 2.3724
83132 60174 4.3798
60174 83132 4.3798
60174 379604 3.6259
379604 60174 3.6259
379604 342830 2.0354
342830 379604 2.0354
342830 1431636 4.6289
1431636 342830 4.6289
1431636 499789 2.1586
499789 1431636 2.1586
499789 60175 1.566
60175 499789 1.566
60175 60176 1.5257
60176 60175 1.5257
60176 151883 5.9904
151883 60176 5.9904
151883 1843929 6.2791
1843929 151883 6.2791
1843929 151889 0.8482
151889 1843929 0.8482
151889 151792 1.2024
151792 151889 1.2024
151792 60177 3.8498
60177 151792 3.8498
60177 152073 5.8421
152073 60177 5.8421
152073 151992 5.2121
151992 152073 5.2121
151992 499790 3.5114
499790 151992 3.5114
499790 152253 1.1023
152253 499790 1.1023
60179 1669394 3.1752
1669394 60179 3.1752
1669394 1957889 4.572
1957889 1669394 4.572
1957889 1669395 3.006
1669395 1957889 3.006
1669395 1669397 3.2796
1669397 1669395 3.2796
1669397 1669396 5.9772
1669396 1669397 5.9772
1669396 60180 4.2276
60180 1669396 4.2276
60180 1669392 2.6856
1669392 60180 2.6856
1669392 1957888 2.5716
1957888 1669392 2.5716
1957888 1957886 3.0456
1957886 1957888 3.0456
1957886 1669393 2.2704
1669393 1957886 2.2704
1669393 60181 8.4
60181 1669393 8.4
60181 1957885 3.1836
1957885 60181 3.1836
1957885 1957887 5.58
1957887 1957885 5.58
1957887 816955 5.3292
816955 1957887 5.3292
816955 60182 1.5264
60182 816955 1.5264
60182 816956 1.344
816956 60182 1.344
816956 244872 2.8848
244872 816956 2.8848
244872 1843170 2.7324
1843170 244872 2.7324
1843170 342848 4.0584
342848 1843170 4.0584
342848 356348 6.8088
356348 342848 6.8088
356348 60183 5.01
60183 356348 5.01
60183 1957890 3.9756
1957890 60183 3.9756
1957890 60184 3.2124
60184 1957890 3.2124
60184 2015905 4.5972
2015905 60184 4.5972
19519 189321 3.9795
189321 19519 3.9795
189321 1288715 1.3531
1288715 189321 1.3531
1288715 499030 1.4961
499030 1288715 1.4961
499030 1288714 1.4076
1288714 499030 1.4076
1288714 399750 0.5354
399750 1288714 0.5354
399750 1288713 0.9082
1288713 399750 0.9082
1288713 1288712 0.845
1288712 1288713 0.845
1288712 451534 0.8038
451534 1288712 0.8038
451534 451533 0.5338
451533 451534 0.5338
451533 543118 0.7534
543118 451533 0.7534
543118 1288711 0.683
1288711 543118 0.683
1288711 451532 0.7771
451532 1288711 0.7771
451532 2004242 0.2031
2004242 451532 0.2031
2004242 399746 0.6773
399746 2004242 0.6773
399746 191574 0.5775
191574 399746 0.5775
191574 1288709 0.8604
1288709 191574 0.8604
1288709 191559 0.8198
191559 1288709 0.8198
191559 1596318 0.4917
1596318 191559 0.4917
63961 261755 7.2552
261755 63961 7.2552
261755 261712 8.5332
261712 261755 8.5332
261712 63962 7.0068
63962 261712 7.0068
63962 155991 3.3792
155991 63962 3.3792
155991 156055 2.4852
156055 155991 2.4852
156055 156065 1.1136
156065 156055 1.1136
156065 156071 1.158
156071 156065 1.158
156071 261846 4.2696
261846 156071 4.2696
261846 156011 2.0148
156011 261846 2.0148
156011 63963 2.5968
63963 156011 2.5968
63963 63964 21.6744
63964 63963 21.6744
63964 261856 1.1076
261856 63964 1.1076
792705 1675744 1.2156
1675744 888555 0.438
888555 972328 3.7044
972328 888539 5.9754
888539 888537 1.1334
888537 533179 7.869
533179 450216 1.3656
450216 888528 0.498
888528 972342 2.6262
972342 578167 7.5666
578167 888522 0.3042
888522 887827 0.2502
887827 792576 1.3914
792576 887823 0.9714
887823 578165 0.819
5933 883061 27.7068
883061 5933 27.7068
883061 225585 1.2528
225585 883061 1.2528
225585 82143 1.4364
82143 225585 1.4364
82143 466287 1.2096
466287 82143 1.2096
466287 225558 1.4856
225558 466287 1.4856
225558 466288 1.1184
466288 225558 1.1184
5606 225611 1.0347
225611 225602 2.1374
225602 225594 0.3914
225594 5600 0.4047
54174 412464 0.7611
412464 412460 1.603
412460 412458 0.8938
412458 412457 0.4047
412457 412456 0.4186
412456 225597 0.396
225597 225575 0.4366
225575 412452 0.4521
412452 225644 0.4695
225644 225645 0.8331
225645 225646 0.5446
225646 225647 0.6218
225647 225648 0.4958
225648 225649 0.3981
225649 225650 0.5333
225650 225651 0.5775
225651 225652 0.4366
225652 225653 6.0351
225653 225654 3.5614
225654 225655 3.8361
225655 225656 1.6699
225656 225657 1.7049
225657 225643 5.8531
792575 165168 6.2892
165168 792575 6.2892
165168 87138 1.9152
87138 165168 1.9152
134686 87139 11.0808
87139 134686 11.0808
87139 87138 39.78
87138 87139 39.78
87138 87140 32.238
87140 87138 32.238
26096 808220 0.4773
808220 120883 0.1718
120883 808218 0.1471
808218 91900 0.3271
91948 808219 0.9782
808219 91900 0.667
92061 91954 9.2268
91954 92061 9.2268
91954 91955 22.7412
91955 91954 22.7412
91955 92085 49.932
92085 91955 49.932
92085 92086 13.0248
92086 92085 13.0248
2016334 92062 4.7016
92062 2016334 4.7016
2016338 533530 24.3
533530 2016338 24.3
533530 91956 4.7304
91956 533530 4.7304
2016340 91979 1.818
91979 2016340 1.818
2016342 91979 23.6844
91979 2016342 23.6844
2016344 91981 14.1732
91981 2016344 14.1732
91981 92124 19.7064
92124 91981 19.7064
92124 92061 1.4148
92061 92124 1.4148
92061 92062 4.7916
92062 92061 4.7916
91899 466281 4.5468
466281 91899 4.5468
466281 91960 16.9524
91960 466281 16.9524
91960 91961 5.0076
91961 91960 5.0076
2016346 91961 34.5204
91961 2016346 34.5204
91979 92125 14.2452
92125 91979 14.2452
92125 91982 4.2336
91982 92125 4.2336
91982 92126 60.7284
92126 91982 60.7284
92126 91983 2.6172
91983 92126 2.6172
91983 91984 10.6056
91984 91983 10.6056
91984 92085 3.6792
92085 91984 3.6792
7606 1154148 0.4562
1154148 1154154 0.2751
1154154 808213 0.1404
808213 120882 0.2762
120882 91947 0.7118
91947 1154149 0.2119
1154149 120884 0.4258
2016366 466277 5.8536
466277 2016366 5.8536
466277 466278 8.856
466278 466277 8.856
466278 92781 28.2312
92781 466278 28.2312
92781 1154105 22.9176
1154105 92781 22.9176
1154105 466279 16.8408
466279 1154105 16.8408
466279 91960 2.772
91960 466279 2.772
91961 1152363 8.9676
1152363 91961 8.9676
1152363 94065 7.47
94065 1152363 7.47
2016392 94065 22.5504
94065 2016392 22.5504
100512 100500 5.6916
2016396 100500 4.5612
8008 155896 8.8524
155896 8008 8.8524
155896 1412316 14.0508
1412316 155896 14.0508
1412316 1412301 5.1336
1412301 1412316 5.1336
1412301 1837600 4.5936
1837600 1412301 4.5936
1837600 1412317 5.2848
1412317 1837600 5.2848
1412317 1412318 14.598
1412318 1412317 14.598
1412318 8009 16.0848
8009 1412318 16.0848
8009 853134 21.6504
853134 8009 21.6504
853134 1412324 6.9048
1412324 853134 6.9048
1412324 1412319 4.7736
1412319 1412324 4.7736
1412319 344699 8.9064
344699 1412319 8.9064
94338 94341 65.5812
94341 94338 65.5812
94341 94340 9.9576
94340 94341 9.9576
1648381 1648382 3.3336
1648382 1648381 3.3336
1648382 94345 6.0768
94345 1648382 6.0768
94345 1966869 3.222
1966869 94345 3.222
1966869 1966868 3.2292
1966868 1966869 3.2292
1966868 790805 2.5704
790805 1966868 2.5704
790805 1814071 2.034
1814071 790805 2.034
1814071 94340 20.4804
94340 1814071 20.4804
94340 94330 42.5304
94330 94340 42.5304
94346 97010 13.4604
97010 94346 13.4604
97010 835845 13.9896
835845 97010 13.9896
1648385 1648384 8.244
1648384 1648385 8.244
1648384 155870 5.6016
155870 1648384 5.6016
155870 101791 12.528
101791 155870 12.528
101791 1648386 11.7936
1648386 101791 11.7936
1648386 155928 7.092
155928 1648386 7.092
155928 1648387 9.0936
1648387 155928 9.0936
1648387 101792 13.1688
101792 1648387 13.1688
101792 1648388 17.1
1648388 101792 17.1
1648388 94427 34.1496
94427 1648388 34.1496
94427 1648389 14.8536
1648389 94427 14.8536
1648389 1648390 13.464
1648390 1648389 13.464
1648390 1648391 22.9032
1648391 1648390 22.9032
1648391 94428 26.964
94428 1648391 26.964
60158 94630 22.3272
94630 60158 22.3272
94630 94631 17.6652
94631 94630 17.6652
94631 94632 5.5224
94632 94631 5.5224
94632 94633 4.6224
94633 94632 4.6224
94633 94634 9.2412
94634 94633 9.2412
94634 94635 7.29
94635 94634 7.29
94635 94636 12.4848
94636 94635 12.4848
94636 94637 17.0424
94637 94636 17.0424
94637 94638 8.676
94638 94637 8.676
94336 1814065 6.1704
1814065 94336 6.1704
1814065 94342 57.0816
94342 1814065 57.0816
94342 1814071 9.6588
1814071 94342 9.6588
1814071 90130 6.66
90130 1814071 6.66
2016426 90130 7.1172
90130 2016426 7.1172
19502 100134 15.5352
100134 19502 15.5352
100134 105673 8.2752
105673 100134 8.2752
105673 103115 12.6768
103115 105673 12.6768
103115 97837 6.1212
97837 103115 6.1212
97837 97835 27.1608
97835 97837 27.1608
97839 840125 15.9312
840125 97839 15.9312
840125 840122 4.6884
840122 840125 4.6884
840122 840121 3.3708
840121 840122 3.3708
840121 97838 2.646
97838 840121 2.646
304811 98129 5.3748
98129 304811 5.3748
98129 7692 11.1132
7692 98129 11.1132
7692 121303 4.3236
121303 7692 4.3236
121303 7693 4.0752
7693 121303 4.0752
1099 1885314 3.774
1885314 1099 3.774
1885314 169777 16.38
169777 1885314 16.38
169777 239200 4.8648
239200 169777 4.8648
239200 1589118 1.3212
1589118 239200 1.3212
1589118 99608 13.6812
99608 1589118 13.6812
99608 1589116 3.9552
1589116 99608 3.9552
1589116 1589117 18.9912
1589117 1589116 18.9912
1589117 99609 2.7588
99609 1589117 2.7588
99609 1611247 13.8504
1611247 99609 13.8504
1611247 1589110 4.0968
1589110 1611247 4.0968
1589110 1589111 19.8132
1589111 1589110 19.8132
1589111 283452 3.7644
283452 1589111 3.7644
283452 1589109 18.7764
1589109 283452 18.7764
1589109 99610 26.5512
99610 1589109 26.5512
225731 225732 1.9314
225732 225632 1.7096
225632 225733 1.6474
225733 225633 0.9148
225633 225734 0.8323
225734 2005547 0.833
2005547 225735 0.6462
225735 1874313 0.8104
1874313 225736 0.7841
225736 225737 1.5257
225737 225738 1.6121
225738 225739 1.6927
225739 225740 5.1012
225740 225741 1.9512
225741 225742 1.7683
225742 346483 0.6311
346483 2005545 1.7071
2005545 225743 12.6526
225743 1874308 1.3061
1874308 225744 1.1264
225744 696116 1.0274
696116 225745 4.7898
225745 225746 1.337
225746 225626 0.4345
225626 225747 0.8284
225747 122659 1.939
122659 589016 3.0074
563657 1492281 0.6043
1492281 563657 0.6043
888563 888564 1.1316
888564 888566 0.7596
888566 888569 0.6372
888569 888568 0.5796
888568 888567 0.5868
888567 888565 0.6732
888565 792703 2.4996
578186 953138 1.5204
953138 578186 1.5204
953138 287123 4.5072
287123 953138 4.5072
287123 43531 2.256
43531 287123 2.256
43531 79945 11.1072
79945 43531 11.1072
79945 79946 3.78
79946 79945 3.78
79946 79947 1.5012
79947 79946 1.5012
79947 578134 0.8832
578134 79947 0.8832
578134 79948 0.8328
79948 578134 0.8328
79948 79949 0.7044
79949 79948 0.7044
79949 784201 8.8164
784201 79949 8.8164
784201 79950 5.7792
79950 784201 5.7792
79950 578106 6.258
578106 79950 6.258
578106 1101885 11.1996
1101885 578106 11.1996
1101885 533231 2.2596
533231 1101885 2.2596
97836 97841 6.8904
97841 97836 6.8904
97841 283153 2.4888
283153 97841 2.4888
283153 97840 2.202
97840 283153 2.202
97840 97838 3.1836
97838 97840 3.1836
97838 97837 14.2416
97837 97838 14.2416
99625 543192 0.5133
543192 309968 0.4017
309968 543193 0.4335
543193 543195 0.323
543195 189312 0.0972
189312 286403 0.8059
99626 309976 0.3013
309976 286399 0.3395
286399 309981 0.301
309981 309928 0.2592
309928 60000 0.2718
19518 309979 0.4828
309979 309929 0.3442
309929 309921 0.364
309921 99627 0.509
286403 543198 0.7992
543198 543197 0.1245
543197 189315 0.3117
189315 309971 0.4855
309971 309936 0.3934
309936 99628 0.4685
60000 309946 0.2707
309946 309975 0.3578
309975 286401 0.3002
286401 99629 0.7448
19519 309932 0.6362
309932 286397 0.4716
286397 309960 0.4747
309960 99630 0.5925
99625 309939 0.2502
309939 309925 0.2768
309925 243353 0.333
243353 309950 0.3164
309950 99628 0.414
19518 1364094 0.5454
1364094 19518 0.5454
1364094 1364217 0.5195
1364217 1364094 0.5195
1364217 543188 0.4259
543188 1364217 0.4259
543188 188773 0.4144
188773 543188 0.4144
188773 958834 2.8818
958834 188773 2.8818
99802 101166 2.9868
101166 99802 2.9868
101166 100133 12.966
100133 101166 12.966
100133 2003007 1.0308
2003007 100133 1.0308
2003007 100124 3.6036
100124 2003007 3.6036
100124 100132 4.2636
100132 100124 4.2636
100132 100129 10.212
100129 100132 10.212
100129 840853 2.3496
840853 100129 2.3496
840853 104658 3.7476
104658 840853 3.7476
1653552 1653528 0.293
1653528 958780 1.7593
958780 1455431 0.6415
1455431 169590 0.2455
169590 283460 2.0225
283460 283476 3.2105
283476 283498 1.7028
283498 331530 5.6765
331530 331446 1.0282
331446 331505 0.6174
331505 331438 0.6023
331438 99795 0.8806
99795 99796 1.1027
99796 1891189 1.5714
1891189 99797 1.4587
99797 1891191 1.6589
1891191 1017676 1.5606
1017676 1781014 4.9986
59995 787773 0.9154
787773 59995 0.9154
787773 537433 2.521
537433 787773 2.521
537433 282286 0.3981
282286 537433 0.3981
100124 101163 11.3844
101163 100124 11.3844
101163 840847 14.1156
840847 101163 14.1156
840847 283151 1.9836
283151 840847 1.9836
283151 100123 14.8596
100123 283151 14.8596
100123 840843 1.1808
840843 100123 1.1808
840843 283149 10.584
283149 840843 10.584
283149 1009835 10.2192
1009835 283149 10.2192
1009835 19507 4.3512
19507 1009835 4.3512
100125 100123 69.3
100123 100125 69.3
100126 100127 16.4508
100127 100126 16.4508
100127 134025 2.7684
134025 100127 2.7684
134025 134026 2.532
134026 134025 2.532
134026 134027 2.772
134027 134026 2.772
134027 134028 4.6272
134028 134027 4.6272
134028 134029 3.5808
134029 134028 3.5808
134029 134030 4.2552
134030 134029 4.2552
134030 2003016 2.184
2003016 134030 2.184
2003016 134031 0.7692
134031 2003016 0.7692
134031 134034 3.1968
134034 134031 3.1968
134034 134032 2.3928
134032 134034 2.3928
100129 283152 24.63
283152 100129 24.63
283152 840129 1.1316
840129 283152 1.1316
840129 840131 2.9796
840131 840129 2.9796
840131 100130 5.586
100130 840131 5.586
100130 100131 10.0008
100131 100130 10.0008
100131 283148 9.9312
283148 100131 9.9312
100130 100132 29.586
100132 100130 29.586
100127 100131 12.15
100131 100127 12.15
100131 840130 4.6884
840130 100131 4.6884
840130 840128 2.3556
840128 840130 2.3556
840128 840127 2.4084
840127 840128 2.4084
840127 2003012 2.646
2003012 840127 2.646
2003012 840126 0.9924
840126 2003012 0.9924
840126 840124 2.79
840124 840126 2.79
840124 840123 3.0792
840123 840124 3.0792
840123 840120 5.0304
840120 840123 5.0304
840120 840119 4.9452
840119 840120 4.9452
840119 100133 2.748
100133 840119 2.748
99787 283147 17.2476
283147 99787 17.2476
100169 1648269 0.2873
1648269 225636 0.2747
225636 225637 0.3024
225637 1648270 0.2977
1648270 225638 0.301
225638 1648271 0.3496
1648271 45550 0.3136
43546 1648265 0.2092
1648265 100169 0.194
54255 234740 2.2716
234740 54255 2.2716
234740 100509 4.3164
100509 234740 4.3164
54255 100500 20.1132
100500 54255 20.1132
100513 100534 20.2068
100534 100513 20.2068
100514 100535 20.2572
100535 100514 20.2572
100536 100537 20.3004
100537 100536 20.3004
100541 100538 20.3508
100538 100541 20.3508
100542 100539 20.3976
100539 100542 20.3976
100543 100540 20.448
100540 100543 20.448
100548 54250 21.2976
54250 100548 21.2976
100568 100570 19.5588
100570 100568 19.5588
100570 100557 5.562
100557 100570 5.562
100557 100556 5.6268
100556 100557 5.6268
100556 100555 5.6592
100555 100556 5.6592
100555 100554 5.904
100554 100555 5.904
100554 100553 5.5656
100553 100554 5.5656
100553 100552 5.4612
100552 100553 5.4612
100552 10404 5.1912
10404 100552 5.1912
100552 100516 20.5848
100516 100552 20.5848
100553 100517 20.4156
100517 100553 20.4156
100554 100518 20.2464
100518 100554 20.2464
100555 100519 20.0664
100519 100555 20.0664
100556 100544 19.8972
100544 100556 19.8972
100557 100569 19.7244
100569 100557 19.7244
100573 100520 45.072
100520 100573 45.072
100545 100521 44.3304
100521 100545 44.3304
100546 100515 43.6788
100515 100546 43.6788
2016472 100452 1.9188
100452 2016472 1.9188
100455 1039396 0.8928
1039396 100455 0.8928
1039396 100452 9.2232
100452 1039396 9.2232
100508 100510 10.7928
100510 100508 10.7928
100510 100511 9.0216
100511 100510 9.0216
54240 100574 9.252
100574 100576 5.2812
100576 100571 5.004
100572 100575 6.7608
100575 100573 13.05
100579 100578 37.5408
100578 100579 37.5408
283189 100592 52.0776
100592 283189 52.0776
100592 100591 7.722
100591 100592 7.722
100591 100590 4.8744
100590 100591 4.8744
100590 100589 4.1436
100589 100590 4.1436
100589 100584 9.6912
100584 100589 9.6912
225656 100585 5.4144
100585 100586 2.6136
100586 100587 2.1492
100587 225562 1.7856
225562 100588 1.6452
100588 100584 2.8584
100584 466240 25.0992
466240 225643 22.2516
94065 100666 3.96
100666 94065 3.96
100666 100667 13.6548
100667 100666 13.6548
100667 516490 17.316
516490 100667 17.316
516490 260263 8.0316
260263 516490 8.0316
260263 260265 10.8864
260265 260263 10.8864
260265 120923 19.998
120923 260265 19.998
120923 239826 10.2528
239826 120923 10.2528
239826 239821 16.7688
239821 239826 16.7688
239821 1230323 13.986
1230323 239821 13.986
19494 206805 19.1448
206805 19494 19.1448
206805 2013987 36.5616
2013987 206805 36.5616
2013987 101162 18.5508
101162 2013987 18.5508
101164 101163 16.2276
101163 101164 16.2276
101163 101165 5.0544
101165 101163 5.0544
101165 283154 3.3252
283154 101165 3.3252
283154 283150 3.378
283150 283154 3.378
283150 283156 9.1488
283156 283150 9.1488
283156 283149 16.4496
283149 283156 16.4496
101166 840852 11.0844
840852 101166 11.0844
840852 840850 24.5088
840850 840852 24.5088
840850 101167 38.8872
101167 840850 38.8872
101167 283156 35.046
283156 101167 35.046
283156 283151 29.0124
283151 283156 29.0124
283151 840846 16.1928
840846 283151 16.1928
840846 100136 9.4608
100136 840846 9.4608
100125 100136 53.3952
100136 100125 53.3952
101794 1176393 4.3632
1176393 101794 4.3632
1176393 1176392 2.9952
1176392 1176393 2.9952
1176392 94430 17.7552
94430 1176392 17.7552
103115 840115 6.7164
840115 103115 6.7164
840115 103116 6.5544
103116 840115 6.5544
103116 840116 2.958
840116 103116 2.958
840116 103117 3.4896
103117 840116 3.4896
103117 103118 66.8772
103118 103117 66.8772
103116 103125 1.9104
103125 103116 1.9104
103125 103126 2.5284
103126 103125 2.5284
103126 103127 2.2368
103127 103126 2.2368
103127 103128 1.9056
103128 103127 1.9056
103128 103124 2.2524
103124 103128 2.2524
103124 367039 1.0944
367039 103124 1.0944
367039 103123 10.2468
103123 367039 10.2468
103123 367038 1.7904
367038 103123 1.7904
367038 367036 1.8
367036 367038 1.8
367036 103119 1.7796
103119 367036 1.7796
103119 367037 3.3048
367037 103119 3.3048
367037 840845 1.7796
840845 367037 1.7796
840845 103120 1.6236
103120 840845 1.6236
103120 103121 1.6152
103121 103120 1.6152
103121 100134 4.08
100134 103121 4.08
100134 100135 6.9828
100135 100134 6.9828
100135 100136 31.614
100136 100135 31.614
283681 1466898 3.2244
1466898 283681 3.2244
1466898 1466897 8.4468
1466897 1466898 8.4468
1466897 19500 1.4712
19500 1466897 1.4712
19500 103122 14.694
103122 19500 14.694
103122 103123 3.9936
103123 103122 3.9936
105673 104656 37.2276
104656 105673 37.2276
104656 104657 14.1768
104657 104656 14.1768
104657 283155 46.6416
283155 104657 46.6416
283155 840848 3.4344
840848 283155 3.4344
840848 840849 2.5524
840849 840848 2.5524
840849 101164 14.1444
101164 840849 14.1444
104658 99787 17.8308
99787 104658 17.8308
99787 840118 16.0344
840118 99787 16.0344
840118 840117 2.3184
840117 840118 2.3184
840117 97836 2.2932
97836 840117 2.2932
563643 2016630 4.6804
563643 563644 0.8276
563644 19523 0.8363
19523 1492337 0.5047
1492337 563646 0.2606
563646 19524 0.8323
19524 563648 0.9493
563648 19525 0.6174
19525 1492333 0.5764
1492333 169710 0.5623
169710 694344 0.8035
117027 117028 0.9403
117028 117029 0.702
117029 117030 1.345
117030 117031 13.7318
117031 831070 0.7934
831070 117032 0.7848
117032 117033 0.8424
117033 831065 1.1081
831065 117034 1.1412
117034 831062 1.1088
831062 2002969 0.5494
2002969 117035 0.5378
117035 2002970 0.517
2002970 831066 0.5148
831066 117036 1.3133
117036 117037 19.1959
117037 117038 1.2139
117038 1461602 0.301
1461602 409766 0.2174
409766 117039 0.4673
117039 409765 0.6696
409765 117040 0.5494
117040 117041 1.5358
117043 283165 5.4122
283165 1314898 1.1419
1314898 1314897 0.9698
1314897 1314896 1.3039
1314896 1314909 0.6876
1314909 117044 0.5278
117044 117045 20.0095
117045 831064 1.3766
831064 2002967 0.6134
2002967 117046 0.6487
117046 2002968 0.5537
2002968 831061 0.5976
831061 117047 1.1758
117047 831063 1.1974
831063 117048 1.1477
117048 117049 0.9713
117049 831069 0.9072
831069 117050 0.995
117050 870736 4.901
870736 537453 3.4279
537453 117051 5.477
117051 117042 4.7326
225715 1412308 1.8612
1412308 1466779 1.0085
8008 155917 0.6264
155917 1837591 0.361
1837591 117062 0.4845
2016694 37908 18.6192
37908 2016694 18.6192
2016696 37902 29.0268
37902 2016696 29.0268
94330 37908 24.8688
37908 94330 24.8688
37908 1814072 13.7232
1814072 37908 13.7232
1814072 1814073 6.804
1814073 1814072 6.804
1814073 37902 21.0456
37902 1814073 21.0456
37902 1814074 55.7424
1814074 37902 55.7424
1814074 94346 16.5384
94346 1814074 16.5384
45550 132677 0.3539
118472 283711 7.512
283711 118472 7.512
283711 206733 1.4328
206733 283711 1.4328
206733 206878 5.7336
206878 206733 5.7336
206878 206859 4.0752
206859 206878 4.0752
206859 118473 2.6448
118473 206859 2.6448
118473 206835 1.6188
206835 118473 1.6188
206835 344349 4.8228
344349 206835 4.8228
344349 206817 5.718
206817 344349 5.718
206817 118474 6.21
118474 206817 6.21
118474 118475 3.9828
118475 118474 3.9828
118475 1617450 18.5184
1617450 118475 18.5184
1617450 118470 2.5428
118470 1617450 2.5428
118470 206895 1.1928
206895 118470 1.1928
206895 118469 4.9776
118469 206895 4.9776
118469 1617406 3.804
1617406 118469 3.804
1617406 206742 8.4132
206742 1617406 8.4132
206742 206852 7.0488
206852 206742 7.0488
206852 118478 5.13
118478 206852 5.13
118478 118477 13.7856
118477 118478 13.7856
118477 206880 1.5804
206880 118477 1.5804
206880 1617521 1.0164
1617521 206880 1.0164
1617521 97859 1.7364
97859 1617521 1.7364
118482 1626434 41.7168
1626434 118482 41.7168
1626434 2003025 25.9776
2003025 1626434 25.9776
2003025 118497 27.27
118497 2003025 27.27
118497 1458595 31.8024
1458595 118497 31.8024
120925 516476 22.8708
516476 120925 22.8708
516476 120926 3.9384
120926 516476 3.9384
2016760 120926 7.38
120926 2016760 7.38
120930 516492 5.3136
516492 120930 5.3136
516492 516488 3.6432
516488 516492 3.6432
55959 1074601 5.4036
1074601 55959 5.4036
1074601 1074604 31.7808
1074604 1074601 31.7808
1074604 1074600 5.6916
1074600 1074604 5.6916
1074600 1074603 5.8104
1074603 1074600 5.8104
1074603 1074602 25.0092
1074602 1074603 25.0092
122663 1590563 1.0188
1590563 122664 1.314
122664 1590571 1.4796
1590571 1590572 1.746
1590572 1590573 1.4652
1590573 1590570 0.9396
1590570 1590569 0.9432
122489 122490 6.1956
122490 122489 6.1956
122490 1912581 1.674
1912581 122490 1.674
1912581 1912582 1.872
1912582 1912581 1.872
1912582 122491 2.3004
122491 1912582 2.3004
122491 122494 6.3936
122494 122491 6.3936
122494 1912583 4.6656
1912583 122494 4.6656
1912583 122497 1.134
122497 1912583 1.134
122497 122496 2.0268
122496 122497 2.0268
122496 122504 19.062
122504 122496 19.062
122504 122505 3.1788
122505 122504 3.1788
122505 122506 47.3076
122506 122505 47.3076
122506 122625 18.1404
122625 122506 18.1404
122625 122624 3.9024
122624 122625 3.9024
122624 122623 3.8952
122623 122624 3.8952
122623 122626 64.1772
122626 122623 64.1772
122626 122627 68.3568
122627 122626 68.3568
122627 122628 13.878
122628 122627 13.878
122628 122629 13.626
122629 122628 13.626
122629 122637 33.1776
122637 122629 33.1776
122637 1912578 5.5008
1912578 122637 5.5008
1912578 122638 3.1104
122638 1912578 3.1104
122638 122641 7.5564
122641 122638 7.5564
122641 122640 3.78
122640 122641 3.78
122640 122642 4.2588
122642 122640 4.2588
122642 122646 8.2152
122646 122642 8.2152
122646 122647 2.9772
122647 122646 2.9772
122647 122648 2.8872
122648 122647 2.8872
122648 122649 1.8792
122649 122648 1.8792
122649 122650 3.6792
122650 122649 3.6792
122650 122606 150.9048
122606 122650 150.9048
122606 122593 179.82
122593 122606 179.82
122325 122327 4.9536
122327 122328 3.7872
122328 225633 5.7636
122345 122344 5.8068
122344 122345 5.8068
122344 122304 93.1644
122304 122344 93.1644
122304 122312 27.3348
122312 122304 27.3348
122312 122313 4.0716
122313 122312 4.0716
122313 122310 4.2696
122310 122313 4.2696
122310 122311 5.0112
122311 122310 5.0112
122311 122314 36.4356
122314 122311 36.4356
122314 122372 28.6596
122372 122314 28.6596
122372 122371 4.5864
122371 122372 4.5864
122371 122450 49.4316
122450 122371 49.4316
122450 122452 33.2388
122452 122450 33.2388
122452 122463 8.0028
122463 122452 8.0028
122463 122462 25.3728
122462 122463 25.3728
122462 1912585 10.2456
1912585 122462 10.2456
1912585 122464 3.1752
122464 1912585 3.1752
122464 122408 26.3412
122408 122464 26.3412
122408 122440 28.8
122440 122408 28.8
122440 122441 39.4416
122441 122440 39.4416
122441 122446 17.6508
122446 122441 17.6508
122364 122422 58.1472
122422 122364 58.1472
122422 122424 54.4752
122424 122422 54.4752
122424 122418 2.2032
122418 122424 2.2032
122418 122421 6.2424
122421 122418 6.2424
122421 122420 4.4136
122420 122421 4.4136
122420 122417 7.3656
122417 122420 7.3656
122417 122416 7.8552
122416 122417 7.8552
122416 122419 10.116
122419 122416 10.116
122419 122426 14.5656
122426 122419 14.5656
122426 122425 14.4216
122425 122426 14.4216
122425 122431 6.4368
122431 122425 6.4368
122431 122430 17.9064
122430 122431 17.9064
122430 122429 21.7872
122429 122430 21.7872
122429 122428 46.7352
122428 122429 46.7352
122428 122583 18.8712
122583 122428 18.8712
122583 122581 12.744
122581 122583 12.744
122581 122582 8.1576
122582 122581 8.1576
122582 122585 11.3688
122585 122582 11.3688
122315 122371 26.748
122371 122315 26.748
122371 122374 14.8968
122374 122371 14.8968
122374 122376 9.1332
122376 122374 9.1332
122376 122378 2.5668
122378 122376 2.5668
122378 122377 3.1176
122377 122378 3.1176
122377 122400 45.702
122400 122377 45.702
122313 122309 6.4656
122309 122313 6.4656
122309 122302 26.8488
122302 122309 26.8488
122302 122303 6.0408
122303 122302 6.0408
122303 122301 14.9184
122301 122303 14.9184
122301 122300 3.5784
122300 122301 3.5784
122300 122293 36.2916
122293 122300 36.2916
122293 122292 27.7164
122292 122293 27.7164
122292 122204 27.3132
122204 122292 27.3132
122314 122367 18.8712
122367 122314 18.8712
344724 1488256 13.1328
1488256 344724 13.1328
1488256 1488260 13.788
1488260 1488256 13.788
1488260 1488259 18.6948
1488259 1488260 18.6948
1488259 122330 28.1088
122330 1488259 28.1088
122330 122329 10.3284
122329 122330 10.3284
122329 781244 32.3136
781244 122329 32.3136
781244 122332 11.8368
122332 781244 11.8368
122332 122331 31.14
122331 122332 31.14
122331 122411 31.7376
122411 122331 31.7376
122411 1071092 20.4912
1071092 122411 20.4912
1071092 122412 13.8996
122412 1071092 13.8996
122412 122413 13.4388
122413 122412 13.4388
122413 122416 16.0308
122416 122413 16.0308
122416 122427 17.8092
122427 122416 17.8092
122427 122444 97.7256
122444 122427 97.7256
122444 1488257 3.3012
1488257 122444 3.3012
1488257 122596 3.0456
122596 1488257 3.0456
122596 122591 11.448
122591 122596 11.448
122591 122588 11.9628
122588 122591 11.9628
122325 1409389 10.9152
1409389 122325 10.9152
1409389 122478 30.7404
122478 1409389 30.7404
122478 122485 51.8436
122485 122478 51.8436
122485 122484 2.8908
122484 122485 2.8908
122484 122475 16.0884
122475 122484 16.0884
122475 122473 8.676
122473 122475 8.676
122473 122499 26.4348
122499 122473 26.4348
1409384 122277 27.0684
122277 1409384 27.0684
122277 122284 12.132
122284 122277 12.132
122284 122294 32.0508
122294 122284 32.0508
122294 122296 2.898
122296 122294 2.898
122296 122295 2.5128
122295 122296 2.5128
122295 122299 13.95
122299 122295 13.95
122299 122297 2.0304
122297 122299 2.0304
122297 122298 2.3436
122298 122297 2.3436
122298 1409397 135.0072
1409397 122298 135.0072
1409397 122315 7.7976
122315 1409397 7.7976
122315 122451 87.4476
122451 122315 87.4476
122451 122454 10.0188
122454 122451 10.0188
122454 122457 14.49
122457 122454 14.49
122457 122458 4.086
122458 122457 4.086
122458 122471 22.122
122471 122458 22.122
122471 122484 29.2572
122484 122471 29.2572
122451 122453 38.484
122453 122451 38.484
122453 122321 18.1008
122321 122453 18.1008
122321 122320 2.574
122320 122321 2.574
122320 122318 2.2464
122318 122320 2.2464
122318 1409393 18.2844
1409393 122318 18.2844
1409393 122319 7.9308
122319 1409393 7.9308
122286 122288 6.462
122288 122286 6.462
122288 122287 5.148
122287 122288 5.148
122287 122316 79.002
122316 122287 79.002
122288 122285 24.7068
122285 122288 24.7068
122285 122305 4.8636
122305 122285 4.8636
122305 122308 7.794
122308 122305 7.794
122308 122307 3.6792
122307 122308 3.6792
122307 122306 4.518
122306 122307 4.518
122306 122278 61.992
122278 122306 61.992
122280 122281 26.6688
