68021
2859 656250 1.0044
656250 272409 1.3788
2861 133571 15.9962
133571 2861 15.9962
133571 1569278 0.9583
1569278 133571 0.9583
1569278 20119 1.147
20119 1569278 1.147
228803 228643 2.5032
228643 228708 1.1664
228708 228679 0.7704
228679 228692 1.548
228692 9385 1.1064
9385 9386 3.2688
9386 228662 2.6412
228662 228723 1.1736
228723 42818 1.9674
42818 1703618 1.278
1703618 228672 0.4044
228672 228656 1.8504
228656 228686 2.6646
228686 9387 1.047
9387 9388 0.7362
9388 228713 1.05
228713 1703610 0.753
1703610 228807 0.8394
86254 409532 0.8069
409532 86257 0.5277
86257 409534 0.415
409534 20139 0.5842
20056 1835216 0.6387
1835216 20056 0.6387
1835216 1964753 1.5279
1964753 1835216 1.5279
1964753 832569 0.7884
832569 1964753 0.7884
832569 1964752 0.9926
1964752 832569 0.9926
1964752 50972 1.1304
50972 1964752 1.1304
50972 1730644 2.609
1730644 50972 2.609
1730644 47612 0.1625
47612 1730644 0.1625
47612 1730641 0.8835
1730641 47612 0.8835
1730641 1730643 0.8198
1730643 1730641 0.8198
1730643 1674616 0.8203
1674616 1730643 0.8203
1674616 47610 7.8603
47610 1674616 7.8603
47610 50963 4.6687
50963 47610 4.6687
50963 1964708 4.8194
1964708 50963 4.8194
1964708 477095 1.1484
477095 1964708 1.1484
477095 522908 2.3292
522908 477095 2.3292
522908 1964709 1.6647
1964709 522908 1.6647
1964709 50970 0.1013
50970 1964709 0.1013
50970 522912 0.9175
522912 50970 0.9175
522912 1623317 2.8635
1623317 522912 2.8635
1623317 1623316 0.2854
1623316 1623317 0.2854
1623316 1623318 0.3101
1623318 1623316 0.3101
1623318 20057 0.1759
20057 1623318 0.1759
20058 1623323 0.1939
1623323 20058 0.1939
1623323 1964707 3.599
1964707 1623323 3.599
1964707 20059 1.3073
20059 1964707 1.3073
20059 1964706 1.2291
1964706 20059 1.2291
1964706 50969 3.7682
50969 1964706 3.7682
50969 1315890 0.5189
1315890 50969 0.5189
1315890 50991 0.6747
50991 1315890 0.6747
50991 1623294 0.5673
1623294 50991 0.5673
1623294 1315891 1.0049
1315891 1623294 1.0049
1315891 50992 3.3665
50992 1315891 3.3665
50992 1623286 2.0798
1623286 50992 2.0798
1623286 50994 0.9777
50994 1623286 0.9777
50994 121342 1.1901
121342 50994 1.1901
121342 121339 1.2955
121339 121342 1.2955
121339 1623280 1.584
1623280 121339 1.584
1623280 1964701 0.4346
1964701 1623280 0.4346
1964701 1623271 2.2186
1623271 1964701 2.2186
1623271 1547440 0.3374
1547440 1623271 0.3374
1547440 1964700 0.6845
1964700 1547440 0.6845
1964700 50957 0.0977
50957 1964700 0.0977
50957 1720848 0.2031
1720848 50957 0.2031
1720848 43615 2.7499
43615 1720848 2.7499
43615 43616 4.7911
43616 43615 4.7911
20056 298279 1.1964
298279 20056 1.1964
298279 1835217 0.8244
1835217 298279 0.8244
1835217 20060 1.0812
20060 1835217 1.0812
20060 1835215 1.9452
1835215 20060 1.9452
1835215 1835218 1.2036
1835218 1835215 1.2036
1835218 20061 1.3608
20061 1835218 1.3608
20061 20062 1.4556
20062 20061 1.4556
20062 1964751 1.1232
1964751 20062 1.1232
1964751 832544 2.8824
832544 1964751 2.8824
832544 1964750 1.9524
1964750 832544 1.9524
1964750 47608 4.8084
47608 1964750 4.8084
47608 47605 9.9084
47605 47608 9.9084
47605 1085302 4.332
1085302 47605 4.332
1085302 20063 4.3836
20063 1085302 4.3836
20063 20064 2.6748
20064 20063 2.6748
20064 477181 0.996
477181 20064 0.996
477181 472394 14.946
472394 477181 14.946
472394 472392 2.9916
472392 472394 2.9916
472392 1964731 0.2628
1964731 472392 0.2628
1964731 1964730 3.0036
1964730 1964731 3.0036
1964730 477149 5.8584
477149 1964730 5.8584
477149 477139 16.5792
477139 477149 16.5792
477139 477125 4.4904
477125 477139 4.4904
477125 477117 2.5308
477117 477125 2.5308
477117 20077 3.7548
20077 477117 3.7548
20077 1690857 2.0052
1690857 20077 2.0052
1690857 1964742 5.8044
1964742 1690857 5.8044
1964742 1964743 4.6212
1964743 1964742 4.6212
1964743 592370 1.6392
592370 1964743 1.6392
592370 1303800 1.1424
1303800 592370 1.1424
1303800 20078 7.5516
20078 1303800 7.5516
20078 20079 1.1916
20079 20078 1.1916
43592 508285 1.4462
508285 43592 1.4462
508285 1964908 3.0929
1964908 508285 3.0929
1964908 1886746 3.3855
1886746 1964908 3.3855
1886746 247134 0.4773
247134 1886746 0.4773
247134 1886753 0.4629
1886753 247134 0.4629
1886753 1886745 0.6393
1886745 1886753 0.6393
1886745 245819 0.7534
245819 1886745 0.7534
245819 43593 2.1559
43593 245819 2.1559
43593 247135 2.1405
247135 43593 2.1405
247135 1965076 0.2916
1965076 247135 0.2916
1965076 1573581 1.9358
1573581 1965076 1.9358
1573581 825735 8.6266
825735 1573581 8.6266
825735 825762 0.5025
825762 825735 0.5025
825762 1965077 1.3186
1965077 825762 1.3186
1965077 247148 1.9198
247148 1965077 1.9198
247148 247150 8.0475
247150 247148 8.0475
43590 43589 2.9434
43589 43590 2.9434
43589 43588 1.2463
43588 43589 1.2463
43588 43587 1.229
43587 43588 1.229
43587 821702 2.1967
821702 43587 2.1967
821702 272436 2.8642
272436 821702 2.8642
272436 43586 0.9814
43586 272436 0.9814
43586 272558 0.5177
272558 43586 0.5177
272558 272480 0.5486
272480 272558 0.5486
272480 1388034 0.5652
1388034 272480 0.5652
20110 1388022 1.1556
1388022 20110 1.1556
1388022 272450 0.1887
272450 1388022 0.1887
272450 1964900 1.3994
1964900 272450 1.3994
1964900 1964897 9.5791
1964897 1964900 9.5791
1964897 245818 2.3169
245818 1964897 2.3169
245818 245826 0.4762
245826 245818 0.4762
245826 1671014 0.3687
1671014 245826 0.3687
1671014 1964898 0.6418
1964898 1671014 0.6418
1964898 1671003 7.6999
1671003 1964898 7.6999
1671003 247860 0.2767
247860 1671003 0.2767
247860 245831 5.7729
245831 247860 5.7729
245831 1964891 3.0117
1964891 245831 3.0117
1964891 20098 1.116
20098 1964891 1.116
20098 20099 1.0713
20099 20098 1.0713
2861 20111 1.7698
20111 2861 1.7698
20113 20114 1.4666
20114 20113 1.4666
20114 133724 1.0166
133724 20114 1.0166
133724 20115 0.7006
20115 133724 0.7006
20115 20116 0.8323
20116 20115 0.8323
20116 1570151 4.2934
1570151 20116 4.2934
1570151 1321886 1.7366
1321886 1570151 1.7366
1321886 1570165 6.7687
1570165 1321886 6.7687
1570165 20117 6.4397
20117 1570165 6.4397
20117 133738 12.3631
133738 20117 12.3631
133738 1965066 3.7793
1965066 133738 3.7793
1965066 1630213 9.1606
1630213 1965066 9.1606
1630213 1568339 12.3473
1568339 1630213 12.3473
1568339 1388009 0.1022
1388009 1568339 0.1022
1388009 20118 1.0462
20118 1388009 1.0462
20118 565820 1.1635
565820 20118 1.1635
20117 1569291 1.2406
1569291 20117 1.2406
1569291 1570128 10.4724
1570128 1569291 10.4724
1570128 133675 8.7602
133675 1570128 8.7602
133675 1965065 11.1571
1965065 133675 11.1571
1965065 133715 5.5548
133715 1965065 5.5548
133715 1570129 4.433
1570129 133715 4.433
1570129 20119 0.9886
20119 1570129 0.9886
20120 591654 6.432
591654 20120 6.432
50935 1961311 6.2676
1961311 50935 6.2676
20130 1964778 2.4665
1964778 20130 2.4665
1964778 20133 2.6347
20133 1964778 2.6347
20135 832563 0.9504
832563 47618 1.434
47618 20076 1.7412
20134 1623256 0.3765
1623256 20134 0.3765
1623256 1623257 0.7899
1623257 1623256 0.7899
1623257 20136 0.577
20136 1623257 0.577
47621 20138 1.9464
20138 20057 2.1996
299388 1703591 4.116
1703591 299388 4.116
1703591 1303738 5.1012
1303738 1703591 5.1012
1303738 1883928 0.276
1883928 1303738 0.276
272692 272789 1.5386
272789 272700 0.9007
272700 272452 0.63
272452 272367 0.3982
272367 28875 0.545
28875 28882 0.5767
28882 272741 0.558
272741 272499 0.7207
272499 272687 2.443
28886 973666 6.2959
973666 28886 6.2959
973666 1453338 0.4685
1453338 973666 0.4685
1453338 234797 23.6273
234797 1453338 23.6273
234797 366768 3.5486
366768 234797 3.5486
366768 28889 7.0128
28889 366768 7.0128
28889 251786 3.3845
251786 28889 3.3845
251786 28890 2.6542
28890 251786 2.6542
272752 272693 2.807
272693 272517 2.1981
272517 28898 1.0419
28898 272388 1.0296
272388 28899 1.3073
28899 272432 2.4809
272432 46804 1.5387
28887 1721690 0.534
1721690 28887 0.534
1721690 1453345 1.746
1453345 1721690 1.746
1453345 589982 5.7552
589982 1453345 5.7552
589982 268941 1.4388
268941 589982 1.4388
268941 703978 5.0472
703978 268941 5.0472
703978 453446 0.8352
453446 703978 0.8352
453446 703979 1.8516
703979 453446 1.8516
703979 703980 1.3968
703980 703979 1.3968
703980 28901 7.5228
28901 703980 7.5228
28901 1721848 0.9804
1721848 28901 0.9804
1721848 28902 22.5012
28902 1721848 22.5012
28901 1464895 9.4008
1464895 28901 9.4008
1464895 703981 2.3436
703981 1464895 2.3436
703981 1464892 2.9208
1464892 703981 2.9208
1464892 703982 0.8664
703982 1464892 0.8664
703982 1393882 5.5104
1393882 703982 5.5104
641376 641383 3.654
641383 641376 3.654
641383 1800221 2.0304
1800221 641383 2.0304
1800221 1800218 15.7248
1800218 1800221 15.7248
1800218 641384 1.368
641384 1800218 1.368
641384 1800219 1.2384
1800219 641384 1.2384
1800219 1800230 12.5352
1800230 1800219 12.5352
1800230 1800240 0.6408
1800240 1800230 0.6408
1800240 1800229 0.6012
1800229 1800240 0.6012
1800229 1800236 4.824
1800236 1800229 4.824
1800236 1800237 0.828
1800237 1800236 0.828
1800237 1800235 0.81
1800235 1800237 0.81
1800235 1800234 1.6344
1800234 1800235 1.6344
1800234 1800241 0.5652
1800241 1800234 0.5652
1800241 1800233 0.5796
1800233 1800241 0.5796
1800233 1800232 1.9404
1800232 1800233 1.9404
1800232 1800242 0.522
1800242 1800232 0.522
1800242 1800231 0.5976
1800231 1800242 0.5976
1800231 1800228 28.0548
1800228 1800231 28.0548
1800228 641375 0.8856
641375 1800228 0.8856
641375 1800227 1.044
1800227 641375 1.044
1800227 1464939 7.5708
1464939 1800227 7.5708
1464939 1800238 9.6264
1800238 1464939 9.6264
1800238 1800244 1.1952
1800244 1800238 1.1952
1800244 1800239 0.972
1800239 1800244 0.972
1800239 1800245 15.7536
1800245 1800239 15.7536
1800245 641383 2.2356
641383 1800245 2.2356
49787 499056 1.2251
499056 32099 0.3694
32099 499055 0.3323
499055 499054 0.32
499054 32100 0.2815
32100 499053 0.3398
499053 499052 0.2552
499052 499050 0.2761
499050 499046 0.2754
499046 32101 0.32
32105 32110 5.1038
32110 32105 5.1038
1006606 1006607 49.7448
1006607 1006606 49.7448
366725 2015499 0.5227
2015499 366725 0.5227
366725 609503 1.5221
609503 366725 1.5221
609503 35823 0.6844
35823 609503 0.6844
32119 844038 2.4768
844038 32119 2.4768
844038 431245 3.0492
431245 844038 3.0492
431245 499057 2.6244
499057 431245 2.6244
499057 32129 3.2616
32129 499057 3.2616
32129 499058 3.8736
499058 32129 3.8736
499058 32127 18.846
32127 499058 18.846
32127 32130 4.6764
32130 32127 4.6764
32130 499059 2.7648
499059 32130 2.7648
499059 431249 2.5776
431249 499059 2.5776
431249 499060 2.5164
499060 431249 2.5164
499060 32128 2.7432
32128 499060 2.7432
32128 59913 2.2392
59913 32128 2.2392
32123 499067 1.6536
499067 499064 1.773
499064 32136 1.1118
32136 499062 0.8754
499062 431238 0.849
431238 499066 0.8358
499066 32137 0.9264
32137 32131 1.191
32131 32138 4.9578
32149 616871 4.0536
616871 32149 4.0536
616871 32150 3.4848
32150 616871 3.4848
32150 32151 4.2444
32151 32150 4.2444
32151 259122 4.8456
259122 32151 4.8456
32155 499164 0.382
499164 155563 0.265
155563 499171 0.2894
499171 499175 0.2185
499175 32156 0.2239
32156 499179 0.2419
499179 499183 0.189
499183 32157 0.2326
32157 499188 0.2642
499188 499189 0.2311
499189 499190 0.7204
499190 32159 0.4424
32158 499181 0.3802
499181 499184 0.2794
499184 499186 0.2758
499186 499187 0.238
499187 499191 0.2369
499191 499192 0.2189
499192 499194 0.2376
499194 32192 0.2725
32154 35939 1.301
32158 32160 0.2498
32160 499180 0.2102
499180 499178 0.1958
499178 32186 0.211
32186 499176 0.1512
499176 499174 0.1645
499174 32167 0.2837
32163 499159 0.2803
499159 499154 0.3734
499154 499149 0.2294
499149 499147 0.2782
499147 32165 0.2659
32165 499144 0.2258
499144 499139 0.2361
499139 32166 0.3106
32166 499142 0.6634
499142 1919361 1.2158
1919361 32155 0.7421
32154 32140 7.3706
32140 32154 7.3706
32140 499230 0.9691
499230 32140 0.9691
499230 499233 1.0138
499233 499230 1.0138
499233 499234 0.9871
499234 499233 0.9871
499234 499238 2.039
499238 499234 2.039
499238 32141 3.9377
32141 499238 3.9377
32167 499165 0.3271
499165 499160 0.2129
499160 32179 0.2361
32179 499151 0.2407
499151 32168 0.3353
32168 32173 0.6562
32173 32169 0.9206
32169 32170 2.7453
32170 32174 1.3829
32174 32171 0.5333
32171 155556 0.7395
155556 32177 0.9581
32177 155562 0.7581
155562 32180 0.685
32180 1003859 5.275
1003859 32175 0.9586
32175 32172 0.8455
32172 458379 0.8553
458379 32178 0.5055
32178 548979 0.6429
548979 1259596 0.5678
1259596 1489601 0.4701
1489601 782860 0.4906
32190 458380 1.3243
458380 32181 1.1556
32181 1400202 1.3155
1400202 32182 5.7801
32182 155559 0.7694
155559 32188 0.8712
32188 155550 0.6362
155550 32183 0.5364
32183 32191 1.1186
32184 499140 0.9561
499140 499145 0.6228
499145 782861 0.1373
782861 499148 0.54
499148 32189 0.7663
32189 32185 1.3263
32191 32184 2.6913
32192 32193 1.7165
32193 32167 0.3762
32176 177943 4.5015
112967 32200 0.7956
32200 112967 0.7956
32200 883454 3.1706
883454 32200 3.1706
883454 883455 0.1404
883455 883454 0.1404
883455 202031 4.4763
202031 883455 4.4763
202031 782886 29.4943
782886 202031 29.4943
782886 782789 0.5565
782789 782886 0.5565
782789 112961 0.6639
112961 782789 0.6639
112961 32201 1.2374
32201 112961 1.2374
32201 276154 1.1206
276154 32201 1.1206
276154 21940 0.6943
21940 276154 0.6943
1494676 1494677 1.7652
1494677 1494676 1.7652
1494677 1494678 0.5796
1494678 1494677 0.5796
1494678 32220 1.584
32220 1494678 1.584
32220 32219 9.924
32219 32220 9.924
32219 32212 10.05
32212 32219 10.05
32212 32221 1.7124
32221 32212 1.7124
32221 62624 6.9444
62624 32221 6.9444
62624 62623 7.8672
62623 62624 7.8672
62623 32205 8.7168
32205 62623 8.7168
32205 32206 8.4108
32206 32205 8.4108
32206 32204 1.9608
32204 32206 1.9608
32204 32207 2.5284
32207 32204 2.5284
32207 32208 4.032
32208 32207 4.032
32208 1494666 3.1572
1494666 32208 3.1572
1494666 32209 2.8452
32209 1494666 2.8452
32209 32210 22.0644
32210 32209 22.0644
62624 32211 30.8496
32211 62624 30.8496
32212 32216 30.0588
32216 32212 30.0588
62623 32213 30.7752
32213 62623 30.7752
32205 32214 30.8028
32214 32205 30.8028
32206 32215 31.044
32215 32206 31.044
32215 32214 8.4324
32214 32215 8.4324
32214 32213 7.9392
32213 32214 7.9392
32213 32211 8.9364
32211 32213 8.9364
32211 32216 7.6728
32216 32211 7.6728
32216 32217 7.842
32217 32216 7.842
32217 32218 7.4544
32218 32217 7.4544
32217 32219 24.42
32219 32217 24.42
32224 32225 41.9892
32225 32224 41.9892
32225 32226 30.354
32226 32225 30.354
32226 62627 17.1492
62627 32226 17.1492
32226 1494607 4.992
1494607 32226 4.992
1494607 32227 14.2152
32227 1494607 14.2152
32203 1189613 18.0264
1189613 32203 18.0264
1189613 46856 21.054
46856 1189613 21.054
46856 32227 33.3648
32227 46856 33.3648
32227 32228 9.7284
32228 32227 9.7284
49862 32229 4.6416
32229 49862 4.6416
32229 202035 7.8972
202035 32229 7.8972
202035 202026 0.7416
202026 202035 0.7416
202026 202012 5.6004
202012 202026 5.6004
202012 202019 6.1704
202019 202012 6.1704
202019 202071 9.4344
202071 202019 9.4344
202071 32228 6.9984
32228 202071 6.9984
32228 62627 20.928
62627 32228 20.928
62627 202094 0.9852
202094 62627 0.9852
202094 32230 7.3008
32230 202094 7.3008
32230 32231 6.1248
32231 32230 6.1248
32231 2009312 4.29
2009312 32231 4.29
2009312 32232 3.2364
32232 2009312 3.2364
32233 32234 0.7692
32234 32233 0.7692
32234 49862 19.536
49862 32234 19.536
49862 32235 6.8796
32235 49862 6.8796
32235 32236 23.6916
32236 32235 23.6916
1964890 536451 0.6024
536451 1964890 0.6024
536451 880578 0.594
880578 536451 0.594
880578 20100 0.4452
20100 880578 0.4452
20100 1964882 0.456
1964882 20100 0.456
1569170 20113 8.7336
20113 1569170 8.7336
20113 1569276 5.8392
1569276 20113 5.8392
34777 1623255 1.1196
1623255 34777 1.1196
1623255 34782 44.928
34782 1623255 44.928
168753 1580656 4.1148
1580656 168753 4.1148
1580656 1044853 13.2336
1044853 1580656 13.2336
1044853 347197 7.4304
347197 1044853 7.4304
347197 1449051 0.9756
1449051 347197 0.9756
1449051 34783 10.1916
34783 1449051 10.1916
35068 35069 49.8384
35069 35068 49.8384
35070 35071 43.9128
35071 35070 43.9128
35072 35073 43.8552
35073 35072 43.8552
35074 35075 44.5608
35075 35074 44.5608
35370 499245 0.346
499245 499250 0.2876
499250 499260 0.4252
499260 499300 0.4313
499300 499302 0.3226
499302 35358 0.5807
35357 499297 0.517
499297 499292 0.1775
499292 499281 0.2002
499281 35370 1.7942
35372 873539 0.5904
873539 35372 0.5904
873539 712834 3.3948
712834 873539 3.3948
712834 771086 2.9491
771086 712834 2.9491
771086 404422 8.3765
404422 771086 8.3765
404422 35373 1.1102
35373 404422 1.1102
35373 1471472 1.71
1471472 35373 1.71
1471472 404432 6.7716
404432 1471472 6.7716
404432 59264 0.9353
59264 404432 0.9353
62626 62635 2.6808
62635 62626 2.6808
62635 1664935 2.6424
1664935 62635 2.6424
1664935 1400192 17.3652
1400192 1664935 17.3652
1400192 1494610 6.2784
1494610 1400192 6.2784
1494610 1400191 3.0084
1400191 1494610 3.0084
1400191 1494614 4.7928
1494614 1400191 4.7928
1494614 35375 6.072
35375 1494614 6.072
65279 196635 1.9029
196635 65279 1.9029
196635 35384 1.4354
35384 196635 1.4354
35384 1589515 0.1995
1589515 35384 0.1995
1589515 35383 5.7163
35383 1589515 5.7163
35383 1494676 1.1525
1494676 35383 1.1525
1494676 1589508 0.5986
1589508 1494676 0.5986
1589508 1589522 0.0257
1589522 1589508 0.0257
1589522 35380 3.0595
35380 1589522 3.0595
35380 35381 0.3461
35381 35380 0.3461
35381 35382 7.0534
35382 35381 7.0534
35382 35376 3.1603
35376 35382 3.1603
32192 499200 0.5519
499200 32192 0.5519
499200 35954 0.3416
35954 499200 0.3416
35594 35595 4.1011
35595 35596 0.8881
35596 35597 0.513
35597 1735256 0.3989
1735256 1849830 0.5098
1849830 1849829 0.4619
1849829 35598 0.3744
35598 35599 0.6584
35599 1735257 0.6833
1735257 35600 0.5864
35600 35601 0.7513
35601 35602 0.6876
35602 35603 0.7654
35603 1735259 0.6404
1735259 35604 0.6026
35604 1735258 0.5965
1735258 35605 0.5821
35605 1415527 0.833
1415527 35606 0.5753
35606 35607 1.5156
35591 782871 0.7394
782871 782872 0.4068
782872 782873 0.5274
782873 782874 0.6437
782874 782877 0.3877
782877 35592 0.5483
35592 782881 0.7319
782881 35593 0.9637
35593 35594 2.1841
35608 531599 0.864
531599 531600 0.7664
531600 782885 0.7589
782885 782884 0.4432
35827 1457569 0.3615
1457569 426213 0.6989
426213 426216 0.8229
426216 426218 0.5554
426218 426220 0.3672
426220 35825 0.2767
35935 32132 6.4872
32132 32133 2.4402
32133 32134 1.3584
32134 32135 1.5708
32135 1415525 1.3434
1415525 23914 2.4474
32138 35935 2.166
35936 499204 0.913
499204 32154 1.112
35937 499198 1.4335
499198 499196 0.576
499196 499193 1.1725
499193 32159 1.3039
35939 35937 0.8795
35954 35581 1.1437
35581 35954 1.1437
35581 499217 0.266
499217 35581 0.266
499217 35582 0.4835
35582 499217 0.4835
35582 499242 0.455
499242 35582 0.455
499242 499267 0.4504
499267 499242 0.4504
499267 499286 0.4518
499286 499267 0.4518
499286 155551 0.346
155551 499286 0.346
155551 499307 0.3744
499307 155551 0.3744
499307 499315 0.4183
499315 499307 0.4183
499315 35583 0.4219
35583 499315 0.4219
35583 499318 0.4576
499318 35583 0.4576
499318 155554 0.356
155554 499318 0.356
155554 302310 0.185
302310 155554 0.185
302310 499322 0.2707
499322 302310 0.2707
499322 499323 0.4828
499323 499322 0.4828
499323 499324 1.5523
499324 499323 1.5523
499324 499325 0.5072
499325 499324 0.5072
499325 35584 0.3971
35584 499325 0.3971
35584 892271 0.3024
892271 35584 0.3024
892271 499326 0.4054
499326 892271 0.4054
499326 499327 0.4043
499327 499326 0.4043
499327 499329 0.4093
499329 499327 0.4093
499329 746960 2.5337
746960 499329 2.5337
746960 35585 12.8732
35585 746960 12.8732
35585 388663 1.3633
388663 35585 1.3633
388663 782862 2.1622
782862 388663 2.1622
782862 312890 1.012
312890 782862 1.012
312890 782864 1.0541
782864 312890 1.0541
782864 35586 0.6228
35586 782864 0.6228
35586 782865 0.14
782865 35586 0.14
782865 1723279 0.7074
1723279 782865 0.7074
1723279 782866 0.0839
782866 1723279 0.0839
782866 119209 0.9968
119209 782866 0.9968
119209 35587 2.5967
35587 119209 2.5967
35587 782867 1.7604
782867 35587 1.7604
782867 782870 3.4376
782870 782867 3.4376
782870 1562100 0.1404
1562100 782870 0.1404
1562100 35588 0.1674
35588 1562100 0.1674
35588 1562117 0.4428
1562117 35588 0.4428
1562117 65280 4.838
65280 1562117 4.838
57718 426210 0.6024
426210 426209 0.6576
426209 57713 5.664
62647 759858 6.3288
759858 62647 6.3288
759858 1295980 8.784
1295980 759858 8.784
1295980 759865 11.3976
759865 1295980 11.3976
177943 1400203 1.7196
1400203 782859 1.4352
782859 458376 1.9764
458376 782857 3.834
782857 35579 1.3128
3130 1569295 2.5373
1569295 1059386 1.3118
1059386 228711 1.2226
228711 228647 1.7359
228647 62045 1.4378
62045 228676 1.1088
228676 62044 1.8785
62044 952023 1.1851
952023 112872 3.2357
112872 228652 11.975
228652 42806 1.6834
42806 228666 1.494
228666 87500 3.276
782889 782676 0.9176
782676 782889 0.9176
782676 782675 0.729
782675 782676 0.729
782675 21961 2.6219
21961 782675 2.6219
21961 21962 2.3551
21962 21961 2.3551
21962 21963 1.1833
21963 21962 1.1833
21963 1084867 0.369
1084867 21963 0.369
1084867 21964 13.1188
21964 1084867 13.1188
21964 113288 0.7978
113288 21964 0.7978
113288 782668 1.8482
782668 113288 1.8482
782668 101694 4.1494
101694 782668 4.1494
101694 1633119 3.0064
1633119 101694 3.0064
1633119 21965 1.301
21965 1633119 1.301
21965 1633146 0.9403
1633146 21965 0.9403
1633146 303196 0.2808
303196 1633146 0.2808
303196 1633124 1.197
1633124 303196 1.197
1633124 782740 0.4918
782740 1633124 0.4918
782740 825131 0.7117
825131 782740 0.7117
825131 782735 1.2719
782735 825131 1.2719
782735 782731 1.2906
782731 782735 1.2906
782731 782729 1.0159
782729 782731 1.0159
782729 525822 0.3186
525822 782729 0.3186
525822 21966 0.7844
21966 525822 0.7844
21966 782710 1.6679
782710 21966 1.6679
782710 782703 2.1463
782703 782710 2.1463
782703 765644 0.4349
765644 782703 0.4349
765644 782701 0.6246
782701 765644 0.6246
782701 21967 0.2747
21967 782701 0.2747
21967 21968 0.1782
21968 21967 0.1782
21968 782699 0.3402
782699 21968 0.3402
782699 782696 0.2585
782696 782699 0.2585
782696 782693 0.2117
782693 782696 0.2117
782693 1169843 2.0167
1169843 782693 2.0167
1169843 42856 6.9469
42856 1169843 6.9469
43004 2015629 2.4199
2015629 43004 2.4199
43004 1623678 1.3082
1623678 43004 1.3082
1623678 7855 0.6646
7855 1623678 0.6646
20076 47619 4.0164
20134 47617 2.5668
47617 20135 1.3308
20076 1737880 8.5788
1737880 20076 8.5788
1737880 522913 3.8448
522913 1737880 3.8448
522913 1964703 0.726
1964703 522913 0.726
1964703 1547469 2.1036
1547469 1964703 2.1036
1547469 1964702 3.8808
1964702 1547469 3.8808
1964702 1547522 2.6172
1547522 1964702 2.6172
1547522 636289 0.7164
636289 1547522 0.7164
636289 1547525 0.7524
1547525 636289 0.7524
1547525 1547516 3.108
1547516 1547525 3.108
1547516 20075 1.902
20075 1547516 1.902
20075 20074 2.0184
20074 20075 2.0184
20057 20137 0.5061
20137 832567 0.2289
832567 832568 0.2453
832568 20058 0.5673
20058 47620 0.5637
47620 832559 0.3204
832559 20136 0.7565
43585 874848 3.1968
874848 43585 3.1968
874848 874843 3.8364
874843 874848 3.8364
874843 874841 3.0708
874841 874843 3.0708
874841 1551678 1.6908
1551678 874841 1.6908
1551678 1551681 1.2924
1551681 1551678 1.2924
1551681 832612 7.7136
832612 1551681 7.7136
43602 1623392 1.044
1623392 43602 1.044
1623392 409526 2.4648
409526 1623392 2.4648
409526 43603 1.242
43603 409526 1.242
43615 43604 5.8716
43604 43615 5.8716
43604 1812628 1.6164
1812628 43604 1.6164
1812628 1623265 22.6116
1623265 1812628 22.6116
1623265 43605 14.634
43605 1623265 14.634
43605 43606 22.3668
43606 43605 22.3668
43606 43607 3.87
43607 43606 3.87
43607 43608 47.0232
43608 43607 47.0232
43608 43614 2.6064
43614 43608 2.6064
43614 43609 15.228
43609 43614 15.228
43609 43610 4.6872
43610 43609 4.6872
43610 43611 9.6228
43611 43610 9.6228
43611 1557017 4.6548
1557017 43611 4.6548
1557017 43612 31.4928
43612 1557017 31.4928
43612 43613 3.2328
43613 43612 3.2328
43625 888438 1.9131
888438 407288 1.223
407288 888441 4.3107
888441 43626 1.2363
43626 715408 1.4235
715408 43627 0.8167
43627 715407 0.791
715407 888443 0.8033
888443 43628 0.8198
43628 888442 0.7015
888442 43629 0.7519
43629 43630 1.0317
43634 43633 1.8298
43633 888440 0.4814
888440 43632 0.7221
43632 43631 0.8455
43631 43616 1.1746
43638 1001900 1.164
1001900 43638 1.164
1001900 1303753 1.3728
1303753 1001900 1.3728
43639 1832472 10.998
1832472 43639 10.998
1832472 1832468 6.7068
1832468 1832472 6.7068
1832468 299296 30.1716
299296 1832468 30.1716
299296 1623657 25.3548
1623657 299296 25.3548
1623657 298282 8.8956
298282 1623657 8.8956
298282 43640 3.3012
43640 298282 3.3012
43592 508292 2.4804
508292 43592 2.4804
508292 508298 2.5464
508298 508292 2.5464
508298 1964909 11.58
1964909 508298 11.58
1964909 240911 3.204
240911 1964909 3.204
240911 911222 0.9636
911222 240911 0.9636
911222 1964910 2.3376
1964910 911222 2.3376
1964910 44017 3.1128
44017 1964910 3.1128
44017 44018 4.6728
44018 44017 4.6728
44018 1964911 21.7728
1964911 44018 21.7728
1964911 911220 1.4628
911220 1964911 1.4628
911220 248728 0.8268
248728 911220 0.8268
248728 1964912 3.9588
1964912 248728 3.9588
1964912 1569092 1.5492
1569092 1964912 1.5492
1569092 44019 6.372
44019 1569092 6.372
44019 44020 4.0308
44020 44019 4.0308
44020 642031 0.864
642031 44020 0.864
642031 742558 0.9072
742558 642031 0.9072
742558 44021 2.196
44021 742558 2.196
44021 44022 5.1048
44022 44021 5.1048
44022 245840 6.2916
245840 44022 6.2916
245840 1964913 2.7
1964913 245840 2.7
1964913 1964914 6.8376
1964914 1964913 6.8376
1964914 911213 10.3152
911213 1964914 10.3152
911213 1573838 7.5612
1573838 911213 7.5612
1573838 911218 12.06
911218 1573838 12.06
911218 1763038 5.6268
1763038 911218 5.6268
1763038 1964915 1.6176
1964915 1763038 1.6176
1964915 1573824 3.8604
1573824 1964915 3.8604
1573824 1763036 1.1364
1763036 1573824 1.1364
1763036 1964916 1.5924
1964916 1763036 1.5924
1964916 1763029 13.5996
1763029 1964916 13.5996
1763029 1964918 3.9492
1964918 1763029 3.9492
79543 2858 0.9641
2858 79543 0.9641
2858 808957 1.1779
808957 2858 1.1779
808957 1823365 8.5284
1823365 808957 8.5284
1823365 1057369 0.4457
1057369 1823365 0.4457
1057369 1823379 1.9591
1823379 1057369 1.9591
1823379 1823382 5.9227
1823382 1823379 5.9227
1823382 1823389 8.5918
1823389 1823382 8.5918
1823389 1823409 5.7413
1823409 1823389 5.7413
1823409 1733938 7.074
1733938 1823409 7.074
79541 44026 1.1815
44026 79541 1.1815
44026 809000 0.8208
809000 44026 0.8208
809000 809002 9.4954
809002 809000 9.4954
809002 454099 1.0814
454099 809002 1.0814
454099 44027 8.347
44027 454099 8.347
44027 44028 7.069
44028 44027 7.069
44028 1569399 11.9239
1569399 44028 11.9239
1569399 1979633 6.9437
1979633 1569399 6.9437
1979633 1979632 0.7776
1979632 1979633 0.7776
1979632 689988 0.7135
689988 1979632 0.7135
44297 888487 0.5703
14038 288150 2.1621
288150 888487 2.3729
44301 44309 0.5091
44309 1776784 0.2541
1776784 888485 0.324
888485 888486 0.3919
888486 44310 0.3065
44310 1776786 0.4742
1776786 888483 0.3754
888483 1776785 3.0559
1776785 44311 1.4997
44316 888480 0.7719
888480 44317 0.2505
44317 888484 0.2721
888484 1439013 1.1592
1439013 44318 0.2494
44318 44319 0.4649
44319 888490 0.4567
888490 44320 0.6069
44323 1432358 1.0029
1432358 44323 1.0029
1432358 44312 0.3466
44312 1432358 0.3466
44312 44313 1.5593
44313 44312 1.5593
44313 888464 0.612
888464 44313 0.612
888464 888465 0.3909
888465 888464 0.3909
888465 44314 0.3034
44314 888465 0.3034
44314 44315 0.3492
44315 44314 0.3492
44315 888466 0.3425
888466 44315 0.3425
888466 888467 0.3945
888467 888466 0.3945
888467 77085 3.0605
77085 888467 3.0605
77085 44316 3.869
44316 77085 3.869
44323 888460 1.799
888460 44323 1.799
888460 888459 0.2407
888459 888460 0.2407
888459 1724918 0.2391
1724918 888459 0.2391
1724918 44302 0.2448
44302 1724918 0.2448
44302 1546684 0.6773
1546684 44302 0.6773
1546684 1547433 2.0145
1547433 1546684 2.0145
1547433 1965092 0.378
1965092 1547433 0.378
1965092 1116458 0.3055
1116458 1965092 0.3055
1116458 591628 0.5883
591628 1116458 0.5883
591628 1965093 1.2471
1965093 591628 1.2471
1965093 681822 1.6154
681822 1965093 1.6154
681822 44303 6.5952
44303 681822 6.5952
44303 420110 1.7959
420110 44303 1.7959
420110 1965090 0.3816
1965090 420110 0.3816
1965090 591629 1.6797
591629 1965090 1.6797
591629 44304 1.2991
44304 591629 1.2991
44304 1965091 0.9555
1965091 44304 0.9555
1965091 44305 0.7185
44305 1965091 0.7185
44305 44306 4.5262
44306 44305 4.5262
44306 1546689 1.6519
1546689 44306 1.6519
1546689 832577 2.0767
832577 1546689 2.0767
832577 43584 0.991
43584 832577 0.991
44321 44322 5.5862
44322 44321 5.5862
44327 846020 1.6339
846020 44326 0.325
44326 846022 0.2412
846022 44325 0.3255
44325 44324 0.288
44324 888479 0.3075
888479 44316 0.4639
888480 888489 2.556
888489 168757 10.3464
168757 1439012 0.666
1439012 832891 5.562
832891 1660447 18.8928
1660447 1439007 2.2896
1439007 86258 2.952
86258 1439008 3.6756
1439008 44328 7.362
20130 591634 1.8252
591634 44333 5.6628
44333 540991 1.9404
540991 1024878 0.7584
1024878 20131 1.446
20131 1024879 1.5
1024879 44336 2.9556
44336 591630 2.844
591630 20133 1.7004
44331 1454887 6.522
1454887 44330 4.2012
44330 47142 2.5992
47142 55150 3.768
55150 591636 1.8468
591636 20130 2.2356
20133 568053 1.8408
568053 44332 9.1164
44332 1454881 4.8684
1454881 1454893 2.7732
1454893 44331 2.6688
44331 1454894 5.916
1454894 44331 5.916
1454894 47147 3.8964
47147 1454894 3.8964
47147 47145 1.8192
47145 47147 1.8192
47145 47150 8.5848
47150 47145 8.5848
47150 47152 9.6696
47152 47150 9.6696
47152 1011384 4.3524
1011384 47152 4.3524
1011384 1623746 0.8808
1623746 1011384 0.8808
1623746 44377 3.2184
44377 1623746 3.2184
44377 44389 3.6336
44389 44377 3.6336
44389 426134 5.022
426134 44389 5.022
426134 1001631 0.8916
1001631 426134 0.8916
44333 1024881 1.2336
1024881 44334 0.6372
44334 1024880 0.714
1024880 44335 0.564
44335 1024882 0.936
1024882 44336 1.218
44365 2015655 2.5056
2015655 44365 2.5056
44367 2015657 20.2932
2015657 44367 20.2932
44376 2015659 8.7084
2015659 44376 8.7084
44376 1027872 28.0368
1027872 44376 28.0368
1027872 44377 3.9204
44377 1027872 3.9204
44447 832573 6.048
832573 44447 6.048
832573 1413954 7.4484
1413954 832573 7.4484
1413954 44448 4.932
44448 1413954 4.932
44448 44449 8.0388
44449 44448 8.0388
44449 50948 31.4172
50948 44449 31.4172
50948 1414008 9.9648
1414008 50948 9.9648
1414008 50950 19.1304
50950 1414008 19.1304
50950 50952 29.6352
50952 50950 29.6352
50952 50954 29.502
50954 50952 29.502
50954 1414043 29.232
1414043 50954 29.232
1414043 47153 3.8484
47153 1414043 3.8484
47153 1637829 12.528
1637829 47153 12.528
1637829 419948 15.0948
419948 1637829 15.0948
419948 44450 1.8072
44450 419948 1.8072
60472 1217701 9.954
1217701 60472 9.954
1217701 845944 3.078
845944 1217701 3.078
845944 44451 11.0736
44451 845944 11.0736
44451 568049 5.058
568049 44451 5.058
568049 44452 10.5876
44452 568049 10.5876
44452 44453 62.0208
44453 44452 62.0208
44453 44454 3.762
44454 44453 3.762
44454 568045 32.6088
568045 44454 32.6088
272694 272459 5.3424
272459 46788 9.1836
46788 46789 16.2036
46789 272373 10.4544
272373 272761 5.4072
272772 272442 5.0184
272442 46790 9.2448
46790 46791 17.1072
46791 272503 9.5004
272503 272773 6.2892
272765 272721 4.1523
272721 272456 2.376
272456 46797 1.4595
46797 272518 1.3834
272518 46798 1.1417
46798 272389 0.899
272389 46799 1.2158
46799 1578400 1.1448
1578400 272468 0.3415
272468 272545 3.8211
272545 272404 3.6915
272404 1587072 2.5601
46802 272378 2.8543
272378 272506 1.332
272506 28893 1.62
28893 272444 1.1705
272444 28894 1.1685
28894 28895 3.3963
28895 272565 1.8504
272565 28896 1.9687
28896 272493 1.1643
272493 28897 0.9525
28897 272750 4.2336
272513 28891 0.7082
28891 272513 0.7082
28891 272435 0.5143
272435 28891 0.5143
272435 28892 0.4752
28892 272435 0.4752
28892 272554 0.5925
272554 28892 0.5925
272554 272500 0.4017
272500 272554 0.4017
272500 46807 0.3919
46807 272500 0.3919
46804 46805 1.2065
46805 272467 0.8815
272467 272410 0.7673
272410 46806 1.0183
46806 272534 0.9843
272534 272453 0.9
272453 272368 0.8661
272368 272524 1.3618
272524 272679 6.2506
1587062 272521 0.3163
272521 272439 0.3826
272439 272460 0.2741
272460 43600 0.4485
46793 46808 2.7499
46808 46793 2.7499
46833 35068 19.008
35068 46833 19.008
46834 35069 17.4528
35069 46834 17.4528
35070 46835 21.6504
46835 35070 21.6504
35071 46836 22.5288
46836 35071 22.5288
46837 35073 19.1592
35073 46837 19.1592
46838 35072 16.8984
35072 46838 16.8984
272713 943337 4.8024
943337 943338 1.512
943338 46839 3.1428
46839 272775 46.8144
272775 28875 16.0056
28875 57723 3.942
57723 28875 3.942
47141 1027870 11.8548
1027870 47141 11.8548
1027870 47142 4.356
47142 1027870 4.356
47143 1027869 10.4076
1027869 47143 10.4076
1027869 55150 4.2876
55150 1027869 4.2876
47144 1419076 17.514
1419076 47144 17.514
1419076 1027868 4.6764
1027868 1419076 4.6764
1027868 47145 3.5856
47145 1027868 3.5856
47146 1623756 32.0004
1623756 47146 32.0004
1623756 1454893 1.5408
1454893 1623756 1.5408
47148 1623753 38.6532
1623753 47148 38.6532
1623753 47147 3.0024
47147 1623753 3.0024
47149 1623752 38.5236
1623752 47149 38.5236
1623752 47150 3.0384
47150 1623752 3.0384
47151 1623745 38.6388
1623745 47151 38.6388
1623745 47152 2.934
47152 1623745 2.934
47153 1414013 15.822
1414013 47153 15.822
1414013 47154 15.8292
47154 1414013 15.8292
47154 47155 33.2604
47155 47154 33.2604
47155 1637831 12.0996
1637831 47155 12.0996
1637831 47156 6.0156
47156 1637831 6.0156
47156 715422 7.9056
715422 47156 7.9056
715422 47157 2.8116
47157 715422 2.8116
44455 568046 6.84
568046 44455 6.84
568046 1413946 3.258
1413946 568046 3.258
1413946 1413947 5.4144
1413947 1413946 5.4144
1413947 47566 10.2492
47566 1413947 10.2492
47566 47567 11.5776
47567 47566 11.5776
47567 1637819 25.3368
1637819 47567 25.3368
1637819 1637827 12.96
1637827 1637819 12.96
1637827 1637820 23.3316
1637820 1637827 23.3316
1637820 1637821 29.8476
1637821 1637820 29.8476
1637821 1637822 29.8944
1637822 1637821 29.8944
1637822 47574 22.0212
47574 1637822 22.0212
47571 419946 1.6848
419946 47571 1.6848
419946 47575 19.6092
47575 419946 19.6092
47575 47572 10.2492
47572 47575 10.2492
47572 1414018 19.5948
1414018 47572 19.5948
1414018 47573 11.754
47573 1414018 11.754
47573 1637826 11.034
1637826 47573 11.034
1637826 47574 10.1772
47574 1637826 10.1772
47574 47578 12.042
47578 47574 12.042
47575 47576 30.2256
47576 47575 30.2256
47576 47579 33.552
47579 47576 33.552
47577 426133 2.1636
426133 47577 2.1636
426133 47579 16.4808
47579 426133 16.4808
47579 1883948 5.5692
1883948 47579 5.5692
1883948 47578 5.7168
47578 1883948 5.7168
47605 477049 7.5528
477049 47605 7.5528
477049 47606 62.748
47606 477049 62.748
47606 47607 10.854
47607 47606 10.854
47608 477061 8.0892
477061 47608 8.0892
477061 47609 58.5072
47609 477061 58.5072
47610 477093 6.012
477093 47610 6.012
477093 47616 16.488
47616 477093 16.488
47616 1674048 33.6924
1674048 47616 33.6924
1674048 47611 16.7508
47611 1674048 16.7508
47612 477083 5.6088
477083 47612 5.6088
477083 1730645 6.2208
1730645 477083 6.2208
1730645 1730648 6.8256
1730648 1730645 6.8256
1730648 47613 12.2364
47613 1730648 12.2364
47613 1730639 5.9544
1730639 47613 5.9544
1730639 47614 3.258
47614 1730639 3.258
47614 47615 5.2308
47615 47614 5.2308
47615 47616 61.2
47616 47615 61.2
47621 832562 0.9792
832562 47622 0.6576
47622 47623 1.1508
20135 834768 0.7992
834768 834765 0.4452
834765 834766 0.5268
834766 834767 0.4656
834767 47619 0.762
47627 591657 1.7208
591657 47627 1.7208
591657 47626 4.662
47626 591657 4.662
47654 405506 33.8184
405506 47654 33.8184
405506 47655 21.4368
47655 405506 21.4368
47655 47656 2.8488
47656 47655 2.8488
47656 47657 2.2944
47657 47656 2.2944
47657 47658 2.1528
47658 47657 2.1528
47658 47659 2.958
47659 47658 2.958
47659 47660 16.5912
47660 47659 16.5912
42809 42810 4.3826
42810 42809 4.3826
42810 789433 3.8923
789433 42810 3.8923
789433 228646 1.4119
228646 789433 1.4119
228646 789270 1.4767
789270 228646 1.4767
789270 228675 1.6099
228675 789270 1.6099
228675 789272 0.6775
789272 228675 0.6775
789272 48268 0.6854
48268 789272 0.6854
48268 42811 0.6185
42811 48268 0.6185
42811 789275 0.7214
789275 42811 0.7214
789275 228706 0.7042
228706 789275 0.7042
228706 48269 0.7013
48269 228706 0.7013
48269 789274 0.6818
789274 48269 0.6818
789274 228683 0.7776
228683 789274 0.7776
228683 627544 0.9742
627544 228683 0.9742
627544 228654 0.6646
228654 627544 0.6646
228654 228717 4.5194
228717 228654 4.5194
228717 789434 4.1659
789434 228717 4.1659
789434 42812 3.0578
42812 789434 3.0578
42812 228671 0.6127
228671 42812 0.6127
228671 789269 0.5746
789269 228671 0.5746
789269 789268 0.6106
789268 789269 0.6106
789268 228696 0.5645
228696 789268 0.5645
228696 789432 0.8006
789432 228696 0.8006
789432 42813 1.2254
42813 789432 1.2254
42813 789267 0.4558
789267 42813 0.4558
789267 228722 0.4493
228722 789267 0.4493
228722 789266 0.3917
789266 228722 0.3917
789266 42814 0.3866
42814 789266 0.3866
42814 789265 0.3384
789265 42814 0.3384
789265 228659 0.3614
228659 789265 0.3614
228659 789264 0.2419
789264 228659 0.2419
789264 228648 0.306
228648 789264 0.306
228648 789263 0.311
789263 228648 0.311
789263 42815 0.3067
42815 789263 0.3067
42815 952076 2.201
952076 42815 2.201
952076 42816 6.1798
42816 952076 6.1798
48271 1388030 3.1788
1388030 48271 3.1788
1388030 272401 12.9996
272401 1388030 12.9996
272401 48272 8.3808
48272 272401 8.3808
48272 1570444 12.6936
1570444 48272 12.6936
1570444 48273 5.6448
48273 1570444 5.6448
48273 272449 13.5252
272449 48273 13.5252
48986 448946 0.4454
448946 48986 0.4454
448946 1399260 0.6043
1399260 448946 0.6043
1399260 448947 0.3389
448947 1399260 0.3389
448947 513248 0.199
513248 448947 0.199
513248 448945 0.2098
448945 513248 0.2098
448945 448944 3.0081
448944 448945 3.0081
448944 513247 6.1699
513247 448944 6.1699
513247 28877 1.3063
28877 513247 1.3063
1001631 49290 1.1182
49290 1624467 1.1981
1624467 49288 1.2773
50081 443564 8.0004
443564 50081 8.0004
443564 50080 6.3828
50080 443564 6.3828
50080 50079 5.4696
50079 50080 5.4696
50079 1666512 2.988
1666512 50079 2.988
1666512 1721822 10.4472
1721822 1666512 10.4472
1721822 800475 0.3552
800475 1721822 0.3552
800475 50078 17.5704
50078 800475 17.5704
50078 165714 1.0764
165714 50078 1.0764
165714 1721821 0.7764
1721821 165714 0.7764
1721821 50077 14.4216
50077 1721821 14.4216
50933 591661 4.986
591661 50933 4.986
591661 50934 39.744
50934 591661 39.744
50935 970303 4.0356
970303 50935 4.0356
970303 50936 39.6576
50936 970303 39.6576
50941 845943 10.9332
845943 50941 10.9332
845943 60470 13.986
60470 845943 13.986
60470 50942 9.3708
50942 60470 9.3708
50942 540962 6.2568
540962 50942 6.2568
540962 540963 11.34
540963 540962 11.34
50944 591795 5.0184
591795 50944 5.0184
591795 540964 6.858
540964 591795 6.858
540964 50945 13.9248
50945 540964 13.9248
1024876 50945 6.1272
50945 1024876 6.1272
50945 50946 16.56
50946 50945 16.56
50946 50947 22.6188
50947 50946 22.6188
50948 1413964 27.1152
1413964 50948 27.1152
1413964 50949 12.312
50949 1413964 12.312
50950 60895 13.7772
60895 50950 13.7772
60895 50951 26.0964
50951 60895 26.0964
420116 420117 34.6968
420117 420116 34.6968
420117 50952 11.5956
50952 420117 11.5956
50952 50953 39.168
50953 50952 39.168
50954 50955 37.656
50955 50954 37.656
50956 832582 6.3468
832582 50956 6.3468
832582 1413953 28.1016
1413953 832582 28.1016
1413953 50949 15.5844
50949 1413953 15.5844
50957 1316962 2.6856
1316962 50957 2.6856
1316962 1316960 8.0856
1316960 1316962 8.0856
1316960 407292 2.8152
407292 1316960 2.8152
407292 50958 6.4296
50958 407292 6.4296
50958 50959 6.2748
50959 50958 6.2748
50959 50960 2.5704
50960 50959 2.5704
50960 50961 11.5416
50961 50960 11.5416
50961 1720850 15.336
1720850 50961 15.336
1720850 50962 32.0796
50962 1720850 32.0796
47621 1623384 0.9336
1623384 52327 1.488
20057 52327 1.2487
52327 20057 1.2487
50963 1623312 5.6016
1623312 50963 5.6016
1623312 50964 15.2244
50964 1623312 15.2244
50964 1316970 38.9448
1316970 50964 38.9448
1316970 50965 12.5028
50965 1316970 12.5028
50965 50966 4.7988
50966 50965 4.7988
50966 1316971 11.5092
1316971 50966 11.5092
1316971 50967 8.9712
50967 1316971 8.9712
50967 50968 10.7496
50968 50967 10.7496
50968 1316965 1.692
1316965 50968 1.692
1316965 1316972 4.7592
1316972 1316965 4.7592
