136710
1159 7106 10.4872
7037 680351 0.4233
680351 7037 0.4233
680351 1187 0.5914
1187 680351 0.5914
1187 761631 1.1273
761631 1187 1.1273
761631 761628 1.1145
761628 761631 1.1145
761628 1304372 0.8856
1304372 761628 0.8856
1304372 762599 2.7093
762599 1304372 2.7093
762599 762600 0.3024
762600 762599 0.3024
1350 14829 0.8938
2015187 197514 0.036
2862 2863 8.5208
14408 1624498 0.5916
1624498 246080 5.8332
6219 1095435 1.2101
1095435 1706566 4.3293
1706566 6220 2.7036
41806 6977 2.1884
6977 175302 1.26
6983 26116 0.7158
26116 26117 0.7776
26117 26118 0.7032
26118 26119 0.54
26119 26120 0.6312
26120 26121 0.5388
26121 26122 0.429
26122 6984 0.6852
6985 6986 0.693
6986 6987 0.9834
6987 6988 0.8292
6988 6989 0.9024
6989 6990 0.9048
6990 6991 1.3464
7654 23000 1.8576
23000 7020 1.5552
7020 200775 8.16
200775 22994 7.7022
22994 7019 2.8632
7019 833576 0.369
833576 7018 0.36
7018 7017 1.4598
7017 833575 0.3546
833575 7016 0.4638
1194 7034 0.5899
7034 1991035 0.3194
1991035 7035 0.3214
7035 249042 0.7354
249042 322071 0.6048
322071 7036 2.1646
7659 7055 0.8448
7055 1278070 0.21
1278070 1278071 0.2364
1278071 1278072 0.1998
1278072 742906 0.213
742906 834913 0.477
834913 1278077 0.4128
1278077 1278076 0.2052
1278076 7056 0.192
7056 1278075 0.2418
1278075 7057 0.1992
7057 1278074 0.2658
1278074 7058 0.2316
7058 1278078 0.1788
1278078 1278079 0.18
1278079 7059 6.1986
7059 7060 0.5976
7060 834919 0.7086
834919 7061 0.651
7061 1278080 1.758
1278080 7062 0.246
7062 834924 0.7212
834924 717316 0.5562
717316 7063 2.4336
7069 717317 1.3794
717317 834923 0.4248
834923 7068 0.3798
7068 7067 0.4716
7067 834925 0.4668
834925 7066 0.3858
7066 7065 0.3318
7065 7064 0.3936
7064 1278081 9.1236
1278081 742908 0.2502
742908 520665 0.2952
520665 1278083 0.0936
1278083 8050 0.1224
8050 1278082 0.0726
1278082 41739 0.6198
7070 7071 6.4212
7071 7072 5.4108
7072 7073 3.6942
7073 7074 7.0644
7074 1278073 0.1944
1278073 520639 0.5412
7070 6209 1.4386
6209 6210 1.247
6210 6211 3.3066
6211 6212 4.8787
2015241 7102 0.1598
7104 7105 7.4349
7106 7405 6.1247
2015243 720108 7.62
720108 52949 0.7776
7405 826091 14.3307
826091 41055 2.2999
1173 957 3.0555
14349 256184 1.722
256184 14349 1.722
256184 302724 1.6368
302724 256184 1.6368
14417 1733456 0.7848
1733456 1323035 0.5904
1323035 259294 0.5388
259294 53683 2.2224
960 798825 0.8456
798825 811682 1.0872
811682 7646 0.3769
7646 822542 0.3604
822542 1024887 0.2707
1024887 1024886 0.2621
1024886 7647 0.3683
7647 7649 0.644
7649 844472 0.2909
844472 7650 0.2412
7650 844471 0.1696
844471 7651 0.1508
7651 283991 0.1969
283991 7652 0.2509
7652 7648 0.5749
1371347 1934364 0.8702
1934364 1371347 0.8702
1934364 7810 1.1834
7810 1934364 1.1834
7810 183011 0.8043
183011 7810 0.8043
183011 1934363 0.3091
1934363 183011 0.3091
1934363 360475 0.7174
360475 1934363 0.7174
360475 1108889 1.0054
1108889 360475 1.0054
1108889 1106388 3.0276
1106388 1108889 3.0276
1106388 7811 0.2211
7811 1106388 0.2211
7811 360474 1.6498
360474 7811 1.6498
360474 1156087 0.6753
1156087 360474 0.6753
1156087 75811 1.5768
75811 1156087 1.5768
75811 360478 0.9267
360478 75811 0.9267
360478 1156095 1.7779
1156095 360478 1.7779
1156095 360471 1.2245
360471 1156095 1.2245
360471 133429 4.663
133429 360471 4.663
133429 721091 0.3739
721091 133429 0.3739
721091 76938 0.3173
76938 721091 0.3173
76938 1934362 1.1633
1934362 76938 1.1633
1934362 76971 1.639
76971 1934362 1.639
41588 185671 0.6721
185671 41588 0.6721
185671 359534 0.5616
359534 185671 0.5616
359534 1734093 0.6088
1734093 359534 0.6088
1734093 359541 0.6041
359541 1734093 0.6041
359541 182783 1.5127
182783 359541 1.5127
182783 41589 0.4788
41589 182783 0.4788
49789 421754 0.486
319012 1628804 0.7575
1628804 183113 0.324
183113 1628800 0.8347
1628800 1628803 1.3845
1628803 1628802 0.288
1628802 1628801 0.2304
1628801 661195 0.4011
4790 1277812 2.454
1277812 835541 0.4398
835541 8156 5.4582
8156 1277813 0.2916
1277813 8160 8.1264
14362 7660 0.7182
1997850 1997849 0.369
1997849 1109310 0.3366
1109310 1732782 0.2958
1732782 1148780 0.3492
1148780 1738633 0.177
1738633 1436335 0.2484
1436335 1436336 1.6866
1436336 1277797 0.294
1277797 1277795 0.3438
1277795 1325932 0.3756
1325932 1277796 0.2358
1277796 1148779 0.3672
1148779 8159 0.375
14358 225886 1.0249
225886 14358 1.0249
225886 1225339 0.266
1225339 225886 0.266
1225339 294631 2.6273
294631 1225339 2.6273
44582 1870466 5.2606
1870466 44582 5.2606
1870466 1870467 0.2577
1870467 1870466 0.2577
1870467 234765 2.4758
234765 1870467 2.4758
234765 12623 0.8938
12623 234765 0.8938
8279 997417 5.1012
997417 8279 5.1012
997417 8280 5.8896
8280 997417 5.8896
8280 8281 18.6156
8281 8280 18.6156
8281 8282 7.056
8282 8281 7.056
8282 8283 34.0668
8283 8282 34.0668
8283 973380 7.4448
973380 8283 7.4448
973380 973381 12.3912
973381 973380 12.3912
973381 973382 2.9088
973382 973381 2.9088
973382 8284 9.6012
8284 973382 9.6012
8284 973384 13.3416
973384 8284 13.3416
973384 8285 1.53
8285 973384 1.53
8285 263946 21.546
263946 8285 21.546
263946 14356 2.7252
14356 263946 2.7252
8285 1286477 24.8436
1286477 8285 24.8436
1286477 8279 34.7436
8279 1286477 34.7436
8281 199573 4.7916
199573 8281 4.7916
199573 8286 5.1732
8286 199573 5.1732
11332 11333 0.8254
11333 11332 0.8254
11333 11334 0.9967
11334 11333 0.9967
11334 11335 0.7812
11335 11334 0.7812
11335 11336 0.8918
11336 11335 0.8918
11336 11337 1.1638
11337 11336 1.1638
11337 1958671 2.3277
1958671 11337 2.3277
1958671 1424627 1.5197
1424627 1958671 1.5197
1424627 270000 0.8378
270000 1424627 0.8378
270000 709354 0.5421
709354 270000 0.5421
709354 1958670 0.4901
1958670 709354 0.4901
1958670 11338 2.971
11338 1958670 2.971
11338 269983 2.5524
269983 11338 2.5524
269983 808844 2.1168
808844 269983 2.1168
808844 11339 1.8453
11339 808844 1.8453
11339 2015259 0.1337
2015259 11339 0.1337
1958687 2015271 0.2614
2015271 1958687 0.2614
1958687 48521 2.1996
48521 1958687 2.1996
48521 9515 1.561
9515 48521 1.561
9515 9516 2.8508
9516 9515 2.8508
9516 1958684 1.0991
1958684 9516 1.0991
1958684 121513 0.544
121513 1958684 0.544
121513 48523 0.2304
48523 121513 0.2304
48523 1958685 1.0364
1958685 48523 1.0364
1958685 9517 0.8755
9517 1958685 0.8755
9517 9518 1.6081
9518 9517 1.6081
9518 9519 2.736
9519 9518 2.736
9519 9520 1.6376
9520 9519 1.6376
9520 48524 1.7366
48524 9520 1.7366
48524 1958682 1.0814
1958682 48524 1.0814
1958682 9521 0.0684
9521 1958682 0.0684
9521 9522 2.6701
9522 9521 2.6701
9522 1958683 0.1541
1958683 9522 0.1541
1958683 651351 0.7762
651351 1958683 0.7762
651351 295837 0.261
295837 651351 0.261
295837 48420 0.6401
48420 295837 0.6401
48420 662921 0.6538
662921 48420 0.6538
662921 205426 0.1872
205426 662921 0.1872
205426 9523 0.9882
9523 205426 0.9882
9523 1038122 0.9306
1038122 9523 0.9306
1038122 205418 0.0461
205418 1038122 0.0461
205418 9524 0.8377
9524 205418 0.8377
9524 1038120 0.9022
1038120 9524 0.9022
1038120 9525 0.8071
9525 1038120 0.8071
11315 1407136 2.0316
1407136 48413 0.3276
48413 269939 13.368
269939 270028 8.2344
270028 48414 9.24
48414 269954 13.3032
269954 597016 5.7828
597016 597018 2.0316
597018 595954 2.52
595954 697138 2.37
697138 12052 2.5128
12052 269998 3.7992
269998 653935 12.876
653935 269915 1.2444
269915 653938 5.0508
653938 597024 2.2512
597024 2015319 2.7348
8309 8310 1.0203
8310 8309 1.0203
16324 830712 0.8158
830712 16324 0.8158
830712 2012856 0.3874
2012856 830712 0.3874
2012856 12281 0.5069
12281 2012856 0.5069
12389 845670 1.7597
845670 1380379 0.3607
1380379 1711747 0.4399
1711747 1711748 0.3794
1711748 110141 0.3686
110141 1380378 0.5011
12380 225885 3.8964
225885 12380 3.8964
225885 224056 8.7216
224056 225885 8.7216
224056 114012 1.3776
114012 224056 1.3776
114012 759663 18.4764
759663 114012 18.4764
759663 360271 9.8616
360271 759663 9.8616
360271 12388 1.98
12388 360271 1.98
12402 1277948 0.6348
1277948 1277947 0.183
1277947 1277946 0.1518
1277946 1277945 0.1848
1277945 1277944 0.204
1277944 1277943 0.186
1277943 12414 0.2142
12414 1277936 0.1734
1277936 1277935 0.1824
1277935 12415 0.2214
12415 1277934 0.1992
1277934 1277933 0.15
1277933 12416 0.165
12416 1277932 0.1152
1277932 12417 0.105
12417 1277937 0.1878
1277937 1277938 0.1956
1277938 12418 0.1476
12418 1277939 0.1902
1277939 1277941 0.1338
1277941 1277942 0.1626
1277942 1277949 0.111
1277949 1277940 0.7872
1277940 6218 0.225
12419 1277930 1.0932
1277930 1277929 0.1518
1277929 12420 0.1902
12420 1277926 0.1572
1277926 12421 0.1062
12421 1277927 0.1542
1277927 1277928 0.2076
1277928 1277916 0.2724
1277916 12422 0.1896
12422 1277917 0.1902
1277917 1277918 0.2142
1277918 1277919 0.1824
1277919 1277920 0.195
1277920 1277921 0.1704
1277921 12423 0.177
12423 1277922 0.2262
1277922 1277923 0.1818
1277923 1277924 0.1482
1277924 1277931 0.1038
1277931 1277925 0.1242
1277925 12424 0.297
12424 12425 1.281
234368 835781 0.8793
835781 183266 11.4687
183266 234323 1.8306
234323 183267 1.9899
183267 128338 8.5824
128338 12428 3.4272
12431 1277808 0.5208
1277808 1277807 0.1476
1277807 746904 0.1026
746904 1277804 0.0984
1277804 746905 0.0792
746905 746906 0.1674
746906 1277805 0.1212
1277805 1277974 0.075
1277974 1277806 0.0516
1277806 110140 0.1164
110140 1277809 0.1146
1277809 14363 0.5268
12432 12433 1.1196
12433 1277980 0.2124
1277980 1277979 0.2208
1277979 12434 0.2988
12434 12435 0.2664
12435 1277978 0.255
1277978 1277977 0.2124
1277977 1277976 0.234
1277976 12436 0.2214
12436 12437 0.2004
12437 12438 0.2664
12438 746903 0.2352
746903 1277983 0.1656
1277983 1277981 0.1116
1277981 1277982 0.2634
1277982 611400 1.4214
12551 1702097 2.3717
1702097 12551 2.3717
1702097 1014991 2.2558
1014991 1702097 2.2558
1014991 1702116 2.4336
1702116 1014991 2.4336
1702116 302871 0.6854
302871 1702116 0.6854
302871 302881 0.5897
302881 302871 0.5897
302881 1223251 0.9835
1223251 302881 0.9835
1223251 798488 1.044
798488 1223251 1.044
798488 900510 2.8102
900510 798488 2.8102
900510 900511 0.4536
900511 900510 0.4536
900511 900512 0.5486
900512 900511 0.5486
900512 900507 0.3859
900507 900512 0.3859
900507 900508 0.3067
900508 900507 0.3067
900508 338020 0.6617
338020 900508 0.6617
338020 1573569 3.3242
1573569 338020 3.3242
1573569 269441 1.9937
269441 1573569 1.9937
269441 1702092 11.8483
1702092 269441 11.8483
1702092 1702090 0.4817
1702090 1702092 0.4817
1702090 47589 1.0678
47589 1702090 1.0678
12443 14409 1.111
14409 12443 1.111
12281 830703 0.8071
830703 1656483 0.2736
1656483 14016 0.2531
14016 14017 0.2642
302725 1547258 0.2603
1547258 12581 0.4374
12581 1108088 0.1091
1108088 566411 0.112
566411 14348 0.6574
806508 1560390 0.377
1560390 806508 0.377
1560390 12582 0.2391
12582 1560390 0.2391
12582 14412 0.7354
14412 12582 0.7354
12597 1624603 1.5186
1624603 12598 0.3444
12598 34882 0.1878
34882 971633 0.444
971633 971634 0.2736
971634 971635 0.4974
971635 12607 1.0296
9156 12610 3.3912
12610 1029717 0.7092
1029717 1029716 0.2218
1029716 12616 0.1872
12616 12617 0.3499
12617 12618 0.2426
12618 12619 0.3798
12625 12626 15.6096
12626 12625 15.6096
12626 1021055 2.7144
1021055 12626 2.7144
1021055 1249211 2.8224
1249211 1021055 2.8224
1249211 12627 3.8592
12627 1249211 3.8592
12627 359812 2.9196
359812 12627 2.9196
359812 12628 3.5208
12628 359812 3.5208
12628 1707369 2.1924
1707369 12628 2.1924
1707369 814327 3.4308
814327 1707369 3.4308
814327 12629 3.4668
12629 814327 3.4668
12629 814326 3.5244
814326 12629 3.5244
814326 367519 6.1524
367519 814326 6.1524
367519 12630 3.2184
12630 367519 3.2184
12638 12631 5.8392
12631 12638 5.8392
12631 12648 8.46
12648 12631 8.46
12648 1246296 2.7396
1246296 12648 2.7396
1246296 278289 23.6412
278289 1246296 23.6412
278289 12639 7.6752
12639 278289 7.6752
12639 67490 40.3452
67490 12639 40.3452
67490 278296 7.1748
278296 67490 7.1748
278296 196087 12.4056
196087 278296 12.4056
196087 278307 46.9584
278307 196087 46.9584
278307 12632 4.7376
12632 278307 4.7376
12632 278351 21.87
278351 12632 21.87
278351 278311 16.1352
278311 278351 16.1352
278311 1244564 8.8956
1244564 278311 8.8956
1244564 278301 11.3724
278301 1244564 11.3724
278301 12649 5.8392
12649 278301 5.8392
12649 278419 12.1824
278419 12649 12.1824
278419 278413 14.652
278413 278419 14.652
278413 278423 9.9432
278423 278413 9.9432
278423 971379 39.402
971379 278423 39.402
971379 971380 1.0872
971380 971379 1.0872
12639 12640 15.4764
12640 12639 15.4764
12640 12641 4.7664
12641 12640 4.7664
12641 278290 3.042
278290 12641 3.042
278290 196089 4.1076
196089 278290 4.1076
196089 12642 15.6672
12642 196089 15.6672
12642 1019999 13.1796
1019999 12642 13.1796
1019999 12643 5.3532
12643 1019999 5.3532
12643 12644 14.6052
12644 12643 14.6052
12644 1019995 12.5964
1019995 12644 12.5964
1019995 12645 2.2212
12645 1019995 2.2212
12645 12646 22.4568
12646 12645 22.4568
12646 12647 8.2116
12647 12646 8.2116
12647 12648 20.736
12648 12647 20.736
12649 1845250 1.1664
1845250 12649 1.1664
1845250 1845253 1.296
1845253 1845250 1.296
1845253 12650 13.5828
12650 1845253 13.5828
12650 265289 2.7324
265289 12650 2.7324
265289 12651 25.7616
12651 265289 25.7616
12651 12652 15.5484
12652 12651 15.5484
12652 12653 4.5972
12653 12652 4.5972
12653 12654 8.7372
12654 12653 8.7372
12654 12655 12.0672
12655 12654 12.0672
12655 12656 18.396
12656 12655 18.396
12656 12657 15.9372
12657 12656 15.9372
12657 12658 4.8168
12658 12657 4.8168
12658 12659 4.5
12659 12658 4.5
12659 12660 6.4476
12660 12659 6.4476
12660 1246288 2.916
1246288 12660 2.916
1246288 12661 20.61
12661 1246288 20.61
12661 278354 18.7524
278354 12661 18.7524
278354 1246302 33.642
1246302 278354 33.642
1246302 1280372 18.3312
1280372 1246302 18.3312
1280372 1019941 1.3932
1019941 1280372 1.3932
1019941 360311 8.1252
360311 1019941 8.1252
360311 1734591 3.1788
1734591 360311 3.1788
1837349 377713 2.7954
377713 1837349 2.7954
377713 481568 1.1736
481568 377713 1.1736
481568 452566 5.351
452566 481568 5.351
33595 1458866 0.7366
1458866 33595 0.7366
1458866 135073 24.0566
135073 1458866 24.0566
772611 789853 1.0846
789853 2006009 2.917
2006009 797256 0.1486
797256 772688 3.2457
772688 1765468 1.1078
1765468 12676 1.2626
12676 772609 3.2395
772609 1997841 1.3587
14365 293761 0.8105
293761 110144 1.8962
12689 656283 0.2166
656283 1278063 0.126
1278063 656284 0.1608
656284 1278064 0.141
1278064 1278065 0.1638
1278065 1278066 0.1632
1278066 12690 0.375
45200 12686 0.9456
12686 851871 0.4824
851871 520640 0.8502
520640 12687 0.2856
13996 263964 2.5188
263964 13996 2.5188
263964 210247 2.4312
210247 263964 2.4312
210247 1004026 1.6044
1004026 210247 1.6044
1004026 1983404 2.5236
1983404 1004026 2.5236
1983404 1001566 2.3484
1001566 1983404 2.3484
1001566 1983403 3.1476
1983403 1001566 3.1476
1983403 263980 2.2044
263980 1983403 2.2044
263980 1303827 9.2064
1303827 263980 9.2064
1303827 1004029 9.768
1004029 1303827 9.768
1004029 12620 2.532
12620 1004029 2.532
12620 261610 8.0604
261610 12620 8.0604
261610 1025035 3.6504
1025035 261610 3.6504
1025035 263988 10.0956
263988 1025035 10.0956
263988 1025031 5.6196
1025031 263988 5.6196
1025031 1268492 2.304
1268492 1025031 2.304
1268492 1710134 1.4784
1710134 1268492 1.4784
1710134 265345 3.0996
265345 1710134 3.0996
265345 1747392 0.5964
1747392 265345 0.5964
1747392 224660 10.3044
224660 1747392 10.3044
224660 1382360 0.3228
1382360 224660 0.3228
1382360 12621 4.1556
12621 1382360 4.1556
12621 1235347 2.256
1235347 12621 2.256
1235347 1070037 1.8048
1070037 1235347 1.8048
1070037 1235348 3.2352
1235348 1070037 3.2352
1235348 231785 7.278
231785 1235348 7.278
231785 1745392 3.3576
1745392 231785 3.3576
1745392 1235350 1.7892
1235350 1745392 1.7892
1235350 1356251 0.2628
1356251 1235350 0.2628
1356251 1184049 1.6116
1184049 1356251 1.6116
1184049 1235349 2.2716
1235349 1184049 2.2716
1235349 1231537 7.1232
1231537 1235349 7.1232
1231537 1983406 1.8996
1983406 1231537 1.8996
1983406 232119 7.1724
232119 1983406 7.1724
232119 819882 1.7796
819882 232119 1.7796
819882 263990 3.876
263990 819882 3.876
263990 806843 5.2908
806843 263990 5.2908
806843 1276987 1.5048
1276987 806843 1.5048
1276987 528379 0.6324
528379 1276987 0.6324
528379 14353 1.704
14353 528379 1.704
8274 1070030 2.2932
1070030 8274 2.2932
1070030 13998 5.94
13998 1070030 5.94
13998 1280375 8.1288
1280375 13998 8.1288
1280375 13999 0.6156
13999 1280375 0.6156
13999 1070028 1.3932
1070028 13999 1.3932
1070028 14000 7.4952
14000 1070028 7.4952
14000 265348 6.3972
265348 14000 6.3972
265348 12621 9.3708
12621 265348 9.3708
12564 14001 2.2982
14001 12564 2.2982
14001 14002 0.4032
14002 14001 0.4032
14002 14003 0.3445
14003 14002 0.3445
14003 531997 0.3244
531997 14003 0.3244
531997 531998 0.2862
531998 531997 0.2862
14037 2009746 0.3467
2009746 1624124 0.1562
1624124 14012 0.1483
14012 14013 0.1879
14013 532005 0.1814
532005 14014 0.1948
14014 532006 0.221
532006 14015 0.1901
14015 1624125 0.1645
1624125 14009 0.1739
14025 1624410 0.3247
1624410 535682 0.283
535682 1560303 0.9958
1560303 1560304 0.1015
1560304 1724340 0.0781
1724340 1560305 0.0742
1560305 14005 0.1202
14042 14043 11.1546
14041 14030 11.1578
1957060 819138 6.666
819138 210310 1.074
210310 262739 1.3452
14044 806510 0.9672
806510 14044 0.9672
806510 1032363 1.1232
1032363 806510 1.1232
1032363 1021225 2.0916
1021225 1032363 2.0916
1021225 784363 0.2652
784363 1021225 0.2652
784363 805275 4.8792
805275 784363 4.8792
805275 617168 6.7356
617168 805275 6.7356
617168 1336554 3.7692
1336554 617168 3.7692
1336554 1787960 0.4104
1787960 1336554 0.4104
14035 300882 1.7904
300882 14035 1.7904
14047 1237074 0.3624
1237074 1237073 0.3924
1237073 1237072 0.5052
1237072 14048 0.606
14048 1237071 0.6792
1237071 1237069 0.4944
1237069 1237070 0.4596
1237070 14049 0.7956
14050 1341727 0.558
1341727 14050 0.558
1341727 280080 2.4192
280080 1341727 2.4192
280080 14047 0.6192
14047 280080 0.6192
14052 1283338 0.9204
1283338 14052 0.9204
1283338 817186 0.3636
817186 1283338 0.3636
817186 1021266 5.2488
1021266 817186 5.2488
1021266 208923 6.6396
208923 1021266 6.6396
208923 280079 1.8348
280079 208923 1.8348
14053 14413 1.1367
14413 14053 1.1367
14413 1341682 0.4743
1341682 14413 0.4743
1341682 1799509 3.1176
1799509 1341682 3.1176
1799509 1341693 0.981
1341693 1799509 0.981
1341693 1341697 1.0143
1341697 1341693 1.0143
1341697 1724045 1.3041
1724045 1341697 1.3041
1724045 1341699 1.0305
1341699 1724045 1.0305
1341699 469640 4.9995
469640 1341699 4.9995
469640 1191743 0.5535
1191743 469640 0.5535
1191743 469647 2.7972
469647 1191743 2.7972
469647 14054 0.4275
14054 469647 0.4275
14054 1802229 0.1656
1802229 14054 0.1656
1802229 1714461 2.304
1714461 1802229 2.304
1714461 237901 0.486
237901 1714461 0.486
237901 14055 0.288
14055 237901 0.288
14055 1710042 0.2394
1710042 14055 0.2394
1710042 1714679 1.0449
1714679 1710042 1.0449
1714679 276071 0.9504
276071 1714679 0.9504
276071 1286384 0.5175
1286384 276071 0.5175
1286384 469675 2.5317
469675 1286384 2.5317
469675 469677 1.5381
469677 469675 1.5381
469677 238245 2.5344
238245 469677 2.5344
238245 276077 0.4599
276077 238245 0.4599
276077 14056 0.4896
14056 276077 0.4896
14056 1710039 1.3257
1710039 14056 1.3257
1710039 469691 5.04
469691 1710039 5.04
469691 276081 7.2054
276081 469691 7.2054
276081 1564926 0.6552
1564926 276081 0.6552
1564926 1612909 9.7416
1612909 1564926 9.7416
1612909 280595 0.9657
280595 1612909 0.9657
280595 14057 0.81
14057 280595 0.81
973383 973387 0.8964
973387 973383 0.8964
973387 231765 17.6652
231765 973387 17.6652
231765 278298 13.4568
278298 231765 13.4568
278298 278323 60.1524
278323 278298 60.1524
278323 14058 7.9776
14058 278323 7.9776
14058 1189745 9.6732
1189745 14058 9.6732
1189745 973391 4.338
973391 1189745 4.338
973391 973390 3.0312
973390 973391 3.0312
12403 1764135 2.3832
1764135 6219 1.0674
820284 631237 1.0122
631237 1706584 0.294
1706563 1951980 2.3826
1951980 1350400 2.1372
1350400 725929 8.4762
725929 1282665 0.1074
1282665 1350401 0.1794
1350401 725930 0.3324
725930 1350407 0.1194
14075 14080 3.1692
14080 833805 2.5524
14060 1692022 2.0196
1692022 14060 2.0196
1692022 1677746 2.0885
1677746 1692022 2.0885
1677746 1350627 0.143
1350627 1677746 0.143
1350627 631004 3.0795
631004 1350627 3.0795
631004 631101 1.6853
631101 631004 1.6853
631101 1952180 1.0692
1952180 631101 1.0692
1952180 631008 0.6094
631008 1952180 0.6094
631008 1350579 0.9694
1350579 631008 0.9694
1350579 1952181 0.5853
1952181 1350579 0.5853
1952181 631010 0.3837
631010 1952181 0.3837
631010 359748 0.2535
359748 631010 0.2535
359748 631017 2.717
631017 359748 2.717
631017 630991 2.9762
630991 631017 2.9762
630991 725940 0.1455
725940 630991 0.1455
725940 725939 1.6303
725939 725940 1.6303
725939 631027 0.3811
631027 725939 0.3811
631027 1952178 1.2847
1952178 631027 1.2847
1952178 725938 1.2039
725938 1952178 1.2039
725938 1471640 0.2844
1471640 725938 0.2844
1471640 1952179 0.973
1952179 1471640 0.973
1952179 630998 0.8913
630998 1952179 0.8913
630998 725937 0.3939
725937 630998 0.3939
725937 725936 0.323
725936 725937 0.323
725936 1350409 2.1785
1350409 725936 2.1785
1350409 72018 2.483
72018 1350409 2.483
72018 1753649 2.3163
1753649 72018 2.3163
1753649 72017 1.242
72017 1753649 1.242
72017 450268 6.9886
450268 72017 6.9886
450268 1691952 0.6151
1691952 450268 0.6151
1691952 14084 0.1167
14084 1691952 0.1167
14085 267888 2.1492
267888 1282664 1.3404
1282664 631059 1.0224
631059 267875 3.2076
6496 1211897 0.633
1211897 6496 0.633
1211897 798598 2.3856
798598 1211897 2.3856
798598 8726 1.8198
8726 798598 1.8198
8726 1011031 3.8856
1011031 8726 3.8856
12404 129311 4.965
129311 185458 2.3682
185458 464448 1.614
464448 15153 0.366
14095 631140 2.8368
631140 14095 2.8368
631140 72019 9.6084
72019 631140 9.6084
72019 748826 4.5984
748826 72019 4.5984
748826 752440 1.6428
752440 748826 1.6428
752440 1753684 1.392
1753684 752440 1.392
1753684 1753665 9.2436
1753665 1753684 9.2436
1753665 589725 7.1112
589725 1753665 7.1112
589725 14091 2.2572
14091 589725 2.2572
6509 1733741 0.4659
1733741 6509 0.4659
1733741 6510 0.4438
6510 1733741 0.4438
6510 6511 0.6372
6511 6510 0.6372
6511 6512 0.9252
6512 6511 0.9252
6512 874092 2.2968
874092 6512 2.2968
874092 874093 0.5565
874093 874092 0.5565
874093 1733733 0.4994
1733733 874093 0.4994
1733733 6513 1.512
6513 1733733 1.512
6513 1952161 0.541
1952161 6513 0.541
1952161 672221 0.5287
672221 1952161 0.5287
672221 594414 0.6588
594414 672221 0.6588
594414 1952160 0.6573
1952160 594414 0.6573
1952160 874005 1.2225
874005 1952160 1.2225
874005 1263786 5.2869
1263786 874005 5.2869
1263786 1694081 1.0913
1694081 1263786 1.0913
1694081 676238 1.6041
676238 1694081 1.6041
676238 1733746 3.6494
1733746 676238 3.6494
1733746 1023972 3.545
1023972 1733746 3.545
1023972 1952159 0.36
1952159 1023972 0.36
1952159 858469 1.4894
858469 1952159 1.4894
14092 858446 1.3914
14099 1753775 0.1461
1753775 14099 0.1461
1753775 858454 0.2031
858454 1753775 0.2031
858454 858447 1.4693
858447 858454 1.4693
858447 1109336 1.1175
1109336 858447 1.1175
1109336 1952156 1.7136
1952156 1109336 1.7136
1952156 1365721 1.0882
1365721 1952156 1.0882
1365721 1724146 0.5235
1724146 1365721 0.5235
1724146 265501 0.7164
265501 1724146 0.7164
265501 1952155 0.7997
1952155 265501 0.7997
1952155 265498 2.2325
265498 1952155 2.2325
265498 1109329 0.162
1109329 265498 0.162
1109329 839770 8.8123
839770 1109329 8.8123
839770 122936 10.5351
122936 839770 10.5351
122936 631036 0.8213
631036 122936 0.8213
631036 1952153 1.1767
1952153 631036 1.1767
1952153 1430211 1.4235
1430211 1952153 1.4235
1430211 1688441 1.3593
1688441 1430211 1.3593
1688441 1952154 0.8681
1952154 1688441 0.8681
1952154 631021 4.9433
631021 1952154 4.9433
631021 631018 0.81
631018 631021 0.81
631018 1769110 0.5153
1769110 631018 0.5153
1769110 631011 3.2246
631011 1769110 3.2246
631011 429271 1.8982
429271 631011 1.8982
429271 1350631 2.1837
1350631 429271 2.1837
1350631 631003 2.7339
631003 1350631 2.7339
631003 267889 0.3399
267889 631003 0.3399
267889 267895 1.17
267895 267889 1.17
858455 1365706 0.1646
1365706 858455 0.1646
1365706 1022359 0.936
1022359 1365706 0.936
1022359 1365733 0.3672
1365733 1022359 0.3672
1365733 1365707 0.7791
1365707 1365733 0.7791
1365707 122956 3.2256
122956 1365707 3.2256
122956 858457 0.2906
858457 122956 0.2906
858457 14099 0.2026
14099 858457 0.2026
15560 1015871 0.8287
1015871 809744 0.4136
809744 209951 1.6258
209951 834807 0.2372
834807 302872 1.2352
302872 1021177 0.8431
1021177 210197 2.2903
210197 1323031 3.8797
1323031 261365 0.2999
261365 302878 1.4267
302878 1018979 1.6967
1018979 14417 0.1487
7574 7575 5.604
7575 1701587 0.7176
1701587 7576 0.7476
7576 658304 0.6156
658304 7577 0.7116
7577 1731204 0.9144
1731204 259295 3.2088
259295 1018975 2.34
1018975 302900 0.8004
302900 260209 1.7184
260209 259260 1.8024
259260 259254 6.8664
259254 259261 4.776
259261 1702881 5.7684
1702881 259252 3.2688
259252 259272 6.8832
259272 302870 7.8996
302870 259292 0.57
259292 53680 3.4008
8306 14358 0.5854
1019894 1711746 1.0123
1711746 1026135 0.3586
1026135 1711770 0.4759
1711770 971386 3.0406
12682 1015343 0.7601
1015343 814381 0.2433
814381 814378 0.109
814378 14361 0.7915
12682 1015344 0.6835
1015344 814377 0.3255
814377 12688 0.7822
12685 1559542 3.3552
1559542 12685 3.3552
1559542 1559545 3.8355
1559545 1559542 3.8355
1559545 703289 7.5883
703289 1559545 7.5883
703289 369722 0.7997
369722 703289 0.7997
369722 14366 3.4133
14366 369722 3.4133
14366 1763279 9.5626
1763279 14366 9.5626
1763279 401126 7.0318
401126 1763279 7.0318
401126 1559898 0.4665
1559898 401126 0.4665
1559898 14367 2.7705
14367 1559898 2.7705
14367 1559894 3.8474
1559894 14367 3.8474
1376309 1432384 1.0563
7586 1459042 0.2578
1459042 1459044 0.2837
1459044 814314 0.252
814314 1459043 0.293
1459043 814315 0.2966
814315 899066 0.2628
899066 1459045 0.2455
1459045 14373 0.6156
14374 336316 3.2376
336316 14374 3.2376
336316 1987199 5.19
1987199 336316 5.19
1987199 433745 13.8504
433745 1987199 13.8504
433745 1516192 10.6056
1516192 433745 10.6056
1516192 456987 16.758
456987 1516192 16.758
6213 701203 0.9828
701203 456990 0.8514
456990 14387 0.6732
14387 201918 13.1571
201918 14388 5.4657
12428 537720 1.5204
537720 12428 1.5204
537720 700817 1.7712
700817 537720 1.7712
700817 701148 5.0136
701148 700817 5.0136
701148 1997837 1.416
1997837 701148 1.416
1997837 130231 4.7976
130231 1997837 4.7976
130231 700816 3.4608
700816 130231 3.4608
700816 233457 6.6768
233457 700816 6.6768
233457 1420077 6.7632
1420077 233457 6.7632
1420077 14404 9.0156
14404 1420077 9.0156
14404 14405 2.5428
14405 14404 2.5428
14405 14406 2.6796
14406 14405 2.6796
14406 1997836 1.6476
1997836 14406 1.6476
1997836 537389 1.3128
537389 1997836 1.3128
537389 1420083 4.836
1420083 537389 4.836
1420083 490849 3.3564
490849 1420083 3.3564
490849 490854 6.4188
490854 490849 6.4188
490854 537394 4.9344
537394 490854 4.9344
537394 261242 9.264
261242 537394 9.264
261242 34831 2.8296
34831 261242 2.8296
14395 457802 0.6609
457802 14395 0.6609
457802 700847 1.9687
700847 457802 1.9687
700847 130267 3.0384
130267 700847 3.0384
130267 700837 3.7769
700837 130267 3.7769
700837 267299 1.5459
267299 700837 1.5459
267299 1489295 1.6359
1489295 267299 1.6359
1489295 1952088 0.7699
1952088 1489295 0.7699
1952088 1952089 0.9669
1952089 1952088 0.9669
1952089 14396 1.0476
14396 1952089 1.0476
1733941 12578 4.541
12578 1733941 4.541
12566 12556 1.4688
12556 111667 1.1542
111667 1009252 0.4997
1009252 12579 0.4838
12566 1021037 1.026
1021037 12566 1.026
1021037 1499836 0.2732
1499836 1021037 0.2732
1499836 1021040 2.3191
1021040 1499836 2.3191
1021040 1961913 2.0664
1961913 1021040 2.0664
1961913 819055 0.6278
819055 1961913 0.6278
819055 1021043 0.5746
1021043 819055 0.5746
12572 12573 0.9734
12573 283970 1.8511
283970 12574 0.6916
12564 424767 2.1582
424767 12564 2.1582
14009 14010 0.3564
14005 532002 0.5839
532002 14006 0.1296
14006 532003 0.1616
532003 14007 0.1292
14007 14008 0.1152
14008 1846106 0.1282
1846106 14026 0.6052
834908 14835 0.3984
14835 14836 5.3724
14836 14837 0.435
14837 14838 0.6822
14838 14839 0.4578
14839 814236 0.7404
814236 14390 1.6632
14391 14840 2.9058
14840 834915 0.5904
834915 14841 0.7392
14841 14842 0.7878
14842 834920 0.7956
834920 14843 0.7368
14843 14844 1.0758
14844 14845 0.7626
14845 834916 0.6636
834916 14846 0.669
14846 14847 1.1016
14847 834914 0.744
834914 14848 0.6318
14848 14849 0.7548
14849 834918 0.4398
834918 14850 0.4278
14850 520651 0.4968
520651 834917 0.6
834917 14851 1.7808
14852 1278090 0.822
1278090 1278089 0.0984
1278089 14853 0.1884
14853 1278088 0.4116
1278088 1278087 0.1884
1278087 1278086 0.1476
1278086 834893 0.1752
834893 1278085 0.1674
1278085 14854 0.1374
14854 1278084 0.2076
1278084 14855 0.543
14855 14856 4.3896
14856 14857 0.4842
14857 834894 0.3192
834894 14858 0.4152
14858 14859 0.4578
14859 834882 0.3888
834882 6212 2.6502
14394 31180 4.8805
12590 15460 0.342
15460 12590 0.342
16323 817002 0.6213
817002 16323 0.6213
817002 1390904 0.3965
1390904 817002 0.3965
1390904 185817 3.8947
185817 1390904 3.8947
185817 180141 1.6365
180141 185817 1.6365
180141 178288 1.7311
178288 180141 1.7311
178288 186205 4.5962
186205 178288 4.5962
186205 170685 1.9363
170685 186205 1.9363
170685 103033 0.3379
103033 170685 0.3379
103033 186206 1.8201
186206 103033 1.8201
186206 458148 4.193
458148 186206 4.193
458148 1274142 2.7159
1274142 458148 2.7159
1274142 183183 1.4112
183183 1274142 1.4112
183183 183147 0.6346
183147 183183 0.6346
183147 915298 2.5694
915298 183147 2.5694
915298 180126 1.369
180126 915298 1.369
180126 16322 3.2205
16322 180126 3.2205
16322 1276970 0.8856
1276970 16322 0.8856
1276970 1276971 1.0399
1276971 1276970 1.0399
1276971 1276969 0.6485
1276969 1276971 0.6485
1276969 477848 2.2382
477848 1276969 2.2382
477848 1274141 0.9705
1274141 477848 0.9705
1274141 477849 1.6406
477849 1274141 1.6406
477849 1624496 0.7606
1624496 477849 0.7606
1624496 6221 0.1569
6221 1624496 0.1569
15158 1277913 0.291
1277913 1277912 0.8976
1277912 159366 0.2358
159366 159352 1.8084
159352 1277893 3.9612
1277893 732632 0.207
732632 14088 1.8474
18325 1541015 0.325
1541015 18325 0.325
1541015 18326 0.4793
18326 1541015 0.4793
18326 660685 2.0998
660685 18326 2.0998
660685 660688 2.4675
660688 660685 2.4675
660688 660690 3.4205
660690 660688 3.4205
660690 18327 0.9345
18327 660690 0.9345
18327 41806 0.5451
41806 18327 0.5451
19912 1542753 3.0936
1542753 19912 3.0936
1542753 575009 2.736
575009 1542753 2.736
575009 1969652 2.748
1969652 575009 2.748
1969652 577458 4.5384
577458 1969652 4.5384
577458 465006 0.8376
465006 577458 0.8376
19913 831529 0.5324
831529 19913 0.5324
832910 1410409 1.6068
1410409 832910 1.6068
1410409 20122 1.7952
20122 1410409 1.7952
20122 1150516 2.1684
1150516 20122 2.1684
1150516 20121 2.7132
20121 1150516 2.7132
20121 591716 9.9924
591716 20121 9.9924
591716 1961313 0.9756
1961313 591716 0.9756
1961313 1961312 2.6412
1961312 1961313 2.6412
1961312 1567171 8.1636
1567171 1961312 8.1636
1567171 50932 2.5752
50932 1567171 2.5752
50932 1410410 5.6892
1410410 50932 5.6892
1410410 50939 3.7416
50939 1410410 3.7416
50939 50937 9.7884
50937 50939 9.7884
7107 20321 3.5182
7105 7033 0.1476
22989 45176 2.2212
45176 22989 2.2212
45176 1994275 0.48
1994275 45176 0.48
1994275 1246986 0.1404
1246986 1994275 0.1404
1246986 1249201 5.6304
1249201 1246986 5.6304
1249201 200765 7.6464
200765 1249201 7.6464
200765 972465 5.5068
972465 200765 5.5068
22990 1994825 1.4256
1994825 212867 1.2792
212867 1994823 2.0796
1994823 740132 12.12
740132 45802 3.7836
22994 712554 0.672
712554 22994 0.672
712554 1108084 0.4908
1108084 712554 0.4908
1108084 1624141 1.0824
1624141 1108084 1.0824
1624141 264163 1.752
264163 1624141 1.752
200789 200767 8.8596
200767 200789 8.8596
200767 200791 16.8228
200791 200767 16.8228
200791 200773 9.5364
200773 200791 9.5364
200773 253261 13.3236
253261 200773 13.3236
253261 22999 12.474
22999 253261 12.474
23000 1269240 0.906
1269240 555684 0.4932
555684 1269239 0.738
1269239 200789 9.2928
200789 22999 3.528
22999 1396370 9.4296
1396370 23001 5.2392
23001 23002 0.8736
42137 858230 19.3176
858230 42137 19.3176
858230 42132 5.6448
42132 858230 5.6448
42132 42133 16.6392
42133 42132 16.6392
42133 42134 22.5432
42134 42133 22.5432
42134 42135 20.8296
42135 42134 20.8296
42135 42136 23.1984
42136 42135 23.1984
42136 265161 10.9296
265161 42136 10.9296
265161 25053 13.2192
25053 265161 13.2192
25053 25054 11.8872
25054 25053 11.8872
25054 25055 7.4232
25055 25054 7.4232
25055 25056 7.6248
25056 25055 7.6248
25056 25057 7.668
25057 25056 7.668
25057 25058 7.5024
25058 25057 7.5024
25058 25059 10.6488
25059 25058 10.6488
25059 25060 11.9952
25060 25059 11.9952
25060 25061 9.7488
25061 25060 9.7488
25061 25062 12.4632
25062 25061 12.4632
25062 25063 5.9184
25063 25062 5.9184
25063 25064 4.6512
25064 25063 4.6512
25064 25065 14.0904
25065 25064 14.0904
25065 25066 15.3576
25066 25065 15.3576
25066 25067 16.3296
25067 25066 16.3296
25067 372949 2.0952
372949 25067 2.0952
372949 25068 9.6408
25068 372949 9.6408
25068 25069 10.8864
25069 25068 10.8864
25069 25070 14.8464
25070 25069 14.8464
25070 25071 9.8064
25071 25070 9.8064
25071 25072 9.684
25072 25071 9.684
25072 25073 5.796
25073 25072 5.796
25073 25074 67.5288
25074 25073 67.5288
264123 264104 0.2977
264104 264123 0.2977
264104 1121395 3.9391
1121395 264104 3.9391
1121395 28217 0.3478
28217 1121395 0.3478
28217 28218 2.4876
28218 28217 2.4876
28218 28219 3.0478
28219 28218 3.0478
28219 1983493 0.2722
1983493 28219 0.2722
1983493 28220 2.4232
28220 1983493 2.4232
28220 28221 2.5258
28221 28220 2.5258
28221 441126 2.7968
441126 28221 2.7968
441126 441114 0.5051
441114 441126 0.5051
441114 28222 0.859
28222 441114 0.859
28222 1781805 2.2396
1781805 28222 2.2396
1781805 28223 2.0189
28223 1781805 2.0189
28223 28224 1.9753
28224 28223 1.9753
28224 1983494 0.9475
1983494 28224 0.9475
1983494 441112 0.3838
441112 1983494 0.3838
441112 28225 1.2409
28225 441112 1.2409
28225 732487 2.4829
732487 28225 2.4829
732487 28226 4.4597
28226 732487 4.4597
28226 231387 2.7432
231387 28226 2.7432
231387 236677 3.8383
236677 231387 3.8383
14389 28355 4.0758
28355 1624140 0.3612
1624140 553926 0.3804
553926 28354 0.8892
28354 712547 13.209
712547 1734111 1.0866
1734111 41050 1.1274
1896285 1895854 8.5147
31171 31170 4.1346
31170 31169 2.4252
31169 1776749 0.5712
1776749 31168 0.471
31168 1776750 0.4662
1776750 31167 0.549
31167 31166 4.7742
31158 31172 3.3996
31172 31173 4.755
31173 1776751 0.5856
1776751 1334002 0.4512
1334002 31174 0.399
31174 1776752 0.462
1776752 31175 0.3738
31175 41791 0.4494
41791 31176 2.2254
31176 727084 0.5394
727084 31177 0.3906
31177 833799 0.468
833799 111399 0.5076
111399 31178 0.6096
31178 833798 0.4866
833798 833797 0.393
833797 31179 0.4206
31163 31164 7.4844
31164 580941 3.0294
31181 1356158 4.8204
1356158 31181 4.8204
1356158 130248 6.228
130248 1356158 6.228
130248 31182 8.2584
31182 130248 8.2584
31192 31181 24.1344
31181 31192 24.1344
31181 31185 8.1072
31185 31181 8.1072
45802 740130 3.0456
740130 45802 3.0456
45175 31195 10.4832
31195 45175 10.4832
49188 33565 1.5852
33565 1001380 0.4608
1001380 33564 0.5004
33564 1174 0.678
33566 1020411 3.7968
1020411 281126 9.0168
281126 49188 1.5144
33568 33572 0.9648
33572 33573 9.3648
33573 755562 1.0416
755562 33574 1.5012
33593 33594 0.6696
33594 33593 0.6696
33594 1559278 2.1413
1559278 33594 2.1413
1559278 1458889 7.6874
1458889 1559278 7.6874
1458889 1458891 1.9771
1458891 1458889 1.9771
1458891 1979824 0.5249
1979824 1458891 0.5249
1979824 1979823 1.4861
1979823 1979824 1.4861
1979823 1458867 1.5286
1458867 1979823 1.5286
1458867 1458896 1.7201
1458896 1458867 1.7201
1458896 1458870 7.6406
1458870 1458896 7.6406
1458870 33595 2.9045
33595 1458870 2.9045
33595 1458894 1.9627
1458894 33595 1.9627
1458894 1458900 5.8046
1458900 1458894 5.8046
1458900 1979822 8.3232
1979822 1458900 8.3232
1979822 1181444 3.2645
1181444 1979822 3.2645
1181444 149467 1.3673
149467 1181444 1.3673
33596 1106510 1.3308
1106510 1282902 0.5352
1282902 1106509 0.5424
1106509 33597 0.4968
33597 1106511 0.4008
1106511 1106512 0.5988
1106512 1282911 0.6948
1282911 1106508 0.894
33598 1282915 0.6372
1282915 1282914 0.8988
1282914 33599 0.6768
33599 1282913 0.5952
1282913 33600 0.6132
33600 1282912 0.6912
1282912 33601 0.6204
33598 1106508 1.0668
1106508 33598 1.0668
1151132 1781782 0.8212
1781782 19999 0.846
19999 905331 0.4262
14090 1336849 0.4346
1336849 1263702 0.4917
1263702 183219 0.4546
183219 1417548 1.4354
1417548 631248 0.2474
631248 34230 0.2422
34230 34231 0.7802
34229 34231 2.4768
12603 80225 3.84
80225 12603 3.84
80225 163333 3.2688
163333 80225 3.2688
163333 224475 2.8224
224475 163333 2.8224
224475 264394 3.4128
264394 224475 3.4128
264394 264340 10.1964
264340 264394 10.1964
264340 109339 4.236
109339 264340 4.236
109339 34232 1.0056
34232 109339 1.0056
41054 1431341 1.0104
1431341 41054 1.0104
1431341 712551 0.3048
712551 1431341 0.3048
712551 685791 5.82
685791 712551 5.82
685791 743584 7.1808
743584 685791 7.1808
743584 685790 3.1704
685790 743584 3.1704
685790 34368 4.6596
34368 685790 4.6596
1951676 1846161 4.4846
1846161 1747270 13.428
1747270 51694 2.8913
51694 1747277 2.4943
1747277 1747276 2.9757
1747276 1747275 2.4634
1747275 1747274 2.6136
1747274 1747255 1.1942
1747255 1747273 1.5141
1747273 1747272 1.9759
1747272 1747254 2.3379
1747254 1747271 2.1003
1747271 441078 3.2081
227313 1029819 0.3702
1029819 1108023 0.2682
1108023 34881 0.2724
34881 1108024 0.225
1108024 1108022 0.1956
1108022 1108025 0.2292
1108025 1624602 0.3036
1624602 12599 0.3264
12601 227313 2.3436
227313 12601 2.3436
12607 971636 0.7548
971636 12608 0.5688
12608 283971 2.7702
283971 12609 1.7076
170531 2009010 2.2656
2009010 34513 1.3368
34516 34518 2.2414
34518 102759 0.9378
102759 80207 0.7711
34524 2008988 1.1484
2008988 34525 1.7088
16324 1656482 0.3244
1656482 830704 0.2084
830704 14017 0.2448
12389 1026138 1.5984
1026138 34581 0.3319
34581 1026137 0.3888
1026137 34583 0.3845
34583 34582 1.0721
34584 1305998 1.7076
1305998 2008987 0.4044
2008987 1305997 0.9042
1305997 34585 1.6878
34589 746880 2.4732
746880 34589 2.4732
746880 34590 1.2888
34590 746880 1.2888
34590 34591 3.5316
34591 34590 3.5316
34655 414940 3.0773
12601 1700646 0.5519
1700646 1624600 0.8464
1624600 12599 0.185
1951610 125188 1.2717
125188 1951610 1.2717
125188 1502167 8.0235
1502167 125188 8.0235
1502167 125215 9.3654
125215 1502167 9.3654
125215 280102 4.6629
280102 125215 4.6629
280102 125211 3.3075
125211 280102 3.3075
125211 1951611 0.4887
1951611 125211 0.4887
1951611 1819127 1.7532
1819127 1951611 1.7532
1819127 1951612 1.9971
1951612 1819127 1.9971
1951612 34753 8.3727
34753 1951612 8.3727
34753 1822935 2.6595
1822935 34753 2.6595
1822935 34754 2.3886
34754 1822935 2.3886
34754 280101 2.745
280101 34754 2.745
280101 34755 1.7181
34755 280101 1.7181
34755 280103 3.7773
280103 34755 3.7773
280103 34756 0.9252
34756 280103 0.9252
34756 548128 4.2885
548128 34756 4.2885
548128 34757 0.2007
34757 548128 0.2007
34757 1951615 2.7675
1951615 34757 2.7675
1951615 1204254 1.431
1204254 1951615 1.431
1204254 1951616 1.476
1951616 1204254 1.476
1951616 280099 8.9829
280099 1951616 8.9829
280099 34749 1.6209
34749 280099 1.6209
34749 125260 4.8636
125260 34749 4.8636
125260 280100 4.7322
280100 125260 4.7322
280100 125266 1.0197
125266 280100 1.0197
125266 34750 0.8163
34750 125266 0.8163
34750 551108 3.1761
551108 34750 3.1761
551108 377544 6.2172
377544 551108 6.2172
377544 1951618 0.8154
1951618 377544 0.8154
168601 236847 87.7752
236847 168601 87.7752
34807 1553445 4.5504
1553445 34807 4.5504
1553445 809386 2.9988
809386 1553445 2.9988
809386 34808 29.5092
34808 809386 29.5092
34808 34809 19.9692
34809 34808 19.9692
34809 182964 7.6716
182964 34809 7.6716
182964 172047 4.5684
172047 182964 4.5684
1387851 809639 0.4543
809639 34812 0.176
34812 1734588 0.1638
1734588 34813 1.6805
34813 1225357 0.3715
1225357 1101359 0.1577
1101359 34814 0.5911
7827 1732945 0.4872
1732945 431678 0.2406
431678 431684 0.279
431684 34815 0.2028
34815 633698 0.3468
633698 571401 0.564
34822 520650 1.9578
520650 34823 0.747
34823 1001556 0.654
1001556 1001555 0.8286
1001555 34824 1.4268
