183477
288 1149456 0.4698
1149456 962401 1.389
962401 1139254 3.0504
1139254 843331 1.2396
843331 363361 0.6996
363361 945 4.7994
945 843304 3.7758
843304 962164 7.1508
962164 983174 0.4974
983174 843290 7.8516
843290 946 0.4482
985 1083277 0.4485
1083277 985 0.4485
1083277 843287 4.8821
843287 1083277 4.8821
843287 946 0.6285
946 843287 0.6285
1387660 373647 1.0857
373647 1387660 1.0857
373647 368975 1.079
368975 373647 1.079
368975 1387663 0.5878
1387663 368975 0.5878
5339 69492 0.5285
69492 438015 0.2956
438015 24602 1.1207
2005772 220744 0.2812
220744 2005772 0.2812
220744 464718 0.531
464718 220744 0.531
464718 1009323 0.1498
1009323 464718 0.1498
1009323 96566 0.4522
96566 1009323 0.4522
96566 526620 0.5306
526620 96566 0.5306
526620 220791 0.4446
220791 526620 0.4446
220791 220759 1.269
220759 220791 1.269
220759 1461 0.9612
1461 220759 0.9612
1461 96567 1.067
96567 1461 1.067
96567 220752 1.0213
220752 96567 1.0213
220752 1462 0.909
1462 220752 0.909
1462 154174 1.1128
154174 1462 1.1128
154174 10901 1.1063
10901 154174 1.1063
1460 220771 0.7369
220771 1460 0.7369
220771 256015 2.2277
256015 220771 2.2277
256015 723892 0.2736
723892 256015 0.2736
723892 955007 0.346
955007 723892 0.346
955007 723891 0.1606
723891 955007 0.1606
1469 215770 1.6512
215770 1469 1.6512
215770 964753 3.0888
964753 215770 3.0888
964753 1241559 5.1396
1241559 964753 5.1396
1241559 8250 5.742
8250 1241559 5.742
8250 215771 0.8196
215771 8250 0.8196
215771 119578 2.1912
119578 215771 2.1912
119578 1241554 6.1776
1241554 119578 6.1776
1241554 1179636 4.308
1179636 1241554 4.308
1179636 1241552 0.4512
1241552 1179636 0.4512
1241552 1241550 5.7336
1241550 1241552 5.7336
1241550 618395 0.4752
618395 1241550 0.4752
618395 1470 2.2272
1470 618395 2.2272
1470 618389 0.864
618389 1470 0.864
618389 1241557 0.9924
1241557 618389 0.9924
1241557 16393 5.868
16393 1241557 5.868
16393 215815 1.4352
215815 16393 1.4352
215815 1241781 0.9
1241781 215815 0.9
1241781 215773 5.538
215773 1241781 5.538
215773 606338 17.1792
606338 215773 17.1792
606338 1241796 0.3612
1241796 606338 0.3612
1241796 1471 3.0852
1471 1241796 3.0852
1471 1241794 12.7848
1241794 1471 12.7848
1241794 1041 1.3092
1041 1241794 1.3092
51027 363360 6.8904
363360 363363 3.6276
363363 363370 5.898
363370 363365 3.144
363365 363377 7.152
363377 363367 1.752
363367 1149476 0.36
1149476 363372 6.4332
363372 363376 1.8048
363376 363391 7.5132
363391 962364 1.7772
962364 448015 5.34
448015 1534 1.1904
1794 1539924 0.63
1539924 1794 0.63
1539924 1959671 1.9908
1959671 1539924 1.9908
1959671 301439 0.955
301439 1959671 0.955
96592 1601 1.1868
1601 96592 1.1868
1601 1943463 0.3876
1943463 1601 0.3876
1943463 96601 1.6296
96601 1943463 1.6296
96601 1445985 1.0944
1445985 96601 1.0944
1445985 250360 0.6192
250360 1445985 0.6192
250360 1545 0.372
1545 250360 0.372
1545 87725 0.8676
87725 1545 0.8676
1598 600149 0.6233
600149 1598 0.6233
600149 198753 1.9245
198753 600149 1.9245
198753 198757 0.4479
198757 198753 0.4479
198757 198759 0.5184
198759 198757 0.5184
198759 1602 2.0726
1602 198759 2.0726
1603 1598 3.2498
1598 1603 3.2498
1603 198755 0.464
198755 1603 0.464
198755 1087592 1.1171
1087592 198755 1.1171
657570 447040 3.2947
447040 150516 3.6349
150516 36677 1.0757
195050 161152 3.2976
161152 195050 3.2976
161152 1959670 1.2682
1959670 161152 1.2682
1959670 161150 0.8254
161150 1959670 0.8254
161150 296266 1.4297
296266 161150 1.4297
296266 723807 0.5169
723807 296266 0.5169
1795 723861 0.6398
723861 1795 0.6398
5970 175081 0.5292
175081 5970 0.5292
175081 175091 1.9939
175091 175081 1.9939
175091 1959652 1.6761
1959652 175091 1.6761
1959652 1632429 1.4451
1632429 1959652 1.4451
1632429 838465 1.6776
838465 1632429 1.6776
838465 1959651 0.1954
1959651 838465 0.1954
1959651 220818 1.3449
220818 1959651 1.3449
220818 1787053 2.5678
1787053 220818 2.5678
1787053 247710 0.5683
247710 1787053 0.5683
247710 523585 3.9369
523585 247710 3.9369
523585 1787058 3.1305
1787058 523585 3.1305
1787058 205117 0.5986
205117 1787058 0.5986
205117 5968 0.541
5968 205117 0.541
24188 708614 3.4805
708614 202866 15.8288
643574 1910 2.5337
1910 6801 1.7456
6801 643498 1.062
643498 648723 1.7125
648723 708444 1.1905
708444 648724 0.4774
648724 708447 0.4464
708447 708448 0.2246
708448 167192 0.5076
167192 6802 0.3402
6802 708449 0.2545
708449 202867 0.2394
202867 243243 2.588
1464 526611 0.3269
526611 1464 0.3269
526611 1787090 0.2977
1787090 526611 0.2977
1787090 1896455 0.4212
1896455 1787090 0.4212
1896455 1956133 4.5601
1956133 1896455 4.5601
1956133 17383 0.3355
17383 1956133 0.3355
1896 993983 4.784
993983 1916 4.3895
1905 1912 4.7532
1913 1014180 1.206
1014180 1014179 0.1746
1014179 1014178 0.13
1014178 1014176 0.0907
1014176 1014177 0.1354
1014177 1014175 0.1069
1014175 961661 0.2156
961661 1914 0.5436
1917 993984 4.3794
993984 1905 4.7682
1978 95872 0.6691
95872 1978 0.6691
1978 45547 0.4773
45547 1978 0.4773
45547 250372 0.1378
250372 45547 0.1378
250372 97063 0.2669
97063 250372 0.2669
2094 524902 1.481
524902 94501 1.4083
818271 274907 1.9512
274907 818271 1.9512
274907 249757 2.904
249757 274907 2.904
249757 249768 3.7128
249768 249757 3.7128
249768 1956268 4.0344
1956268 249768 4.0344
1956268 1956269 2.3832
1956269 1956268 2.3832
1956269 115730 3.2832
115730 1956269 3.2832
115730 1931343 0.8688
1931343 115730 0.8688
1931343 467622 6.2904
467622 1931343 6.2904
467622 115490 7.1904
115490 467622 7.1904
115490 1227257 1.668
1227257 115490 1.668
1227257 2098 1.6056
2098 1227257 1.6056
2098 96556 5.7312
96556 2098 5.7312
96556 96557 3.9684
96557 96556 3.9684
96557 1956270 0.3156
1956270 96557 0.3156
1956270 463921 2.1228
463921 1956270 2.1228
2123 250375 2.5452
250375 2123 2.5452
250375 45548 1.2564
45548 250375 1.2564
45548 1745884 3.114
1745884 45548 3.114
1471 1539913 4.7268
1539913 1471 4.7268
1539913 1179622 6.7068
1179622 1539913 6.7068
1179622 1179624 6.606
1179624 1179622 6.606
1179624 296271 2.4876
296271 1179624 2.4876
296271 1179623 2.448
1179623 296271 2.448
1179623 2125 2.736
2125 1179623 2.736
2125 1943826 18.7632
1943826 2125 18.7632
1943826 1943833 17.2368
1943833 1943826 17.2368
1943833 1943836 24.2064
1943836 1943833 24.2064
1943836 1539928 9.4356
1539928 1943836 9.4356
1539928 2124 2.2572
2124 1539928 2.2572
25624 1149414 0.7565
1149414 25624 0.7565
1149414 1244076 1.2595
1244076 1149414 1.2595
1244076 1244071 3.0096
1244071 1244076 3.0096
1244071 36080 1.7367
36080 1244071 1.7367
36080 49916 5.1243
49916 36080 5.1243
49916 447953 0.5817
447953 49916 0.5817
447953 1245606 3.3341
1245606 447953 3.3341
1245606 36079 3.6231
36079 1245606 3.6231
36079 38233 0.5035
38233 36079 0.5035
38233 1245603 0.8337
1245603 38233 0.8337
1245603 38232 0.3086
38232 1245603 0.3086
38232 38231 0.8049
38231 38232 0.8049
38231 700774 3.3099
700774 38231 3.3099
700774 700775 1.6087
700775 700774 1.6087
700775 989059 0.666
989059 700775 0.666
989059 133077 0.882
133077 989059 0.882
133077 38230 2.0721
38230 133077 2.0721
38230 415156 0.828
415156 38230 0.828
415156 38229 0.8126
38229 415156 0.8126
38229 962371 1.0939
962371 38229 1.0939
2467 2015177 4.8806
2467 811804 0.3615
811804 811814 4.3354
811814 2468 0.5055
2468 811819 0.4891
811819 453417 10.8982
453417 2729 0.6305
2729 947271 0.6552
947271 1144580 2.3971
1144580 1144576 1.0641
1144576 72977 2.2011
72977 962376 0.3734
962376 141799 0.359
2185 1141106 1.0728
1141106 2185 1.0728
1141106 1449750 0.7128
1449750 1141106 0.7128
1449750 1141107 0.2803
1141107 1449750 0.2803
1141107 468550 1.8206
468550 1141107 1.8206
468550 157940 1.2338
157940 468550 1.2338
157940 562551 3.4303
562551 157940 3.4303
562551 562554 1.7594
562554 562551 1.7594
562554 2184 1.6812
2184 562554 1.6812
2184 608328 0.7689
608328 2184 0.7689
608328 562560 0.7807
562560 608328 0.7807
562560 608329 0.739
608329 562560 0.739
608329 2183 0.6994
2183 608329 0.6994
2183 608330 1.2101
608330 2183 1.2101
608330 709881 2.9844
709881 608330 2.9844
709881 2182 1.1325
2182 709881 1.1325
2182 478529 1.5279
478529 2182 1.5279
478529 608331 0.8218
608331 478529 0.8218
608331 2181 0.7704
2181 608331 0.7704
2181 608332 1.1227
608332 2181 1.1227
608332 709880 0.6285
709880 608332 0.6285
709880 478530 0.5374
478530 709880 0.5374
478530 926543 1.512
926543 478530 1.512
926543 2180 2.233
2180 926543 2.233
2180 478531 4.7011
478531 2180 4.7011
478531 709879 2.3379
709879 478531 2.3379
709879 1485355 2.9109
1485355 709879 2.9109
1485355 1696984 0.738
1696984 1485355 0.738
1696984 520235 1.044
520235 1696984 1.044
520235 478532 0.414
478532 520235 0.414
478532 1696985 0.3158
1696985 478532 0.3158
1696985 588548 0.8136
588548 1696985 0.8136
946 166813 2.8533
166813 946 2.8533
2465 1149422 0.6606
1149422 2465 0.6606
1149422 962417 4.6053
962417 1149422 4.6053
962417 448001 1.2141
448001 962417 1.2141
448001 447978 1.7127
447978 448001 1.7127
447978 1225444 1.0071
1225444 447978 1.0071
1225444 1139240 5.3964
1139240 1225444 5.3964
1139240 1139235 4.6395
1139235 1139240 4.6395
1139235 1244100 2.7306
1244100 1139235 2.7306
1244100 447951 0.855
447951 1244100 0.855
447951 49915 6.777
49915 447951 6.777
2466 1149420 0.5256
1149420 2466 0.5256
1149420 444930 2.0832
444930 1149420 2.0832
444930 444928 1.998
444928 444930 1.998
444928 1944677 0.342
1944677 444928 0.342
1944677 1944676 0.2766
1944676 1944677 0.2766
1944676 51022 0.21
51022 1944676 0.21
51022 1244233 1.2966
1244233 51022 1.2966
1244233 447955 0.7698
447955 1244233 0.7698
447955 448018 0.9234
448018 447955 0.9234
448018 2465 2.934
2465 448018 2.934
2465 1214972 0.5316
1214972 2465 0.5316
1214972 448024 2.064
448024 1214972 2.064
448024 962110 1.2744
962110 448024 1.2744
962110 2464 0.558
2464 962110 0.558
1534 453401 0.8568
453401 1534 0.8568
453401 2467 1.369
2467 453401 1.369
2126 453408 0.6938
453408 2126 0.6938
2469 962163 0.7074
962163 2469 0.7074
962163 1301488 0.1368
1301488 962163 0.1368
1301488 538381 0.8172
538381 1301488 0.8172
538381 1274035 2.982
1274035 538381 2.982
1274035 1954628 1.872
1954628 1274035 1.872
1954628 48872 1.1016
48872 1954628 1.1016
48872 962105 0.8028
962105 48872 0.8028
962105 51024 0.4062
51024 962105 0.4062
51024 1954627 0.5922
1954627 51024 0.5922
1954627 962232 7.8276
962232 1954627 7.8276
962232 1149447 1.2492
1149447 962232 1.2492
1149447 956 0.7896
956 1149447 0.7896
811818 1144583 0.9442
1144583 811818 0.9442
1144583 593797 1.5413
593797 1144583 1.5413
593797 443258 4.3257
443258 593797 4.3257
443258 2015181 1.2749
2015181 443258 1.2749
72976 843394 0.1831
843394 855976 3.8263
855976 843389 2.2603
843389 292 0.7581
292 453413 0.5061
453413 811811 10.9625
811811 2126 0.5163
2126 811808 0.4145
811808 811802 4.2778
811802 1534 0.4279
1534 2015185 3.0996
292 843390 0.5868
843390 292 0.5868
843390 2729 1.691
2729 843390 1.691
2729 947270 0.6079
947270 2729 0.6079
947270 373643 4.8862
373643 947270 4.8862
373643 1285850 1.1139
1285850 373643 1.1139
1285850 543630 0.6125
543630 1285850 0.6125
543630 2517 0.0818
2517 543630 0.0818
2731 1083280 0.6861
1083280 2731 0.6861
1083280 1083287 2.7437
1083287 1083280 2.7437
1083287 373638 0.1317
373638 1083287 0.1317
373638 196969 0.7843
196969 373638 0.7843
196969 596738 2.3328
596738 196969 2.3328
596738 1910103 2.6249
1910103 596738 2.6249
1910103 1244885 0.1584
1244885 1910103 0.1584
1244885 196968 0.9036
196968 1244885 0.9036
196968 596736 2.7041
596736 196968 2.7041
596736 982089 0.99
982089 596736 0.99
982089 982088 0.2386
982088 982089 0.2386
982088 2732 0.5045
2732 982088 0.5045
2731 363488 1.4873
363488 2731 1.4873
363488 588085 1.763
588085 363488 1.763
588085 373639 0.0962
373639 588085 0.0962
373639 1244913 0.198
1244913 373639 0.198
1244913 843280 2.6146
843280 1244913 2.6146
843280 985 0.4685
985 843280 0.4685
627471 627064 3.802
627064 1919 1.904
1919 627063 1.2672
627063 101988 1.3946
101988 627062 2.65
627062 566487 2.6017
566487 566484 1.7338
566484 1598188 0.6638
1598188 1185693 0.0806
2015207 4491 10.2701
2015215 4798 0.072
2015217 694101 0.0746
694101 783664 0.2566
783664 73762 0.1594
73762 4804 0.2746
2015219 980012 4.1143
980012 2015219 4.1143
980012 979642 1.441
979642 980012 1.441
979642 186215 1.3891
186215 979642 1.3891
186215 40347 0.6871
40347 186215 0.6871
1464 62260 0.9744
62260 1464 0.9744
62260 5352 6.3
5352 62260 6.3
1612 1789412 0.5184
1789412 1612 0.5184
1789412 230685 2.0038
230685 1789412 2.0038
230685 1984 0.4622
1984 230685 0.4622
5333 1675790 1.3872
1675790 5333 1.3872
1675790 1891411 0.768
1891411 1675790 0.768
1891411 1251151 4.7904
1251151 1891411 4.7904
1251151 1251147 6.5856
1251147 1251151 6.5856
1251147 5334 40.0536
5334 1251147 40.0536
5334 125047 8.79
125047 5334 8.79
125047 1742155 1.3656
1742155 125047 1.3656
1742155 5335 1.3632
5335 1742155 1.3632
5335 125048 2.328
125048 5335 2.328
125048 5336 1.86
5336 125048 1.86
5336 282178 2.5332
282178 5336 2.5332
282178 125049 0.6264
125049 282178 0.6264
125049 1310227 5.412
1310227 125049 5.412
1310227 5337 0.6552
5337 1310227 0.6552
1457 68200 3.9582
5339 95865 1.0347
41041 1635811 2.2824
1635811 41041 2.2824
1635811 1635812 0.3348
1635812 1635811 0.3348
1635812 5340 0.4083
5340 1635812 0.4083
5340 1957814 4.8914
1957814 5340 4.8914
1957814 169976 0.6727
169976 1957814 0.6727
169976 1786788 0.2587
1786788 169976 0.2587
1786788 1635820 0.3225
1635820 1786788 0.3225
1635820 218286 0.2278
218286 1635820 0.2278
218286 1786787 0.4994
1786787 218286 0.4994
1786787 1957815 1.8756
1957815 1786787 1.8756
1957815 653625 1.0908
653625 1957815 1.0908
653625 5341 2.3745
5341 653625 2.3745
5341 1957816 1.0661
1957816 5341 1.0661
69943 175082 1.2708
175082 69943 1.2708
175082 363504 5.9892
363504 175082 5.9892
363504 69944 5.1792
69944 363504 5.1792
69944 363505 2.022
363505 69944 2.022
363505 1201876 4.698
1201876 363505 4.698
1201876 1203264 0.6936
1203264 1201876 0.6936
1203264 1203263 2.8128
1203263 1203264 2.8128
1203263 653623 7.7508
653623 1203263 7.7508
653623 5354 1.1388
5354 653623 1.1388
5355 150843 0.5878
150843 5355 0.5878
1047 65579 1.3908
65579 1047 1.3908
61144 1475744 1.7316
1475744 61144 1.7316
1475744 1475743 0.8697
1475743 1475744 0.8697
1475743 1060392 4.7001
1060392 1475743 4.7001
1060392 98207 1.7043
98207 1060392 1.7043
98207 1475740 2.5164
1475740 98207 2.5164
1475740 1011250 1.9353
1011250 1475740 1.9353
1011250 1011317 2.2953
1011317 1011250 2.2953
1011317 1475767 0.3045
1475767 1011317 0.3045
1475767 1011316 0.3276
1011316 1475767 0.3276
1011316 1011249 0.2762
1011249 1011316 0.2762
1011249 98204 0.8578
98204 1011249 0.8578
98204 1475712 0.4793
1475712 98204 0.4793
1475712 1474371 0.0437
1474371 1475712 0.0437
1474371 1475689 1.062
1475689 1474371 1.062
1475689 1009675 0.3111
1009675 1475689 0.3111
1009675 663486 0.1486
663486 1009675 0.1486
663486 1475686 1.3654
1475686 663486 1.3654
1475686 1475718 2.0237
1475718 1475686 2.0237
1475718 1011242 0.7915
1011242 1475718 0.7915
7946 700122 0.1939
700122 700116 0.6238
700116 5451 0.7442
5484 435709 0.6341
435709 5484 0.6341
666045 54082 0.8802
54082 54079 2.2212
54079 1638332 9.7614
1638332 1638331 2.0421
1638331 1638330 1.4625
1638330 1638329 1.2213
1638329 1638328 1.4157
1638328 1638371 2.6649
225463 1298821 1.7772
1298821 1298820 1.3986
1298820 225462 2.5854
225462 225466 2.0418
225466 225459 1.8618
225459 225467 1.6032
225467 225465 5.25
225465 1837592 1.5348
1837592 5582 1.5234
5582 1837595 1.2522
1837595 5583 2.2836
5583 225464 0.915
225464 1837596 0.8262
4493 1042033 8.3592
1042033 4493 8.3592
1466010 210717 1.2399
210717 1466010 1.2399
210717 212054 0.6943
212054 210717 0.6943
212054 1007654 0.3214
1007654 212054 0.3214
1007654 1043516 0.9314
1043516 1007654 0.9314
1043516 240600 0.9031
240600 1043516 0.9031
240600 1043517 0.702
1043517 240600 0.702
1043517 215222 0.6902
215222 1043517 0.6902
215222 114575 0.8969
114575 215222 0.8969
114575 1956084 0.3477
1956084 114575 0.3477
1956084 969937 1.6822
969937 1956084 1.6822
969937 210715 0.3739
210715 969937 0.3739
210715 969930 2.465
969930 210715 2.465
969930 969928 0.6063
969928 969930 0.6063
969928 1998602 0.2129
1998602 969928 0.2129
1998602 194760 0.4891
194760 1998602 0.4891
194760 212067 0.6758
212067 194760 0.6758
212067 1998603 0.5415
1998603 212067 0.5415
1998603 212064 0.2479
212064 1998603 0.2479
212064 215401 3.726
215401 212064 3.726
215401 177518 4.5633
177518 215401 4.5633
177518 5677 1.3706
5677 177518 1.3706
1625 447044 0.3305
447044 447043 0.229
447043 447042 0.4464
69935 204680 3.348
204680 69935 3.348
204680 458304 1.7784
458304 204680 1.7784
458304 384631 26.9856
384631 458304 26.9856
5740 70242 1.5984
70242 165973 1.9538
363420 2015227 6.876
363420 363378 11.4876
363378 962170 1.2012
962170 1610320 7.8564
1610320 363399 0.9588
363399 843346 1.596
843346 962362 15.1128
962362 5747 0.6396
5963 1014898 0.5976
1014898 5963 0.5976
1014898 118392 2.2608
118392 1014898 2.2608
1950165 161156 0.3806
161156 157146 1.1217
157146 157181 0.9267
157181 149651 2.5308
149651 723816 1.3567
723816 5958 0.4392
5961 157858 7.3476
157858 5961 7.3476
157858 157188 1.3548
157188 157858 1.3548
157188 844416 4.5288
844416 157188 4.5288
844416 5959 0.7992
5959 844416 0.7992
5959 466877 1.128
466877 5959 1.128
466877 157849 7.8468
157849 466877 7.8468
157849 157846 3.7332
157846 157849 3.7332
157846 67971 2.4852
67971 157846 2.4852
67971 157844 1.7148
157844 67971 1.7148
157844 157837 5.8788
157837 157844 5.8788
157837 157835 1.7952
157835 157837 1.7952
157835 109098 5.286
109098 157835 5.286
109098 157154 4.7148
157154 109098 4.7148
157154 157166 5.3892
157166 157154 5.3892
157166 102439 3.402
102439 157166 3.402
102439 557750 0.594
557750 102439 0.594
557750 98267 4.1976
98267 557750 4.1976
98267 98268 3.852
98268 98267 3.852
98268 291907 6.7776
291907 98268 6.7776
291907 15488 1.0884
15488 291907 1.0884
15488 291909 1.4388
291909 15488 1.4388
291909 1733114 10.0404
1733114 291909 10.0404
1733114 183657 1.8708
183657 1733114 1.8708
183657 183622 6.4428
183622 183657 6.4428
183622 183623 12.2484
183623 183622 12.2484
183623 1753749 10.2324
1753749 183623 10.2324
1753749 183663 0.6792
183663 1753749 0.6792
183663 653622 10.2828
653622 183663 10.2828
653622 183646 0.1404
183646 653622 0.1404
183646 581746 8.2608
581746 183646 8.2608
581746 183667 3.5496
183667 581746 3.5496
183667 183661 8.9316
183661 183667 8.9316
183661 5960 1.1148
5960 183661 1.1148
300003 300009 14.2092
300009 300003 14.2092
300009 300012 5.1264
300012 300009 5.1264
300012 5965 3.708
5965 300012 3.708
5969 523623 0.5945
523623 5969 0.5945
523623 1054588 1.548
1054588 523623 1.548
1054588 1054551 1.5974
1054551 1054588 1.5974
1054551 44558 0.8079
44558 1054551 0.8079
44558 1959646 0.9427
1959646 44558 0.9427
1959646 1054558 1.3541
1054558 1959646 1.3541
1054558 175510 1.5218
175510 1054558 1.5218
175510 1959645 0.809
1959645 175510 0.809
1959645 1054514 1.0548
1054514 1959645 1.0548
1054514 1742162 0.9165
1742162 1054514 0.9165
1742162 1054492 1.3341
1054492 1742162 1.3341
1054492 1054586 1.1484
1054586 1054492 1.1484
1054586 1054570 1.5326
1054570 1054586 1.5326
1054570 1959643 3.3727
1959643 1054570 3.3727
1959643 1054567 1.4966
1054567 1959643 1.4966
1054567 1634419 1.4045
1634419 1054567 1.4045
1634419 1959644 0.8614
1959644 1634419 0.8614
1959644 1054562 0.8949
1054562 1959644 0.8949
1054562 1054577 0.271
1054577 1054562 0.271
1054577 1054520 1.043
1054520 1054577 1.043
1054520 1054515 1.6611
1054515 1054520 1.6611
1054515 1054523 0.7946
1054523 1054515 0.7946
1054523 44564 0.5426
44564 1054523 0.5426
44564 204700 3.2292
204700 44564 3.2292
204700 1959653 3.7862
1959653 204700 3.7862
1959653 1787050 3.8165
1787050 1959653 3.8165
1787050 1959654 0.8532
1959654 1787050 0.8532
1959654 299991 0.5487
299991 1959654 0.5487
299991 1787051 0.4284
1787051 299991 0.4284
1787051 11944 0.7647
11944 1787051 0.7647
11944 300008 7.5225
300008 11944 7.5225
300008 5968 0.6465
5968 300008 0.6465
3657 150836 1.098
150836 1960663 4.2305
2015231 1960663 6.0825
6627 979421 3.9276
979421 6627 3.9276
979421 1149400 0.42
1149400 979421 0.42
1149400 979418 1.1448
979418 1149400 1.1448
979418 1663458 0.7758
1663458 979418 0.7758
1663458 1149401 0.2394
1149401 1663458 0.2394
1149401 277473 1.1466
277473 1149401 1.1466
277473 478533 2.241
478533 277473 2.241
478533 1861533 0.69
1861533 478533 0.69
1861533 30830 0.093
30830 1861533 0.093
166813 1187827 0.9353
1187827 166813 0.9353
1187827 618568 6.4649
618568 1187827 6.4649
6794 222202 0.9247
222202 961684 0.6963
961684 222199 0.6274
222199 222201 2.1075
222201 125459 0.6768
125459 961662 0.6141
961662 6795 0.7467
6805 1899 3.7868
2015237 697904 6.2208
697904 2015237 6.2208
697904 182121 0.4932
182121 697904 0.4932
182121 182123 18.7524
182123 182121 18.7524
182123 7552 7.2684
7552 182123 7.2684
7552 6909 31.8528
6909 7552 31.8528
6909 6910 48.2148
6910 6909 48.2148
6910 6911 10.8756
6911 6910 10.8756
6911 1636165 3.9852
1636165 6911 3.9852
1636165 29796 3.6648
29796 1636165 3.6648
6917 524980 0.5823
524980 6918 0.9216
2015239 6918 0.0315
6915 2001367 0.675
2001367 98101 0.639
7140 1589154 7.578
7554 7555 4.95
7555 7554 4.95
7555 1250682 11.3724
1250682 7555 11.3724
1250682 7551 20.808
7551 1250682 20.808
7551 1251104 19.206
1251104 7551 19.206
2015249 1251104 6.9552
1251104 2015249 6.9552
98276 533529 0.5184
533529 98276 0.5184
533529 95131 3.27
95131 533529 3.27
95131 142460 0.7356
142460 95131 0.7356
142460 142455 10.2828
142455 142460 10.2828
142455 99145 1.6056
99145 142455 1.6056
99145 303927 1.3656
303927 99145 1.3656
303927 1310184 0.8256
1310184 303927 0.8256
1310184 120912 6.7968
120912 1310184 6.7968
120912 303929 4.7136
303929 120912 4.7136
303929 93134 3.0912
93134 303929 3.0912
93134 303986 11.4108
303986 93134 11.4108
303986 1310187 2.7948
1310187 303986 2.7948
1310187 93673 0.4356
93673 1310187 0.4356
93673 120908 6.276
120908 93673 6.276
120908 303993 7.614
303993 120908 7.614
303993 407843 6.588
407843 303993 6.588
407843 481728 13.1544
481728 407843 13.1544
481728 100836 2.9496
100836 481728 2.9496
100836 65589 1.7088
65589 100836 1.7088
65589 516409 0.894
516409 65589 0.894
516409 121301 15.3312
121301 516409 15.3312
121301 7688 2.472
7688 121301 2.472
7688 516428 1.6404
516428 7688 1.6404
516428 121305 1.3932
121305 516428 1.3932
121305 93693 6.6708
93693 121305 6.6708
93693 65599 3.72
65599 93693 3.72
65599 7689 6.3876
7689 65599 6.3876
7689 120931 2.142
120931 7689 2.142
120931 7690 0.7536
7690 120931 0.7536
512465 512462 4.2048
512462 512465 4.2048
512462 527748 10.8288
527748 512462 10.8288
527748 527755 5.7816
527755 527748 5.7816
527755 527758 7.6968
527758 527755 7.6968
527758 527756 9.468
527756 527758 9.468
527756 272138 2.0376
272138 527756 2.0376
272138 153829 7.0344
153829 272138 7.0344
153829 7761 5.0652
7761 153829 5.0652
7761 7762 2.7252
7762 7761 2.7252
7762 7763 9.99
7763 7762 9.99
7763 1276295 13.0824
1276295 7763 13.0824
1276295 7764 3.6684
7764 1276295 3.6684
7764 709065 2.4516
709065 7764 2.4516
709065 709064 2.592
709064 709065 2.592
709064 7765 3.5604
7765 709064 3.5604
7765 98179 4.05
98179 7765 4.05
98179 709066 6.948
709066 98179 6.948
709066 7766 3.1932
7766 709066 3.1932
7766 709067 4.1436
709067 7766 4.1436
709067 709068 9.9828
709068 709067 9.9828
709068 7767 1.98
7767 709068 1.98
7767 98180 26.6652
98180 7767 26.6652
98180 7768 8.568
7768 98180 8.568
7768 98178 4.2012
98178 7768 4.2012
98178 98177 6.5808
98177 98178 6.5808
98177 422267 3.438
422267 98177 3.438
7947 700126 0.4371
700126 700125 0.396
700125 700123 1.1325
700123 7946 0.3348
700100 7960 1.5146
7960 700100 1.5146
7960 700098 0.4022
700098 7960 0.4022
700098 700097 0.4191
700097 700098 0.4191
700097 700096 0.4248
700096 700097 0.4248
700096 7961 0.5472
7961 700096 0.5472
7970 226922 1.3188
226922 7970 1.3188
226922 20428 12.1404
20428 226922 12.1404
20428 161414 1.9764
161414 20428 1.9764
161414 95709 5.0268
95709 161414 5.0268
95709 612719 2.1156
612719 95709 2.1156
612719 1696793 3.4236
1696793 612719 3.4236
1696793 612718 3.6864
612718 1696793 3.6864
612718 62305 2.0028
62305 612718 2.0028
62305 526609 9.4716
526609 62305 9.4716
526609 7971 0.8976
7971 526609 0.8976
971876 1957797 2.4343
1957797 1786772 6.741
1786772 1745881 5.1822
1745881 1745970 0.3114
1745970 1957856 2.2136
1957856 1745884 2.9005
11945 169975 0.9165
169975 849347 2.4686
849347 945820 4.2675
945820 1052584 0.6465
1052584 1101689 2.0088
1101689 849387 4.0526
849387 849354 0.919
849354 1745845 0.5518
1745845 1745850 2.8594
1745850 1745853 2.7684
1745853 849373 1.4421
849373 1310539 1.745
1310539 208782 1.8072
208782 95366 0.5482
1457 95882 0.5811
95882 1457 0.5811
2121 120940 1.092
120940 2121 1.092
120940 941599 1.0992
941599 120940 1.0992
941599 101450 4.5168
101450 941599 4.5168
8012 342201 0.3974
342201 8013 0.2556
8013 342212 0.1782
342212 342218 0.2189
342218 8014 0.1868
8014 342145 0.2099
342145 8015 0.337
8015 8016 0.419
1020539 1445949 0.2112
1445949 1020539 0.2112
1445949 1784649 0.1188
1784649 1445949 0.1188
1784649 979028 0.429
979028 1784649 0.429
979028 1479425 0.2034
1479425 979028 0.2034
1479425 11928 4.5888
11928 1479425 4.5888
11928 549349 1.989
549349 11928 1.989
549349 1446035 4.4286
1446035 549349 4.4286
1446035 8024 0.4386
8024 1446035 0.4386
1466018 1362216 0.7337
1362216 1466018 0.7337
1362216 1050444 0.297
1050444 1362216 0.297
1050444 1466017 0.2426
1466017 1050444 0.2426
8025 865509 0.851
865509 8025 0.851
865509 1295243 0.9799
1295243 865509 0.9799
1295243 1295002 0.0893
1295002 1295243 0.0893
1295002 1294995 3.011
1294995 1295002 3.011
1294995 553357 0.2088
553357 1294995 0.2088
553357 1294889 5.0904
1294889 553357 5.0904
1294889 1189627 4.7981
1189627 1294889 4.7981
1189627 1295227 0.815
1295227 1189627 0.815
1295227 1295231 3.7116
1295231 1295227 3.7116
1295231 1294837 3.1442
1294837 1295231 3.1442
1294837 1294914 0.4536
1294914 1294837 0.4536
1294914 554492 3.6137
554492 1294914 3.6137
554492 1294839 1.3061
1294839 554492 1.3061
1294839 1294890 0.8179
1294890 1294839 0.8179
1294890 944678 1.3442
944678 1294890 1.3442
944678 8017 0.6955
8017 944678 0.6955
128214 844762 16.1712
844762 243245 33.048
342179 342167 3.2652
342167 342179 3.2652
342167 8036 6.3792
8036 342167 6.3792
8036 342225 3.8988
342225 8036 3.8988
342225 8037 20.502
8037 342225 20.502
8037 8038 9.7596
8038 8037 9.7596
8038 1165501 5.13
1165501 8038 5.13
1165501 1165504 11.0952
1165504 1165501 11.0952
1165504 8039 23.7924
8039 1165504 23.7924
8039 8040 10.8792
8040 8039 10.8792
8040 1205917 19.3968
1205917 8040 19.3968
1205917 7962 3.8412
7962 1205917 3.8412
95367 971888 0.5421
971888 971889 0.1769
971889 95360 0.2566
95360 768420 0.6886
768420 1310237 4.1421
1310237 95948 0.8069
95948 1310238 0.5955
1310238 1310222 1.8381
1310222 1093990 5.1547
1093990 1960658 0.63
1960658 1721112 5.8881
1721112 1310228 1.0203
1310228 5337 2.1466
5337 1721105 2.141
1721105 1721110 0.7843
1721110 1957812 3.6375
1957812 95380 4.6481
95380 1635801 4.3478
1635801 1310253 4.1138
1310253 1635802 0.3934
1635802 95361 0.2937
95361 1310246 0.6439
1310246 1721104 5.0724
1721104 1635810 1.998
1635810 41041 0.1851
8250 96089 1.584
96089 8250 1.584
96089 1539919 1.26
1539919 96089 1.26
1539919 1655271 12.6936
1655271 1539919 12.6936
1655271 1179635 4.2444
1179635 1655271 4.2444
1179635 1261972 7.6968
1261972 1179635 7.6968
1261972 8251 27.5868
8251 1261972 27.5868
8255 8256 5.2463
8253 8254 5.2459
2015255 8262 10.8461
1055445 1055446 0.8136
1055446 1055447 1.3187
1055447 256121 0.864
256121 8288 0.5144
8288 342193 0.913
342193 342149 0.3568
342149 8012 0.5101
8289 212024 3.0519
212024 414776 6.6141
414776 241772 6.5538
241772 48718 4.8465
48718 40289 2.8881
40289 48724 1.0809
48724 241668 7.0245
241668 48722 0.6444
48722 241698 2.2617
241698 230017 2.4984
230017 240647 1.6407
240647 8290 1.2105
8300 215752 0.3672
215752 8300 0.3672
215752 577020 0.4737
577020 215752 0.4737
577020 206008 3.0333
206008 577020 3.0333
206008 205989 3.7054
205989 206008 3.7054
205989 8297 0.5775
8297 205989 0.5775
8297 205990 0.7617
205990 8297 0.7617
205990 993866 3.6437
993866 205990 3.6437
993866 638544 0.2417
638544 993866 0.2417
638544 230026 4.536
230026 638544 4.536
230026 1470624 2.3025
1470624 230026 2.3025
1470624 224711 1.7424
224711 1470624 1.7424
224711 964998 1.6647
964998 224711 1.6647
964998 205993 0.4119
205993 964998 0.4119
205993 964999 0.3101
964999 205993 0.3101
964999 1784738 5.0328
1784738 964999 5.0328
1784738 993869 5.5486
993869 1784738 5.5486
993869 1548520 1.6339
1548520 993869 1.6339
1548520 206567 0.4695
206567 1548520 0.4695
206567 8289 0.7591
8289 206567 0.7591
206002 8302 1.4772
8302 241715 4.6128
241715 244549 1.6836
244549 241726 3.5172
241726 177520 3.6312
177520 8298 2.178
8290 797795 2.2927
797795 8303 10.1397
8304 36581 8.5767
8303 797787 1.729
797787 797786 0.737
797786 797781 0.6845
797781 797776 0.6675
797776 797771 0.7339
797771 797765 0.7406
797765 797762 0.8023
797762 797760 0.7601
797760 8304 0.8079
8299 177522 0.9694
177522 8299 0.9694
177522 1658413 1.5027
1658413 177522 1.5027
1658413 8301 4.3848
8301 1658413 4.3848
8356 993872 3.5254
993872 8356 3.5254
993872 284429 1.3423
284429 993872 1.3423
284429 51574 1.2225
51574 284429 1.2225
51574 224710 1.9085
224710 51574 1.9085
224710 993879 0.4377
993879 224710 0.4377
993879 8354 0.4176
8354 993879 0.4176
8354 993880 0.4099
993880 8354 0.4099
993880 244436 0.6187
244436 993880 0.6187
244436 244442 1.1998
244442 244436 1.1998
244442 1268028 4.8163
1268028 244442 4.8163
1268028 1268037 1.1361
1268037 1268028 1.1361
1268037 244439 0.8799
244439 1268037 0.8799
244439 1790117 1.3361
1790117 244439 1.3361
1790117 1790125 0.5817
1790125 1790117 0.5817
1790125 1790115 0.359
1790115 1790125 0.359
1790115 254756 3.0276
254756 1790115 3.0276
254756 1641160 0.0849
1641160 254756 0.0849
1987904 210696 0.5107
210696 1987904 0.5107
210696 244102 1.2795
244102 210696 1.2795
244102 993867 0.5014
993867 244102 0.5014
993867 244106 0.9504
244106 993867 0.9504
244106 212044 2.2598
212044 244106 2.2598
212044 8349 1.3742
8349 212044 1.3742
8349 1641163 0.6027
1641163 8349 0.6027
1641163 26830 0.6567
26830 1641163 0.6567
1641418 1641422 1.4544
8356 8355 2.8092
8355 8356 2.8092
8697 11923 0.4799
11923 8697 0.4799
11923 139890 0.5029
139890 11923 0.5029
139890 1957776 0.5965
1957776 139890 0.5965
1957776 139889 0.1098
139889 1957776 0.1098
139889 11924 1.0714
11924 139889 1.0714
11924 1924933 0.5382
1924933 11924 0.5382
1924933 139888 0.5429
139888 1924933 0.5429
139888 11925 0.7135
11925 139888 0.7135
11925 11926 0.5638
11926 11925 0.5638
11926 8698 1.6816
8698 11926 1.6816
8291 110294 0.5267
110294 8291 0.5267
110294 41874 1.2658
41874 110294 1.2658
988040 720261 0.8262
720261 988040 0.8262
720261 8700 8.5596
8700 720261 8.5596
8700 139891 0.9828
139891 8700 0.9828
139891 69491 0.8544
69491 139891 0.8544
69491 69489 0.8574
69489 69491 0.8574
69489 69490 0.9474
69490 69489 0.9474
69490 69488 1.2144
69488 69490 1.2144
69488 1257125 0.7734
1257125 69488 0.7734
1257125 24472 0.978
24472 1257125 0.978
24472 1957789 0.8508
1957789 24472 0.8508
1957789 139892 0.3432
139892 1957789 0.3432
139892 1059607 0.5964
1059607 139892 0.5964
1059607 32793 0.993
32793 1059607 0.993
32793 8701 0.9048
8701 32793 0.9048
8701 139893 1.6356
139893 8701 1.6356
139893 24473 1.2348
24473 139893 1.2348
24473 32794 2.022
32794 24473 2.022
32794 1855466 8.7726
1855466 32794 8.7726
1855466 1957788 1.0416
1957788 1855466 1.0416
1957788 1044433 0.9216
1044433 1957788 0.9216
1044433 1957787 1.0818
1957787 1044433 1.0818
1957787 32771 0.6798
32771 1957787 0.6798
32771 1855467 0.4416
1855467 32771 0.4416
1855467 32775 2.5428
32775 1855467 2.5428
32775 437900 3.108
437900 32775 3.108
437900 437901 0.3714
437901 437900 0.3714
437901 437902 0.3654
437902 437901 0.3654
437902 8702 0.333
8702 437902 0.333
8702 437903 0.384
437903 8702 0.384
437905 437907 0.5004
437907 437914 0.9966
437914 437918 0.957
437918 437922 0.9246
437922 437928 0.933
437928 437931 0.2526
437931 437933 0.6282
437933 437937 0.9342
437937 437941 0.9666
437941 1044436 0.6162
1044436 1000748 0.2742
1789552 1011247 1.0373
1011247 1789552 1.0373
1011247 96945 1.6298
96945 1011247 1.6298
96945 462505 0.6835
462505 96945 0.6835
462505 1789426 4.2295
1789426 462505 4.2295
1789426 1791181 1.0584
1791181 1789426 1.0584
1791181 96947 0.1137
96947 1791181 0.1137
96947 664322 0.719
664322 96947 0.719
664322 1011243 2.9772
1011243 664322 2.9772
1011243 1789431 2.2346
1789431 1011243 2.2346
1789431 1306942 0.2129
1306942 1789431 0.2129
1306942 254646 0.2823
254646 1306942 0.2823
254646 96946 0.2993
96946 254646 0.2993
96946 1789432 0.7195
1789432 96946 0.7195
1789432 1011244 0.6475
1011244 1789432 0.6475
1011244 62269 1.2615
62269 1011244 1.2615
62269 1011204 3.8546
1011204 62269 3.8546
1011204 1181930 1.7532
1181930 1011204 1.7532
1181930 627102 2.2922
627102 1181930 2.2922
4903 295333 2.2704
295333 4903 2.2704
4904 785413 3.5808
785413 4904 3.5808
785413 573527 2.0424
573527 785413 2.0424
573527 4905 1.3512
4905 573527 1.3512
4905 573528 1.3236
573528 4905 1.3236
573528 462890 1.512
462890 573528 1.512
462890 573529 1.602
573529 462890 1.602
573529 523619 1.5396
523619 573529 1.5396
523619 573531 1.3188
573531 523619 1.3188
573531 1597691 0.426
1597691 573531 0.426
1597691 523624 1.1988
523624 1597691 1.1988
523624 821592 1.1424
821592 523624 1.1424
821592 4906 0.7944
4906 821592 0.7944
1052 666058 21.2508
666058 666057 6.1236
666057 225491 4.4676
225491 10903 5.598
225492 225493 5.436
225493 225494 10.1772
225494 10903 3.4704
31484 844686 0.0796
844686 683142 0.077
683142 549357 0.1008
549357 683154 0.1717
683154 232481 0.2178
232481 549358 0.2776
549358 232486 0.495
232486 23070 0.8874
8698 1651599 0.7391
1651599 8698 0.7391
1651599 1924869 0.3481
1924869 1651599 0.3481
1924869 1957775 1.6938
1957775 1924869 1.6938
1957775 1651596 1.2629
1651596 1957775 1.2629
1651596 846133 1.0735
846133 1651596 1.0735
846133 8699 0.4673
8699 846133 0.4673
11943 175095 1.4064
175095 11943 1.4064
175095 458297 8.9148
458297 175095 8.9148
458297 1787062 2.8776
1787062 458297 2.8776
1787062 1787060 2.3628
1787060 1787062 2.3628
1787060 1787061 1.1616
1787061 1787060 1.1616
1787061 447798 1.7064
447798 1787061 1.7064
447798 447822 16.6992
447822 447798 16.6992
447822 1787059 1.0176
1787059 447822 1.0176
1787059 205118 8.8248
205118 1787059 8.8248
205118 11944 1.1352
11944 205118 1.1352
95379 1789550 1.0337
1789550 95379 1.0337
1789550 1442998 0.7015
1442998 1789550 0.7015
1442998 169999 0.2263
169999 1442998 0.2263
169999 1789551 0.4161
1789551 169999 0.4161
1789551 635112 4.7499
635112 1789551 4.7499
635112 97067 3.6021
97067 635112 3.6021
97067 1957799 1.205
1957799 97067 1.205
1957799 95386 1.8756
95386 1957799 1.8756
95386 1957798 0.9494
1957798 95386 0.9494
1957798 95952 3.2899
95952 1957798 3.2899
95952 7976 0.6495
7976 95952 0.6495
225510 96572 14.1372
96572 96570 9.5148
96570 1461432 7.7472
1461432 96571 5.5008
96571 653729 6.3576
2191 604105 0.5252
604105 604106 0.9857
604106 3173 1.4987
3173 3174 2.4606
3174 566908 2.5348
566908 1598189 2.2007
1598189 604109 1.7453
604109 3175 2.9916
1676577 1179923 0.1595
1179923 1676577 0.1595
1776762 612114 2.0268
612114 1776762 2.0268
612114 1250146 4.566
1250146 612114 4.566
1250146 106152 1.7292
106152 1250146 1.7292
106152 600411 3.9576
600411 106152 3.9576
600411 1539041 6.1488
1539041 600411 6.1488
1539041 1539046 0.8028
1539046 1539041 0.8028
1539046 490145 1.5096
490145 1539046 1.5096
490145 1776789 0.6984
1776789 490145 0.6984
1776789 1539042 1.5948
1539042 1776789 1.5948
1539042 1539038 1.4184
1539038 1539042 1.4184
1539038 1539608 1.998
1539608 1539038 1.998
1539608 1539037 2.2164
1539037 1539608 2.2164
1539037 654205 2.0088
654205 1539037 2.0088
654205 384554 11.8752
384554 654205 11.8752
384554 1278148 3.2688
1278148 384554 3.2688
1278148 521281 2.5728
521281 1278148 2.5728
521281 622068 5.1348
622068 521281 5.1348
622068 2193 1.0824
2193 622068 1.0824
15490 291913 1.3248
291913 15490 1.3248
291913 557772 5.748
557772 291913 5.748
557772 157162 1.3188
157162 557772 1.3188
157162 154718 5.1444
154718 157162 5.1444
154718 157191 2.4576
157191 154718 2.4576
157191 157193 2.16
157193 157191 2.16
157193 157190 3.8556
157190 157193 3.8556
167774 1262088 34.2504
1262088 167774 34.2504
1262088 167755 4.3488
167755 1262088 4.3488
167755 167779 19.908
167779 167755 19.908
512480 512476 2.1641
512476 512480 2.1641
512476 1959659 1.2554
1959659 512476 1.2554
1959659 204723 0.8162
204723 1959659 0.8162
204723 1759053 1.5459
1759053 204723 1.5459
1759053 16908 3.419
16908 1759053 3.419
17384 931725 2.3742
931725 206070 2.7036
206070 17382 2.8098
17382 206071 3.5442
206071 931726 2.4336
931726 17383 2.1582
1148157 1930838 1.2816
1930838 1148157 1.2816
1930838 1694962 1.3932
1694962 1930838 1.3932
1694962 1930839 1.8972
1930839 1694962 1.8972
1930839 1715581 2.0736
1715581 1930839 2.0736
1715581 2176 9.2286
2176 1715581 9.2286
2176 1148156 2.0232
1148156 2176 2.0232
1148156 437404 1.2645
437404 1148156 1.2645
437404 1148155 1.1268
1148155 437404 1.1268
1148155 1148154 0.9324
1148154 1148155 0.9324
1148154 2177 1.0314
2177 1148154 1.0314
2177 2178 11.61
2178 2177 11.61
17806 1487480 0.1548
1487480 437365 0.6144
437365 1362271 0.1992
1362271 38157 2.3124
38157 657524 1.5186
657524 657520 0.963
657520 38156 0.6618
38156 868002 0.0678
868002 17807 0.432
225446 362043 1.8473
362043 225446 1.8473
362043 228980 2.4223
228980 362043 2.4223
228980 93107 2.3647
93107 228980 2.3647
93107 225410 0.9237
225410 93107 0.9237
225410 309953 1.709
309953 225410 1.709
309953 541396 2.2217
541396 309953 2.2217
541396 18840 0.3353
18840 541396 0.3353
19481 253573 7.1496
253573 259055 8.1144
259055 19482 21.6288
19482 19483 22.2804
916431 228973 17.4744
228973 916431 17.4744
228973 19485 4.3812
19485 228973 4.3812
2015381 1731792 2.1852
1731792 2015381 2.1852
1731792 20860 34.6248
20860 1731792 34.6248
20860 282305 4.6656
282305 20860 4.6656
282305 20861 22.1976
20861 282305 22.1976
20861 96927 3.9636
96927 20861 3.9636
96927 282291 2.8116
282291 96927 2.8116
282291 1045108 3.96
1045108 282291 3.96
1045108 96928 7.5528
96928 1045108 7.5528
96928 20862 16.4052
20862 96928 16.4052
20862 20863 3.798
20863 20862 3.798
20863 1045110 17.4132
1045110 20863 17.4132
1045110 1733925 5.0292
1733925 1045110 5.0292
1733925 282372 7.3332
282372 1733925 7.3332
282372 20864 20.8908
20864 282372 20.8908
20864 20865 2.6244
20865 20864 2.6244
20865 20866 7.3512
20866 20865 7.3512
20866 1827723 6.0012
1827723 20866 6.0012
1827723 1733924 23.6664
1733924 1827723 23.6664
1733924 653621 4.9644
653621 1733924 4.9644
653621 1045101 3.0492
1045101 653621 3.0492
1045101 96935 2.0448
96935 1045101 2.0448
96935 20867 21.6648
20867 96935 21.6648
20867 41043 4.1292
41043 20867 4.1292
41043 20868 3.456
20868 41043 3.456
20868 20869 22.1976
20869 20868 22.1976
20869 1045096 4.0212
1045096 20869 4.0212
1045096 1756043 2.9052
1756043 1045096 2.9052
1756043 20870 4.9788
20870 1756043 4.9788
20870 20871 14.8572
20871 20870 14.8572
20871 95866 3.8952
95866 20871 3.8952
31481 1460202 0.1594
1460202 1460203 0.1692
1460203 1460204 0.3929
1460204 844713 0.4809
844713 23065 1.0234
6178 634891 1.7016
634891 6178 1.7016
634891 991062 1.146
991062 634891 1.146
991062 991147 2.4336
991147 991062 2.4336
991147 196970 2.1828
196970 991147 2.1828
196970 991063 5.1348
991063 196970 5.1348
991063 2462 3.3972
2462 991063 3.3972
8213 24188 3.4139
24188 708620 1.7292
708620 708618 1.221
708618 708617 1.275
708617 38195 1.7394
38195 708612 4.8282
708612 38196 6.9078
38196 708607 1.1922
708607 42623 1.2378
42623 708592 1.3176
708592 1445977 0.333
1445977 24189 1.0332
24189 122146 1.1202
122146 708580 0.951
708580 24190 1.0404
24190 122147 3.312
122147 122148 3.309
122148 38204 7.8804
38204 122140 9.7218
702833 146114 0.5853
146114 38202 0.5158
38202 38203 2.9031
38203 650983 0.4593
650983 38177 7.9056
38177 710669 2.862
710669 590642 4.1071
590642 38173 0.3322
24192 202854 0.4194
202854 708560 0.3954
708560 122143 0.417
122143 708575 0.3924
708575 122144 0.4974
122144 24193 0.381
1134489 1860773 2.4048
1860773 1134489 2.4048
1860773 1860774 14.7744
1860774 1860773 14.7744
1860774 437993 17.4024
437993 1860774 17.4024
