67978
120 676605 0.409
676605 822986 11.6528
822986 676606 0.7088
676606 1953918 0.5526
1953918 654217 6.0059
654217 654219 2.8872
654219 821965 0.2484
821965 676611 1.2737
676611 17635 0.3629
100693 676615 0.6465
676615 100693 0.6465
676615 822223 2.9376
822223 676615 2.9376
822223 155743 0.5004
155743 822223 0.5004
155743 155742 0.8007
155742 155743 0.8007
155742 545694 5.0405
545694 155742 5.0405
545694 1480 1.2605
1480 545694 1.2605
1480 545681 1.6596
545681 1480 1.6596
545681 470291 3.8381
470291 545681 3.8381
470291 676609 1.1186
676609 470291 1.1186
676609 406 0.5076
406 676609 0.5076
405 821801 0.1522
821801 821280 2.3961
821280 979 1.9219
114250 1954094 0.2346
1954094 1954099 1.2156
1954099 333966 5.4096
333966 333992 1.4448
333992 957551 4.299
957551 653112 7.1922
653112 2012 0.5052
978 822014 0.6187
822014 821234 0.3317
821234 545776 0.5215
545776 821994 2.6938
821994 548616 0.9447
548616 548568 0.757
548568 821981 2.3565
821981 114569 1.3726
114569 1953923 0.8661
1953923 548566 4.9335
548566 821286 1.297
821286 979 0.6058
405 548590 3.888
548590 548581 0.6377
548581 545781 3.6818
545781 1953924 1.5084
1953924 545777 2.9844
545777 822008 0.1887
822008 599384 3.5825
599384 13 0.5601
121 1138282 1.5387
1138282 821098 0.3147
821098 372050 0.1414
372050 821290 0.8918
821290 676614 0.2664
676614 405 0.3117
979 821097 1.1463
821097 979 1.1463
821097 980 1.2734
980 821097 1.2734
121 676613 5.0976
676613 121 5.0976
676613 202302 2.4588
202302 676613 2.4588
202302 821510 6.9012
821510 202302 6.9012
821510 1567449 1.7124
1567449 821510 1.7124
1567449 821464 6.8148
821464 1567449 6.8148
821464 1567452 4.32
1567452 821464 4.32
1567452 822175 17.634
822175 1567452 17.634
822175 821465 3.864
821465 822175 3.864
821465 202314 3.804
202314 821465 3.804
202314 202324 11.9004
202324 202314 11.9004
202324 163916 4.6236
163916 202324 4.6236
163916 1138283 3.4536
1138283 163916 3.4536
1138283 981 2.4828
981 1138283 2.4828
981 199444 2.6088
199444 981 2.6088
199444 199443 4.248
199443 199444 4.248
982 1535 15.4032
1535 545953 14.2992
545953 1120465 9.2592
1120465 825097 0.4512
825097 545736 2.7072
545736 825093 2.8596
825093 983 10.4052
983 545729 2.04
545729 825083 13.4616
825083 155751 1.0644
155751 564923 5.2116
564923 984 13.1796
984 545655 8.8776
545655 564916 8.9112
564916 542117 0.8424
542117 825076 7.7748
825076 1346709 1.8732
1346709 1975 1.9644
969 1598764 0.4145
1598764 969 0.4145
1598764 45398 0.0946
45398 1598764 0.0946
45398 1598770 0.0957
1598770 45398 0.0957
1598770 689 1.3778
689 1598770 1.3778
969 417594 3.7641
417594 589145 1.5814
589145 417598 5.0189
417598 589184 0.7817
589184 589146 5.2545
589146 1678055 4.3025
1678055 2458 0.4315
962551 1598760 0.8779
1598760 971 0.0483
971 1247964 0.0381
1247964 1598765 0.0813
1598765 962547 0.2515
962547 962545 0.4191
962545 1797737 0.5225
1797737 569008 0.7246
569008 1144589 0.991
1144589 443270 1.5876
443270 443269 1.7465
443269 443263 4.0078
443263 417606 1.0404
417606 443262 0.3317
443262 982499 5.4982
982499 2457 0.4911
51046 589149 3.4932
589149 51046 3.4932
589149 958453 7.668
958453 589149 7.668
958453 589154 1.9284
589154 958453 1.9284
589154 442515 1.71
442515 589154 1.71
442515 442510 9.6144
442510 442515 9.6144
442510 442508 0.9756
442508 442510 0.9756
442508 51047 6.024
51047 442508 6.024
51047 417591 2.208
417591 51047 2.208
417591 969 1.476
969 417591 1.476
1016 4563 1.4944
4563 1016 1.4944
1478 1100955 1.14
1100955 1478 1.14
1100955 1798303 0.9456
1798303 1100955 0.9456
1798303 1798306 1.0164
1798306 1798303 1.0164
1798306 1479 7.3572
1479 1798306 7.3572
1479 155750 1.1748
155750 1479 1.1748
155750 542270 1.4208
542270 155750 1.4208
13 976119 1.0145
976119 13 1.0145
976119 976120 0.2426
976120 976119 0.2426
976120 638634 0.4954
638634 976120 0.4954
909997 909995 4.548
909995 909997 4.548
909995 1247236 8.28
1247236 909995 8.28
1247236 905246 2.6472
905246 1247236 2.6472
905246 905249 7.6164
905249 905246 7.6164
905249 905247 7.3728
905247 905249 7.3728
905247 905252 2.2644
905252 905247 2.2644
905252 905248 2.1036
905248 905252 2.1036
905248 905250 1.218
905250 905248 1.218
905250 905251 2.0772
905251 905250 2.0772
905251 466610 1.0896
466610 905251 1.0896
466610 545982 5.6748
545982 466610 5.6748
545982 533299 10.8288
533299 545982 10.8288
533299 1247234 4.9476
1247234 533299 4.9476
1247234 1247233 2.1252
1247233 1247234 2.1252
1247233 533285 1.338
533285 1247233 1.338
533285 533284 1.692
533284 533285 1.692
533284 965523 1.308
965523 533284 1.308
965523 965522 2.3988
965522 965523 2.3988
965522 547102 1.716
547102 965522 1.716
547102 1247230 15.0528
1247230 547102 15.0528
1247230 533283 2.49
533283 1247230 2.49
533283 965521 3.4992
965521 533283 3.4992
965521 1247226 1.8744
1247226 965521 1.8744
1247226 1247227 0.5688
1247227 1247226 0.5688
1247227 1247231 4.2804
1247231 1247227 4.2804
1247231 1247232 3.4572
1247232 1247231 3.4572
1247232 1247225 1.332
1247225 1247232 1.332
1247225 1247224 1.584
1247224 1247225 1.584
1247224 1247223 2.6664
1247223 1247224 2.6664
1247223 1247222 2.2392
1247222 1247223 2.2392
1247222 1532 0.78
1532 1247222 0.78
1535 821237 3.384
821237 1535 3.384
821237 564924 1.4868
564924 821237 1.4868
564924 545606 14.7852
545606 564924 14.7852
545606 545669 11.7756
545669 545606 11.7756
545669 821743 11.646
821743 545669 11.646
821743 545656 12.888
545656 821743 12.888
545656 1536 12.798
1536 545656 12.798
1536 965481 26.3844
965481 1536 26.3844
965481 542220 5.7132
542220 965481 5.7132
542220 965473 1.6956
965473 542220 1.6956
965473 545979 16.6572
545979 965473 16.6572
545979 545980 12.204
545980 545979 12.204
545980 545972 11.4876
545972 545980 11.4876
545972 545978 5.1984
545978 545972 5.1984
545978 545969 11.3868
545969 545978 11.3868
545969 545970 5.2308
545970 545969 5.2308
545970 965474 1.062
965474 545970 1.062
965474 965482 9.6048
965482 965474 9.6048
965482 533299 11.4552
533299 965482 11.4552
1976 570554 1.0596
570554 1976 1.0596
570554 1953905 0.7062
1953905 570554 0.7062
1953905 1797564 1.8162
1797564 1953905 1.8162
1797564 1797576 9.9126
1797576 1797564 9.9126
1797576 1537 5.112
1537 1797576 5.112
1537 958276 2.5842
958276 1537 2.5842
958276 958275 0.8916
958275 958276 0.8916
958275 167994 0.8238
167994 958275 0.8238
167994 958274 1.2582
958274 167994 1.2582
958274 167988 1.7112
167988 958274 1.7112
167988 1953904 1.4172
1953904 167988 1.4172
1953904 167973 2.1222
167973 1953904 2.1222
167973 167969 0.807
167969 167973 0.807
167969 571077 0.6348
571077 167969 0.6348
4563 1111857 1.5666
1111857 1956016 1.104
1010 4562 0.9948
4562 1010 0.9948
852250 1484010 13.3221
1484010 852250 13.3221
1484010 1467912 0.5462
1467912 1484010 0.5462
1467912 1980464 13.0767
1980464 1467912 13.0767
1980464 30301 0.575
30301 1980464 0.575
638634 1953925 10.41
1953925 545585 1.8852
545585 958400 3.4212
958400 982 7.0836
50056 448183 0.5714
448183 50056 0.5714
448183 256448 3.1695
256448 448183 3.1695
256448 446903 0.6614
446903 256448 0.6614
446903 2738 0.9797
2738 446903 0.9797
1970 543587 0.7627
543587 1970 0.7627
543587 5518 0.1018
5518 543587 0.1018
5518 543588 0.1023
543588 5518 0.1023
543588 830450 0.2782
830450 543588 0.2782
830450 1975 1.4287
1975 830450 1.4287
1975 1976 2.0859
1976 1975 2.0859
1970 1098453 0.3006
1098453 1970 0.3006
1098453 943285 1.0602
943285 1098453 1.0602
1013 1147430 0.8382
1147430 1013 0.8382
1147430 121031 6.0594
121031 1147430 6.0594
121031 588010 2.952
588010 121031 2.952
588010 588011 1.9932
588011 588010 1.9932
588011 537950 2.5986
537950 588011 2.5986
537950 588017 2.8362
588017 537950 2.8362
588017 1954018 0.4044
1954018 588017 0.4044
1954018 588016 2.8086
588016 1954018 2.8086
588016 442426 3.7332
442426 588016 3.7332
442426 588023 1.512
588023 442426 1.512
588023 49898 1.8666
49898 588023 1.8666
49898 114089 2.3898
114089 49898 2.3898
114089 1715 3.6762
1715 114089 3.6762
1715 653164 0.5076
653164 1715 0.5076
653164 4549 1.1946
4549 653164 1.1946
1995 773902 0.881
773902 1995 0.881
773902 1953777 1.0229
1953777 773902 1.0229
1953777 822201 2.5905
822201 1953777 2.5905
822201 1434276 5.5193
1434276 822201 5.5193
1434276 1910296 0.9643
1910296 1434276 0.9643
1910296 1953776 1.1417
1953776 1910296 1.1417
1953776 825073 1.7661
825073 1953776 1.7661
825073 1953775 2.6666
1953775 825073 2.6666
1953775 822199 1.2759
822199 1953775 1.2759
822199 1953774 7.2957
1953774 822199 7.2957
1953774 1991 2.1255
1991 1953774 2.1255
971459 2015175 0.4236
971459 805795 3.7776
805795 1953969 1.401
1953969 805794 2.0538
805794 971253 5.046
971253 805793 4.0134
805793 1953952 3.9888
1953952 971458 3.345
971458 17773 0.624
4646 737933 0.5028
737933 4646 0.5028
737933 962731 2.0784
962731 737933 2.0784
962731 962723 2.6778
962723 962731 2.6778
962723 962720 2.9562
962720 962723 2.9562
962720 962733 2.9214
962733 962720 2.9214
962733 962729 1.752
962729 962733 1.752
962729 1871115 1.107
1871115 962729 1.107
1871115 962724 0.3714
962724 1871115 0.3714
962724 962722 1.8618
962722 962724 1.8618
962722 2008547 3.3678
2008547 962722 3.3678
2008547 962734 0.1446
962734 2008547 0.1446
962734 962739 2.244
962739 962734 2.244
962739 658559 4.0176
658559 962739 4.0176
658559 45322 0.759
45322 658559 0.759
45322 658560 0.6162
658560 45322 0.6162
658560 962695 7.4376
962695 658560 7.4376
962695 193687 0.912
193687 962695 0.912
193687 193697 5.1774
193697 193687 5.1774
193697 654206 0.5856
654206 193697 0.5856
654206 202229 6.4386
202229 654206 6.4386
202229 45324 0.567
45324 202229 0.567
45324 202214 0.6966
202214 45324 0.6966
202214 1249421 2.4228
1249421 202214 2.4228
1249421 200578 2.508
200578 1249421 2.508
200578 1249428 1.2234
1249428 200578 1.2234
1249428 200948 1.6632
200948 1249428 1.6632
200948 1249422 0.783
1249422 200948 0.783
1249422 200314 2.334
200314 1249422 2.334
200314 202309 0.5172
202309 200314 0.5172
202309 202662 1.8138
202662 202309 1.8138
202662 202677 5.2968
202677 202662 5.2968
202677 202204 1.7718
202204 202677 1.7718
202204 45317 0.6198
45317 202204 0.6198
45317 202239 0.5082
202239 45317 0.5082
202239 202669 2.4078
202669 202239 2.4078
202669 203613 4.368
203613 202669 4.368
203613 202658 0.3276
202658 203613 0.3276
202658 1035350 1.3062
1035350 202658 1.3062
1035350 202207 0.8028
202207 1035350 0.8028
202207 203524 0.126
203524 202207 0.126
203524 202193 0.6924
202193 203524 0.6924
202193 581577 1.596
581577 202193 1.596
581577 289503 0.2652
289503 581577 0.2652
289503 121773 2.1012
121773 289503 2.1012
121773 1082785 4.4088
1082785 121773 4.4088
1082785 130121 0.5586
130121 1082785 0.5586
130121 2013 0.6906
2013 130121 0.6906
50056 353340 0.9494
353340 1171173 8.5017
1171173 417549 1.3613
417549 607844 0.2926
607844 1171206 0.7678
1171206 353343 7.2309
353343 2456 0.5323
2456 453396 0.7298
453396 443220 4.59
2015177 443220 2.4105
1974 627586 0.5496
627586 1974 0.5496
627586 599388 0.591
599388 627586 0.591
599388 599389 0.738
599389 599388 0.738
599389 1953178 0.9456
1953178 599389 0.9456
1953178 1660749 0.3186
1660749 1953178 0.3186
1660749 190210 21.0018
190210 1660749 21.0018
190210 428927 9.3864
428927 190210 9.3864
428927 930625 26.4852
930625 428927 26.4852
930625 1539 8.1438
1539 930625 8.1438
2458 417605 0.5004
417605 2458 0.5004
417605 442466 3.7106
442466 417605 3.7106
442466 1498154 4.4635
1498154 442466 4.4635
2457 1678048 1.3058
1678048 2457 1.3058
1678048 1598767 0.3754
1598767 1678048 0.3754
1598767 543628 0.1754
543628 1598767 0.1754
543628 2458 0.2849
2458 543628 0.2849
2015181 2518 0.0247
2518 2015181 0.0247
2728 997349 0.9972
997349 2728 0.9972
997349 1797460 8.9472
1797460 997349 8.9472
1797460 589190 7.3596
589190 1797460 7.3596
589190 1678064 24.6204
1678064 589190 24.6204
1678064 1657033 0.2628
1657033 1678064 0.2628
1657033 2459 1.164
2459 1657033 1.164
2015185 2127 4.4455
2127 453395 4.5849
453395 968 0.7143
968 353342 0.5791
353342 363430 4.4964
363430 964412 3.5177
964412 363437 1.7599
363437 363438 2.7237
363438 989070 4.7247
989070 353338 0.6285
353338 2128 0.8897
2735 1498255 0.6642
1498255 1498256 0.192
1498256 111762 0.3198
111762 275630 0.4902
275630 337174 6.5364
337174 609949 0.8244
609949 337213 2.7522
337213 275620 0.5874
275620 256494 1.7478
256494 2736 1.9356
2736 256445 0.48
256445 2737 1.3764
2737 2738 1.3734
2738 1723 0.2856
1723 1171180 1.5252
1171180 1152042 0.1548
1152042 446912 0.2874
446912 617944 2.8902
5751 4403 0.8604
4403 5751 0.8604
4549 653160 2.8332
653160 4549 2.8332
653160 4550 4.2456
4550 653160 4.2456
5750 4557 0.969
4557 5750 0.969
17 1106196 2.2406
1106196 17 2.2406
1106196 567315 3.5161
567315 1106196 3.5161
567315 918326 0.3528
918326 567315 0.3528
4772 17 3.7735
17 4772 3.7735
224574 224508 2.967
224508 101328 0.528
101328 224543 0.459
224543 8245 0.4326
8245 224538 0.4554
224538 101327 0.522
101327 5690 0.627
5690 5691 5.9112
5691 224589 0.7362
224589 43259 0.612
43259 949051 0.6342
949051 5692 0.7224
5692 224590 1.8168
2127 453397 0.978
2015227 453397 6.8856
372051 139271 1.9428
139271 372051 1.9428
139271 983032 1.1568
983032 139271 1.1568
983032 133880 0.447
133880 983032 0.447
133880 133242 0.4812
133242 133880 0.4812
133242 134181 7.7238
134181 133242 7.7238
134181 133208 1.5048
133208 134181 1.5048
133208 51029 1.1382
51029 133208 1.1382
5521 5748 1.2211
5748 5521 1.2211
8219 661533 3.2702
603989 603990 1.341
1276972 8227 5.5164
8228 225518 8.547
8227 101304 10.2138
101304 224494 1.6224
224494 8222 1.3344
8222 224503 1.1718
224503 101308 0.8952
101308 224516 0.9474
224516 224533 0.87
224533 101305 1.155
101305 101319 7.1106
101319 224501 1.3878
224501 8221 1.0044
8221 101323 1.1544
101323 43261 1.0038
43261 101314 1.2084
101314 8220 1.173
8220 224534 1.1196
224534 101315 4.8972
101315 8228 3.3906
224583 224514 1.3979
224577 101318 1.992
101318 8236 0.6198
8236 224539 0.4308
224539 101317 0.372
101317 224536 0.5226
224536 8235 0.5418
8235 8233 4.338
8233 224519 0.4962
224519 101320 0.4248
101320 8234 0.3984
8234 224521 0.3828
224521 101321 0.42
101321 224579 0.7086
224579 224580 2.6322
224581 224506 2.1312
224506 101337 0.834
101337 8237 0.8808
8237 224493 0.822
224493 101336 0.8148
101336 224529 0.7776
224529 8238 0.8016
8238 101335 0.8358
101335 224525 0.8514
224525 8239 0.8514
8239 101334 0.8556
101334 224509 0.8604
224509 8240 0.9048
8240 224530 0.9516
224530 949052 1.1742
949052 224576 1.515
224582 224524 2.6706
224524 8246 1.047
8246 224499 1.1346
224499 101309 0.9294
101309 224544 0.8622
224544 8247 1.0272
8247 101329 6.5136
101329 101332 1.5774
101332 224541 2.0478
224541 224523 1.4598
224523 49902 1.9548
49902 224578 3.3576
8230 367194 2.67
367194 224535 1.2396
224535 224532 1.6062
224532 8231 1.2366
8231 224517 1.1742
224517 43260 1.1376
43260 224513 1.101
224513 8229 1.065
8229 101338 0.8664
101338 224512 0.8586
224512 224498 0.8076
224498 101324 0.891
8248 224522 0.9264
224522 101306 0.99
101306 224507 0.9864
224507 8249 1.0602
8249 224505 0.87
224505 224537 1.287
224537 8225 3.4116
9220 324761 0.1646
324761 9220 0.1646
324761 941658 0.2551
941658 324761 0.2551
941658 1953831 0.8707
1953831 941658 0.8707
1953831 114843 5.8742
114843 1953831 5.8742
114843 241158 1.9815
241158 114843 1.9815
241158 934190 1.1386
934190 241158 1.1386
934190 164180 3.7558
164180 934190 3.7558
164180 1953832 1.477
1953832 164180 1.477
1953832 537670 3.1325
537670 1953832 3.1325
537670 941020 2.5622
941020 537670 2.5622
941020 1953833 1.1546
1953833 941020 1.1546
1953833 941021 1.0219
941021 1953833 1.0219
941021 241155 0.1507
241155 941021 0.1507
241155 941022 0.5601
941022 241155 0.5601
538872 1570656 0.2826
1570656 1016046 0.4489
1016046 1954101 0.2466
1954101 1139873 3.7818
1139873 1409917 1.8346
1409917 1570641 0.4874
1570641 1954100 1.6114
1954100 199100 4.5698
199100 1570647 3.8642
1570647 101969 0.3924
101969 947408 2.929
17083 873612 0.4542
873612 199145 1.4436
199145 17085 2.2512
17085 1657589 0.9582
1657589 101964 3.3306
101964 1657581 0.5886
1657581 17928 2.9088
17928 1657646 0.471
1657646 101963 0.5034
101963 1568727 0.8628
1568727 957447 9.5526
957447 568319 3.1668
568319 17923 0.6624
161356 56899 0.8763
56899 324788 0.7833
324788 324794 0.3955
324794 105662 0.3502
105662 9220 0.6002
102225 935891 0.8928
935891 102225 0.8928
935891 1167005 8.7276
1167005 935891 8.7276
1167005 1167010 2.895
1167010 1167005 2.895
1167010 1980447 10.2384
1980447 1167010 10.2384
1980447 17618 0.4704
17618 1980447 0.4704
17773 1047138 0.3432
1047138 17773 0.3432
1047138 1767236 0.8172
1767236 1047138 0.8172
1767236 1767233 1.2156
1767233 1767236 1.2156
1767233 1518164 2.541
1518164 1767233 2.541
1518164 805809 1.68
805809 1518164 1.68
805809 1953953 5.2506
1953953 805809 5.2506
1953953 481806 0.1662
481806 1953953 0.1662
481806 17774 2.5968
17774 481806 2.5968
17774 1047151 2.8038
1047151 17774 2.8038
1047151 1091546 0.921
1091546 1047151 0.921
1091546 1058196 3.9318
1058196 1091546 3.9318
1058196 982135 6.8436
982135 1058196 6.8436
982135 1953954 5.247
1953954 982135 5.247
1953954 1091539 1.2714
1091539 1953954 1.2714
1091539 1025899 0.5358
1025899 1091539 0.5358
1025899 32585 0.7362
32585 1025899 0.7362
17798 332803 1.4606
332803 17798 1.4606
332803 58034 4.7962
58034 332803 4.7962
58034 17799 1.2297
17799 58034 1.2297
17799 332796 0.8995
332796 17799 0.8995
332796 332827 0.864
332827 332796 0.864
332827 1348426 6.8837
1348426 332827 6.8837
1348426 74570 1.3269
74570 1348426 1.3269
74570 332825 1.1011
332825 74570 1.1011
332825 332806 1.3526
332806 332825 1.3526
2015365 332806 2.143
332806 2015365 2.143
1160721 1042061 2.9484
1042061 1160721 2.9484
1042061 1574397 12.7188
1574397 1042061 12.7188
1574397 1574398 5.7636
1574398 1574397 5.7636
1574398 17826 1.9656
17826 1574398 1.9656
17872 333944 0.7704
333944 17872 0.7704
333944 333767 1.7923
333767 333944 1.7923
333767 1953846 1.7203
1953846 333767 1.7203
1953846 680965 1.6791
680965 1953846 1.6791
680965 17873 0.4654
17873 680965 0.4654
17777 1058812 0.507
1058812 130274 2.0898
130274 295667 5.8446
295667 129919 1.2876
129919 295666 1.4604
295666 124637 0.4872
124637 1035322 1.8894
1035322 130119 0.81
130119 17888 0.4596
2000 658530 1.6674
658530 205020 1.2924
205020 204984 0.5232
204984 204986 9.7848
204986 962711 0.8502
962711 962721 2.7444
962721 962749 1.3566
962749 1563405 0.9972
1563405 962750 1.509
962750 962728 1.2942
962728 658546 4.7514
658546 45338 0.603
962790 101047 0.1914
101047 962790 0.1914
101047 962753 1.521
962753 101047 1.521
962753 962757 1.4394
962757 962753 1.4394
962757 658544 1.773
658544 962757 1.773
658544 45338 0.657
45338 658544 0.657
17797 332814 0.323
332814 17961 0.2988
17961 332795 0.3009
332795 332826 0.3137
332826 140319 0.2129
140319 332810 0.2906
332810 332792 0.3111
332792 17962 0.269
17962 332823 0.3914
332823 17963 0.3502
17964 160835 1.5403
160835 17964 1.5403
160835 1926434 1.3875
1926434 160835 1.3875
332802 332791 0.8666
332791 17970 0.4171
17970 193457 0.4017
193457 332805 0.2397
332805 140321 0.2515
140321 332790 0.1918
332790 332822 0.2453
332822 17969 0.2762
17969 332801 0.253
332801 17966 0.2926
17797 414904 0.3682
414904 17797 0.3682
414904 673669 7.289
673669 414904 7.289
673669 194580 2.251
194580 673669 2.251
194580 17798 0.9319
17798 194580 0.9319
17966 140322 0.9509
140322 332832 0.4978
332832 17967 0.3831
17967 1634078 0.0926
1634078 332818 0.1815
332818 332798 0.2787
332798 193454 1.5393
193454 168158 0.2942
168158 17968 0.4721
1740255 1112049 2.4552
1112049 1740255 2.4552
1112049 843023 1.9656
843023 1112049 1.9656
843023 1960019 4.3236
1960019 843023 4.3236
17971 1954020 1.398
1954020 45301 2.0508
17921 333978 0.393
333978 333985 0.3708
333985 333981 0.9576
333981 333965 0.3648
333965 17922 0.4278
17922 653111 2.013
653111 17971 0.645
4549 1149874 3.3324
1149874 4549 3.3324
1149874 653145 2.9592
653145 1149874 2.9592
653145 1716 0.498
1716 653145 0.498
17973 286322 1.9404
286322 17973 1.9404
286322 252073 2.484
252073 286322 2.484
252073 1030372 2.9706
1030372 252073 2.9706
1030372 102020 5.8584
102020 1030372 5.8584
102020 49864 2.0718
49864 102020 2.0718
49864 380535 2.0334
380535 49864 2.0334
380535 1030373 1.0362
1030373 380535 1.0362
1030373 380499 2.7306
380499 1030373 2.7306
380499 380550 2.4018
380550 380499 2.4018
380550 380541 0.0978
380541 380550 0.0978
380541 1082792 1.6836
1082792 380541 1.6836
1082792 106940 0.3816
106940 1082792 0.3816
106940 17974 0.6708
17974 106940 0.6708
17974 601981 1.293
601981 17974 1.293
601981 1082794 0.4374
1082794 601981 0.4374
1082794 914812 3.6156
914812 1082794 3.6156
914812 117579 2.0508
117579 914812 2.0508
117579 914813 0.8214
914813 117579 0.8214
914813 914814 3.591
914814 914813 3.591
914814 1661988 1.2846
1661988 914814 1.2846
1661988 914815 0.867
914815 1661988 0.867
914815 1592865 7.8468
1592865 914815 7.8468
1592865 914817 0.5154
914817 1592865 0.5154
914817 17975 0.7218
17975 914817 0.7218
136928 1281359 0.1951
1281359 136928 0.1951
1281359 901786 0.9824
901786 1281359 0.9824
901786 138541 1.8414
138541 901786 1.8414
138541 136721 0.1955
136721 138541 0.1955
136721 138558 1.0483
138558 136721 1.0483
138558 136930 1.2233
136930 138558 1.2233
136930 136931 0.9418
136931 136930 0.9418
136931 136704 1.6844
136704 136931 1.6844
1910170 1910169 3.66
1910169 1910170 3.66
1910169 168120 0.984
168120 1910169 0.984
168120 168153 4.2
168153 168120 4.2
168153 654211 0.7632
654211 168153 0.7632
654211 168144 0.8208
168144 654211 0.8208
168144 983719 0.4548
983719 168144 0.4548
983719 983720 0.624
983720 983719 0.624
983720 168129 1.3944
168129 983720 1.3944
168129 168140 1.3692
168140 168129 1.3692
168140 983721 0.5532
983721 168140 0.5532
983721 168118 0.5904
168118 983721 0.5904
168118 168149 6.1824
168149 168118 6.1824
168149 983718 1.1664
983718 168149 1.1664
983718 168126 8.3664
168126 983718 8.3664
168126 983717 10.5024
983717 168126 10.5024
983717 983716 1.5672
983716 983717 1.5672
983716 168124 1.5924
168124 983716 1.5924
168124 168138 1.4928
168138 168124 1.4928
168138 1925830 1.7304
1925830 168138 1.7304
1925830 168132 2.496
168132 1925830 2.496
168132 1910211 13.482
1910211 168132 13.482
1910211 168148 2.916
168148 1910211 2.916
168148 983715 3.996
983715 168148 3.996
983715 983714 2.3568
983714 983715 2.3568
983714 168137 1.1364
168137 983714 1.1364
168137 983713 2.6136
983713 168137 2.6136
983713 983712 1.8204
983712 983713 1.8204
983712 983711 1.2408
983711 983712 1.2408
983711 168156 1.236
168156 983711 1.236
168156 983710 2.0388
983710 168156 2.0388
983710 132719 10.5024
132719 983710 10.5024
132719 983709 4.5264
983709 132719 4.5264
983709 132720 3.0288
132720 983709 3.0288
132720 132721 1.326
132721 132720 1.326
132721 654189 1.7196
654189 132721 1.7196
654189 132722 2.3676
132722 654189 2.3676
30301 1095737 0.8151
1095737 30301 0.8151
1095737 30304 9.0067
30304 1095737 9.0067
30304 587931 1.8597
587931 30304 1.8597
587931 1046632 1.1751
1046632 587931 1.1751
1046632 167119 0.5349
167119 1046632 0.5349
167119 1483991 0.9504
1483991 167119 0.9504
1483991 852263 1.3449
852263 1483991 1.3449
17971 1073206 0.7698
1073206 1954021 6.126
1954021 204839 0.9432
204839 204812 6.1116
204812 599363 6.1878
599363 32586 0.6276
1018 1031816 0.3604
1031816 1018 0.3604
1031816 1082799 0.0936
1082799 1031816 0.0936
1082799 914748 4.414
914748 1082799 4.414
914748 1076756 0.3179
1076756 914748 0.3179
1076756 914753 0.4442
914753 1076756 0.4442
914753 380544 0.2711
380544 914753 0.2711
380544 1072953 0.2783
1072953 380544 0.2783
1072953 1082795 6.9052
1082795 1072953 6.9052
1082795 601979 0.3557
601979 1082795 0.3557
601979 17974 0.4075
17974 601979 0.4075
17974 601984 0.3611
601984 17974 0.3611
601984 1082793 0.2621
1082793 601984 0.2621
1082793 102023 3.5392
102023 1082793 3.5392
2010 1082800 0.3708
1082800 2010 0.3708
1082800 1082801 1.0541
1082801 1082800 1.0541
1082801 1018 0.5904
1018 1082801 0.5904
2008 1058807 0.3121
1058807 2008 0.3121
1058807 1082808 0.2236
1082808 1058807 0.2236
1082808 129917 0.9673
129917 1082808 0.9673
2008 200043 0.5448
200043 1082767 4.0662
1082767 121771 1.2762
121771 1076768 2.8092
1076768 202690 1.7808
202690 202688 1.4046
2015503 202688 1.4766
2015505 196963 0.5076
196963 2015505 0.5076
196963 200573 4.3428
200573 196963 4.3428
200573 202663 5.3904
202663 200573 5.3904
202663 200574 9.3456
200574 202663 9.3456
200574 1953977 3.3924
1953977 200574 3.3924
1953977 202226 5.1084
202226 1953977 5.1084
202226 45317 1.3776
45317 202226 1.3776
45317 202191 1.4988
202191 45317 1.4988
202191 1953976 6.6204
1953976 202191 6.6204
1953976 289500 3.1488
289500 1953976 3.1488
289500 1174088 6.99
1174088 289500 6.99
1174088 130328 1.1592
130328 1174088 1.1592
130328 1174091 0.4728
1174091 130328 0.4728
1174091 121769 15.2304
121769 1174091 15.2304
121769 1076777 5.7144
1076777 121769 5.7144
1076777 1032192 2.1348
1032192 1076777 2.1348
1032192 2003 1.6932
2003 1032192 1.6932
2010 914743 1.3578
914743 2006020 1.332
2006020 1082791 1.1502
1082791 35624 1.9818
35624 562703 2.4072
562703 1032179 3.4542
1032179 35868 4.434
35868 1082788 0.6732
1082788 117557 4.1754
117557 1091541 1.1238
1091541 997511 0.36
997511 32584 0.6834
32584 997512 0.7962
997512 1091534 24.3732
1091534 993043 0.3582
993043 32585 0.8454
33243 602002 4.3092
602002 33243 4.3092
602002 1161948 2.7684
1161948 602002 2.7684
1161948 33244 10.9656
33244 1161948 10.9656
33244 1592738 8.7444
1592738 33244 8.7444
1592738 1592739 8.874
1592739 1592738 8.874
1592739 602003 1.0404
602003 1592739 1.0404
602003 33245 7.9236
33245 602003 7.9236
1276882 942605 59.2272
942605 1276882 59.2272
4405 1025905 0.6609
1025905 4405 0.6609
1025905 1953965 1.7131
1953965 1025905 1.7131
1953965 302672 0.6197
302672 1953965 0.6197
302672 982136 3.457
982136 302672 3.457
982136 967815 0.5441
967815 982136 0.5441
967815 1953966 1.477
1953966 967815 1.477
1953966 1565085 3.0261
1565085 1953966 3.0261
1565085 1406351 1.4241
1406351 1565085 1.4241
1406351 973483 1.1217
973483 1406351 1.1217
973483 1953967 0.235
1953967 973483 0.235
1953967 967814 0.2222
967814 1953967 0.2222
967814 1406359 0.2679
1406359 967814 0.2679
1406359 973479 1.585
973479 1406359 1.585
973479 1953968 2.6985
1953968 973479 2.6985
1953968 1282989 1.3865
1282989 1953968 1.3865
333994 2015515 1.8752
333994 1025929 0.0738
1025929 480 0.2603
4403 2010007 0.467
2010007 4403 0.467
2010007 852681 0.4593
852681 2010007 0.4593
2004 1032406 0.6468
1032406 115299 0.9552
115299 1954024 1.5516
1954024 35846 3.1494
35846 286317 2.4396
286317 286281 5.1324
286281 286332 2.2926
286332 1954023 2.202
1954023 599364 2.9328
599364 32587 0.6906
35622 2006054 0.2316
2006054 35622 0.2316
2006054 1032390 1.416
1032390 2006054 1.416
1032390 2006055 1.3182
2006055 1032390 1.3182
2006055 35623 0.3228
35623 2006055 0.3228
35624 1032380 0.6558
1032380 35624 0.6558
1032380 1032393 1.1724
1032393 1032380 1.1724
1032393 2006018 1.2012
2006018 1032393 1.2012
2006018 35625 0.3288
35625 2006018 0.3288
35840 1059982 3.5676
1059982 35840 3.5676
1059982 286290 11.7864
286290 1059982 11.7864
286290 286347 5.6448
286347 286290 5.6448
286347 286288 25.6932
286288 286347 25.6932
286288 286335 6.1632
286335 286288 6.1632
286335 35841 23.4648
35841 286335 23.4648
35841 35842 5.7168
35842 35841 5.7168
35842 35843 10.6848
35843 35842 10.6848
35843 35844 5.6376
35844 35843 5.6376
35844 102240 0.3852
102240 35844 0.3852
102240 35845 25.5708
35845 102240 25.5708
35845 286331 13.5936
286331 35845 13.5936
286331 378575 0.7272
378575 286331 0.7272
378575 378570 1.7496
378570 378575 1.7496
378570 378579 11.6532
378579 378570 11.6532
378579 286336 8.4564
286336 378579 8.4564
286336 378569 0.5292
378569 286336 0.5292
378569 378571 5.472
378571 378569 5.472
378571 278547 0.2628
278547 378571 0.2628
278547 286320 27.9684
286320 278547 27.9684
35847 658600 4.5108
658600 35847 4.5108
658600 592445 10.656
592445 658600 10.656
592445 592450 2.1204
592450 592445 2.1204
592450 592447 7.6644
592447 592450 7.6644
592447 592421 26.658
592421 592447 26.658
592421 592435 21.9024
592435 592421 21.9024
592435 592438 4.0968
592438 592435 4.0968
592438 592434 12.3552
592434 592438 12.3552
592434 592391 19.6992
592391 592434 19.6992
592391 1060000 10.1448
1060000 592391 10.1448
1060000 35848 2.6424
35848 1060000 2.6424
35868 1032177 3.5712
1032177 35868 3.5712
1032177 117553 8.4168
117553 1032177 8.4168
117553 1032173 1.6128
1032173 117553 1.6128
1032173 562704 7.0848
562704 1032173 7.0848
562704 35869 19.7568
35869 562704 19.7568
35869 452336 13.4316
452336 35869 13.4316
452336 117554 10.458
117554 452336 10.458
117554 117555 3.5568
117555 117554 3.5568
117555 997628 9.5652
997628 117555 9.5652
997628 35870 3.9456
35870 997628 3.9456
30302 1180165 0.6639
1180165 30302 0.6639
1180165 1659332 3.1773
1659332 1180165 3.1773
1659332 1659326 1.6812
1659326 1659332 1.6812
1659326 1659335 4.8266
1659335 1659326 4.8266
1659335 130845 5.8767
130845 1659335 5.8767
130845 1180030 2.3462
1180030 130845 2.3462
1180030 1660570 0.7313
1660570 1180030 0.7313
1660570 1799870 1.4961
1799870 1660570 1.4961
1799870 1660161 4.9145
1660161 1799870 4.9145
1660161 53064 1.3557
53064 1660161 1.3557
42449 1364546 3.0636
1364546 42449 3.0636
1364546 1582710 6.9264
1582710 1364546 6.9264
2015611 1582710 0.9684
1582710 2015611 0.9684
2015613 42461 0.0684
42461 2015613 0.0684
42461 1261331 11.1708
1261331 42461 11.1708
1261331 42462 9.198
42462 1261331 9.198
2015615 1282883 1.3788
1282883 2015615 1.3788
1282883 42457 44.7228
42457 1282883 44.7228
42457 1207550 2.4516
1207550 42457 2.4516
1207550 1207551 5.0328
1207551 1207550 5.0328
1207551 42458 2.2896
42458 1207551 2.2896
42458 42459 19.6992
42459 42458 19.6992
2015617 333245 2.4187
333245 2015617 2.4187
333245 1959540 0.6115
1959540 333245 0.6115
1959540 168949 0.4032
168949 1959540 0.4032
168949 1959539 2.4495
1959539 168949 2.4495
1959539 1022254 0.397
1022254 1959539 0.397
1022254 42478 0.6876
42478 1022254 0.6876
317794 317809 36.4428
317809 317794 36.4428
317809 42484 32.4
42484 317809 32.4
42478 317781 0.5436
317781 42478 0.5436
317781 317765 0.5091
317765 317781 0.5091
317765 317796 0.1713
317796 317765 0.1713
317796 317742 0.3122
317742 317796 0.3122
317742 317799 0.5703
317799 317742 0.5703
317799 317783 0.4896
317783 317799 0.4896
317783 317945 3.077
317945 317783 3.077
317945 599411 0.8871
599411 317945 0.8871
599411 317741 1.8345
317741 599411 1.8345
317741 317949 0.8959
317949 317741 0.8959
317949 1608452 2.4999
1608452 317949 2.4999
1608452 317738 0.7606
317738 1608452 0.7606
317738 42479 0.7442
42479 317738 0.7442
42479 1652578 0.198
1652578 42479 0.198
1652578 317776 0.5302
317776 1652578 0.5302
317776 42480 0.6233
42480 317776 0.6233
42480 317712 0.9658
317712 42480 0.9658
317712 42481 0.9684
42481 317712 0.9684
42481 317747 1.2677
317747 42481 1.2677
317747 1959541 3.0945
1959541 317747 3.0945
1959541 317730 1.4091
317730 1959541 1.4091
317730 317718 3.1186
317718 317730 3.1186
317718 1207012 1.5413
1207012 317718 1.5413
1207012 1959542 1.0414
1959542 1207012 1.0414
1959542 42482 0.4063
42482 1959542 0.4063
42482 317735 1.0517
317735 42482 1.0517
317735 317717 0.703
317717 317735 0.703
317717 1006037 1.0116
1006037 317717 1.0116
1006037 42483 0.5775
42483 1006037 0.5775
2015619 30580 1.8401
30580 1959532 4.1301
1959532 603988 0.4343
2015621 30579 0.8969
305375 133185 0.4629
133185 305375 0.4629
133185 134911 2.3297
134911 133185 2.3297
134911 983056 0.2499
983056 134911 0.2499
983056 6181 0.5626
6181 983056 0.5626
6181 134836 1.2446
134836 6181 1.2446
134836 983061 2.5437
983061 134836 2.5437
48699 48700 9.7416
48700 48699 9.7416
48701 323361 0.3103
323361 48701 0.3103
323361 323390 0.6422
323390 323361 0.6422
48863 961344 2.0592
961344 48863 2.0592
2015715 961344 12.1176
961344 2015715 12.1176
2015717 1132738 0.0936
1132738 2015717 0.0936
1132738 1155448 28.3716
1155448 1132738 28.3716
1155448 48865 8.8416
48865 1155448 8.8416
48867 444165 0.9948
444165 134863 1.758
134863 1139256 4.1904
1139256 134905 1.2456
134905 134861 4.17
134861 1186710 7.2588
1186710 48868 1.1988
48868 134907 1.2888
134907 48868 1.2888
134907 134878 0.99
134878 134907 0.99
134878 243836 5.5944
243836 134878 5.5944
243836 1149691 2.5404
1149691 243836 2.5404
1149691 1149693 0.6672
1149693 1149691 0.6672
1149693 134888 8.6508
134888 1149693 8.6508
134888 134887 8.5512
134887 134888 8.5512
134887 134900 8.0352
134900 134887 8.0352
134900 133895 4.9632
133895 134900 4.9632
133895 48871 4.4676
48871 133895 4.4676
48869 1149613 0.2671
1149613 48869 0.2671
1149613 134968 1.4674
134968 1149613 1.4674
134968 48880 1.2362
48880 134968 1.2362
48880 134981 4.5439
134981 48880 4.5439
134981 444159 1.0951
444159 134981 1.0951
444159 134971 1.4825
134971 444159 1.4825
134971 1674684 3.8945
1674684 134971 3.8945
1674684 134985 1.2636
134985 1674684 1.2636
134985 1238619 0.1382
1238619 134985 0.1382
1238619 429661 2.3602
429661 1238619 2.3602
429661 624793 2.9095
624793 429661 2.9095
624793 429662 8.4895
429662 624793 8.4895
429662 1477 5.0918
1477 429662 5.0918
1477 1125287 4.361
1125287 1477 4.361
1125287 1925821 6.0977
1925821 1125287 6.0977
1925821 1635321 3.7886
1635321 1925821 3.7886
1635321 48881 11.2032
48881 1635321 11.2032
49708 155612 2.5906
155612 49708 2.5906
155612 519365 2.335
519365 155612 2.335
5519 808928 7.1676
808928 5519 7.1676
808928 5520 8.5464
5520 808928 8.5464
5520 1746013 14.9904
1746013 5520 14.9904
1746013 134893 0.9072
134893 1746013 0.9072
134893 134835 7.29
134835 134893 7.29
134835 1149709 18.2664
1149709 134835 18.2664
1149709 134832 5.9616
134832 1149709 5.9616
134832 134876 13.9608
134876 134832 13.9608
49865 1031812 0.4494
1031812 654207 2.3916
654207 286328 0.5214
286328 115301 5.5104
115301 286343 0.5058
286343 278548 6.5172
278548 1905604 1.0578
1905604 954983 5.3814
954983 49864 0.618
49894 588111 3.6756
588111 49894 3.6756
588111 49895 20.6496
49895 588111 20.6496
49895 588128 16.1208
588128 49895 16.1208
588128 114195 16.3476
114195 588128 16.3476
114195 588159 11.6784
588159 114195 11.6784
588159 588161 4.0176
588161 588159 4.0176
588161 49896 24.9948
49896 588161 24.9948
1539 168017 18.7812
168017 1539 18.7812
168017 86516 2.8238
86516 168017 2.8238
51029 543576 0.576
543576 51029 0.576
543576 983039 2.0196
983039 543576 2.0196
983039 1139269 3.2184
1139269 983039 3.2184
1139269 134165 7.9992
134165 1139269 7.9992
1007292 417587 3.0312
417587 1007292 3.0312
417587 1494299 1.0188
1494299 417587 1.0188
1494299 417585 1.1772
417585 1494299 1.1772
417585 1006 0.329
1006 417585 0.329
51047 1413530 5.2308
1413530 51047 5.2308
1413530 442506 6.7932
442506 1413530 6.7932
442506 1898525 1.5048
1898525 442506 1.5048
1898525 442507 1.422
442507 1898525 1.422
1007 960108 0.8022
960108 1007 0.8022
960108 51049 4.284
51049 960108 4.284
51049 562596 9.0084
562596 51049 9.0084
51079 168842 123.9984
168842 51079 123.9984
168842 1924470 4.32
1924470 168842 4.32
1924470 51080 7.2
51080 1924470 7.2
51089 466611 279.0072
466611 51089 279.0072
466611 1085234 135.3672
1085234 466611 135.3672
202246 174920 353.556
174920 202246 353.556
174920 1553152 35.2872
1553152 174920 35.2872
1553152 1553151 148.6872
1553151 1553152 148.6872
1553151 1553150 48.6936
1553150 1553151 48.6936
1553150 1553149 23.796
1553149 1553150 23.796
1553149 1553148 71.0568
1553148 1553149 71.0568
1553148 1553147 37.3968
1553147 1553148 37.3968
51092 590555 0.3245
590555 51092 0.3245
590555 590191 11.0201
590191 590555 11.0201
590191 590194 0.991
590194 590191 0.991
590194 1385089 1.2955
1385089 590194 1.2955
1385089 78376 0.8748
78376 1385089 0.8748
78376 197868 4.8394
197868 78376 4.8394
197868 1334422 1.0131
1334422 197868 1.0131
1334422 599381 2.4609
599381 1334422 2.4609
599381 51093 0.4197
51093 599381 0.4197
51093 599382 1.458
599382 51093 1.458
599382 908243 1.5096
908243 599382 1.5096
908243 51096 4.8264
51096 908243 4.8264
568319 957448 0.9367
957448 568319 0.9367
957448 1657406 18.815
1657406 957448 18.815
1657406 1570887 3.2983
1570887 1657406 3.2983
1570887 52331 2.2644
52331 1570887 2.2644
52331 2006025 0.4817
2006025 52331 0.4817
2006025 2006021 0.635
2006021 2006025 0.635
53065 1598846 6.2273
1598846 53065 6.2273
1598846 1910240 2.8454
1910240 1598846 2.8454
1910240 1598843 0.3888
1598843 1910240 0.3888
1598843 1910250 6.8782
1910250 1598843 6.8782
1910250 1910258 3.9377
1910258 1910250 3.9377
1910258 1660463 12.3926
1660463 1910258 12.3926
1660463 1580632 0.4745
1580632 1660463 0.4745
1580632 1580634 1.255
1580634 1580632 1.255
1580634 36212 3.5316
36212 1580634 3.5316
36212 199113 2.1182
199113 36212 2.1182
199113 1660203 2.4019
1660203 199113 2.4019
4550 314927 2.3022
314927 4550 2.3022
314927 114088 2.8326
114088 314927 2.8326
114088 314933 0.861
314933 114088 0.861
314933 112197 2.031
112197 314933 2.031
112197 1988759 3.5016
1988759 112197 3.5016
1988759 1988752 0.243
1988752 1988759 0.243
1988752 654898 0.8916
654898 1988752 0.8916
654898 121193 0.6246
121193 654898 0.6246
121193 654899 1.026
654899 121193 1.026
654899 121194 3.1038
121194 654899 3.1038
121194 654900 4.1388
654900 121194 4.1388
654900 654901 0.5286
654901 654900 0.5286
654901 537969 0.5028
537969 654901 0.5028
537969 35847 0.3012
35847 537969 0.3012
35847 654902 0.7788
654902 35847 0.7788
654902 592415 5.1282
592415 654902 5.1282
592415 1954017 1.3734
1954017 592415 1.3734
1954017 121040 1.4622
121040 1954017 1.4622
121040 1073200 0.1602
1073200 121040 0.1602
1073200 1800169 5.106
1800169 1073200 5.106
1800169 1147426 0.555
1147426 1800169 0.555
601977 902673 1.7291
902673 937435 1.0678
1091572 1082727 1.0447
1082727 1072961 0.2761
1072961 4563 0.8251
4557 747563 1.272
747563 4557 1.272
747563 591373 0.687
591373 747563 0.687
591373 82074 0.3402
82074 591373 0.3402
82074 106942 0.7434
106942 82074 0.7434
106942 82065 0.99
82065 106942 0.99
82065 525235 4.5414
525235 82065 4.5414
525235 674343 0.606
674343 525235 0.606
674343 998678 0.6564
998678 674343 0.6564
998678 1953765 1.2186
1953765 998678 1.2186
1953765 702931 2.6286
702931 1953765 2.6286
702931 457578 0.3852
457578 702931 0.3852
457578 674340 1.7382
674340 457578 1.7382
674340 1953764 0.1776
1953764 674340 0.1776
1953764 674342 1.785
674342 1953764 1.785
674342 376918 0.2742
376918 674342 0.2742
376918 702919 0.4692
702919 376918 0.4692
702919 674341 0.597
674341 702919 0.597
674341 481464 1.0902
481464 674341 1.0902
481464 376920 4.0038
376920 481464 4.0038
376920 1953763 1.878
1953763 376920 1.878
1953763 525231 2.265
525231 1953763 2.265
525231 106166 3.6174
106166 525231 3.6174
106166 674339 2.1342
674339 106166 2.1342
674339 703285 0.594
703285 674339 0.594
703285 525234 0.462
525234 703285 0.462
525234 1953834 1.968
1953834 525234 1.968
1953834 106167 1.0806
106167 1953834 1.0806
106167 151496 2.7822
151496 106167 2.7822
151496 160620 1.3116
160620 151496 1.3116
160620 4635 0.7032
4635 160620 0.7032
4546 590632 0.594
590632 4546 0.594
590632 1975998 0.1686
1975998 590632 0.1686
1975998 283283 2.8872
283283 1975998 2.8872
283283 1146067 5.0886
1146067 283283 5.0886
1146067 283284 0.2316
283284 1146067 0.2316
283284 895883 4.3794
895883 283284 4.3794
895883 1966880 1.9284
1966880 895883 1.9284
1966880 921099 1.1544
921099 1966880 1.1544
921099 117578 0.2136
117578 921099 0.2136
117578 1034040 0.2772
1034040 117578 0.2772
1034040 1966879 0.408
1966879 1034040 0.408
1966879 115445 4.3248
115445 1966879 4.3248
115445 920882 0.9354
920882 115445 0.9354
920882 17975 0.8046
17975 920882 0.8046
17975 2008542 1.332
2008542 17975 1.332
2008542 129716 0.783
129716 2008542 0.783
129716 443212 2.7354
443212 129716 2.7354
443212 1034201 4.0782
1034201 443212 4.0782
1034201 1034137 4.1964
1034137 1034201 4.1964
1034137 443207 1.227
443207 1034137 1.227
443207 1034135 3.423
1034135 443207 3.423
1034135 1034133 3.0492
1034133 1034135 3.0492
1034133 1091543 1.557
1091543 1034133 1.557
1091543 920868 0.3846
920868 1091543 0.3846
920868 32581 0.5094
32581 920868 0.5094
4403 244237 3.308
244237 443127 2.1614
443127 2015825 0.1544
1990 1204268 0.2931
1204268 1990 0.2931
1204268 1953771 2.8378
1953771 1204268 2.8378
1953771 1434261 1.2888
1434261 1953771 1.2888
1434261 1434262 0.3718
1434262 1434261 0.3718
1434262 17618 5.1043
17618 1434262 5.1043
17618 1980448 0.2988
1980448 17618 0.2988
1980448 492369 5.2977
492369 1980448 5.2977
