127420
1269877 323299 1.6002
399357 756154 0.185
756154 1550 0.3344
32592 80270 0.4668
80270 32592 0.4668
80270 132204 5.9502
132204 80270 5.9502
132204 472770 1.2516
472770 132204 1.2516
472770 1131418 2.8044
1131418 472770 2.8044
1131418 132192 1.5438
132192 1131418 1.5438
132192 472777 2.7918
472777 132192 2.7918
472777 657663 4.782
657663 472777 4.782
657663 1166747 0.4446
1166747 657663 0.4446
17938 101280 0.1422
101280 17938 0.1422
45334 200054 0.8862
200054 1996 3.5994
1996 203576 2.4864
203576 1953993 1.2228
1953993 658490 2.997
658490 17943 0.7902
17943 200047 8.6742
200047 45326 0.5598
45326 200052 0.4746
200052 202215 2.8554
202215 1953990 2.376
1953990 6439 4.218
6439 200049 2.0796
200049 202244 6.5352
202244 196955 2.5026
196955 32580 0.5214
1121849 508756 37.7208
508756 1121849 37.7208
2005 915766 2.7528
915766 2005 2.7528
915766 1396372 7.1544
1396372 915766 7.1544
1396372 937532 2.9808
937532 1396372 2.9808
937532 477458 1.71
477458 937532 1.71
477458 6443 1.1568
6443 477458 1.1568
17925 971705 0.7584
971705 902744 0.3144
902744 549687 6.4482
549687 17948 0.2982
17948 841633 0.1908
841633 1953996 3.9042
1953996 115706 3.6918
115706 17952 1.8786
158486 31141 1.0447
4672 702892 0.8815
702892 4672 0.8815
702892 181964 1.62
181964 702892 1.62
181964 1296170 2.5617
1296170 181964 2.5617
1296170 1904157 0.433
1904157 1296170 0.433
1904157 1904158 0.5205
1904158 1904157 0.5205
1904158 1904156 0.523
1904156 1904158 0.523
1904156 959270 1.8499
959270 1904156 1.8499
959270 1537771 1.2924
1537771 959270 1.2924
1537771 71538 0.179
71538 1537771 0.179
1642198 1537766 0.1788
1537766 1642198 0.1788
1537766 850417 8.7144
850417 1537766 8.7144
850417 850434 28.2
850434 850417 28.2
850434 850416 1.1592
850416 850434 1.1592
850416 1595768 7.5924
1595768 850416 7.5924
1595768 1595767 0.7464
1595767 1595768 0.7464
1595767 1595766 0.6168
1595766 1595767 0.6168
1595766 1595765 1.3248
1595765 1595766 1.3248
1595765 1544461 1.494
1544461 1595765 1.494
17933 17934 1.3964
17934 332888 3.469
332888 332896 1.3075
332896 142367 1.4022
142367 332916 1.4724
332916 332949 1.4638
332949 332945 1.5581
332945 5511 1.4069
5511 114701 1.3068
25286 48319 0.8075
101875 2015229 0.0756
2015229 101875 0.0756
101875 513103 1.0903
513103 101875 1.0903
513103 1764350 0.6521
1764350 513103 0.6521
1764350 1954730 0.6696
1954730 1764350 0.6696
1954730 13116 5.8557
13116 1954730 5.8557
1105600 657652 0.4872
657652 1460036 0.7704
1460036 938500 1.269
938500 373535 1.4418
373535 938486 0.8712
938486 937514 3.5082
937514 373490 3.8286
373490 938440 1.4034
938440 6446 1.9368
6447 938453 1.5858
938453 6447 1.5858
938453 902099 0.2928
902099 938453 0.2928
902099 902105 3.2112
902105 902099 3.2112
902105 938479 1.2468
938479 902105 1.2468
938479 938494 2.2464
938494 938479 2.2464
938494 856975 2.874
856975 938494 2.874
856975 902135 1.8198
902135 856975 1.8198
902135 17779 0.4254
17779 902135 0.4254
17779 902138 0.6228
902138 17779 0.6228
902138 114108 4.938
114108 902138 4.938
114108 531984 0.4326
531984 114108 0.4326
531984 531989 5.823
531989 531984 5.823
531989 180241 0.2568
180241 531989 0.2568
2015273 53070 0.0348
53070 2015273 0.0348
31201 756194 0.5646
756194 756197 0.2958
756197 10968 0.9696
2015297 432361 6.3104
2015299 432365 6.1556
2015301 4672 2.4686
4672 2015301 2.4686
11938 322793 0.8301
322793 11938 0.8301
322793 1339434 2.8965
1339434 322793 2.8965
1339434 110456 10.1535
110456 1339434 10.1535
110456 110462 0.4983
110462 110456 0.4983
110462 935590 5.9925
935590 110462 5.9925
935590 5764 0.5019
5764 935590 0.5019
245737 330672 0.2545
330672 245751 0.2977
245751 330495 0.4025
330495 79368 0.9954
330428 73265 16.2853
330530 12993 2.6395
12987 215152 0.832
215152 87136 1.4483
87136 12988 0.5054
12988 12989 0.6678
12989 330515 1.0912
330515 330624 0.5422
330624 447848 0.3715
12993 330487 0.9882
330487 132718 0.2138
132718 12994 0.1663
12994 330594 0.1642
330594 12995 0.1681
12995 330413 0.1714
330413 330506 0.1613
330506 12996 0.1375
12996 13001 0.3589
13001 13000 0.418
13000 12999 1.8968
12996 12997 2.56
12997 12996 2.56
12997 56083 1.2604
56083 12997 1.2604
56083 330425 7.1374
330425 56083 7.1374
330425 12998 0.319
12998 330425 0.319
51237 5876 0.5282
5876 51237 0.5282
13114 242842 0.7725
242842 13114 0.7725
242842 1954728 1.7069
1954728 242842 1.7069
1954728 243083 0.7421
243083 1954728 0.7421
243083 243079 2.8317
243079 243083 2.8317
243079 101543 7.7544
101543 243079 7.7544
101543 101562 2.5159
101562 101543 2.5159
101562 101548 1.0944
101548 101562 1.0944
101548 13115 1.6632
13115 101548 1.6632
13115 1954729 1.5346
1954729 13115 1.5346
1954729 97536 9.1707
97536 1954729 9.1707
97536 1764155 3.0739
1764155 97536 3.0739
1764155 242825 5.9508
242825 1764155 5.9508
242825 13116 0.7622
13116 242825 0.7622
78676 35153 0.5152
35153 78676 0.5152
220290 1121510 0.3954
1121510 220290 0.3954
1121510 2015349 0.1488
2015349 1121510 0.1488
5761 215173 1.49
215173 48324 2.3832
48324 247713 0.8298
1435306 1761302 0.1677
1761302 1435306 0.1677
1761302 490972 2.0129
490972 1761302 2.0129
490972 16280 6.4954
16280 490972 6.4954
16280 16279 0.539
16279 16280 0.539
16279 16278 0.5914
16278 16279 0.5914
16278 16277 25.4052
16277 16278 25.4052
117823 2015351 9.9216
2015351 117823 9.9216
117823 117822 3.894
117822 117823 3.894
117822 1476215 0.6744
1476215 117822 0.6744
1963237 2015353 0.2674
1963237 673489 5.2797
673489 935407 3.8993
935407 1963238 2.5899
1963238 104646 4.9551
104646 1530556 0.5277
1530556 756394 4.931
756394 104641 3.9399
2015355 104641 5.1634
989315 1296200 3.0804
1296200 989315 3.0804
1296200 154132 5.37
154132 1296200 5.37
154132 154133 1.8552
154133 154132 1.8552
154133 154134 2.6976
154134 154133 2.6976
154134 51799 2.6856
51799 154134 2.6856
51799 987687 2.634
987687 51799 2.634
987687 989314 15.5148
989314 987687 15.5148
512266 371326 0.2549
17077 318997 5.5095
318997 1010012 0.3081
1010012 1339449 4.4049
1339449 1339441 4.6512
1339441 987995 0.9211
987995 987994 3.5187
987994 880287 2.4053
880287 48335 1.7655
48335 941725 0.2921
941725 1339634 7.4463
1339634 935762 4.0078
935762 17078 0.6022
1166795 17772 0.7566
1960022 2015365 3.2518
2015365 1960022 3.2518
1960022 1655738 2.0556
1655738 1960022 2.0556
1655738 1655733 4.4378
1655733 1655738 4.4378
1655733 1291310 1.1623
1291310 1655733 1.1623
1291310 17800 11.4393
17800 1291310 11.4393
17800 1420551 0.4557
1420551 17800 0.4557
1420551 550895 0.7678
550895 1420551 0.7678
550895 1296223 0.3348
1296223 550895 0.3348
1296223 1024814 0.5765
1024814 1296223 0.5765
1024814 551131 2.4526
551131 1024814 2.4526
551131 1960023 1.9831
1960023 551131 1.9831
1960023 551125 3.8006
551125 1960023 3.8006
551125 49087 5.3193
49087 551125 5.3193
373462 599349 0.3432
599349 373461 1.0566
373461 373460 1.3884
373460 599345 1.9326
599345 1306659 1.7304
1306659 997599 2.823
997599 2014 0.795
2007 1091556 4.41
1091556 902208 1.1808
902208 902205 2.4948
902205 17817 1.0116
17817 1174110 3.0996
1174110 1082855 1.4868
17820 1091560 5.4864
17925 971707 0.8904
971707 902775 2.0898
902775 452849 5.5008
452849 902824 4.1544
902824 204964 0.2148
204964 205030 2.6676
205030 204974 3.5808
204974 204989 4.38
204989 204953 0.4734
204953 204990 3.3204
204990 45334 0.6846
934274 934287 5.4354
934287 962811 2.2584
962811 934300 4.7232
934300 962803 0.3894
962803 902715 0.7968
902715 1387701 0.6906
1387701 962794 5.3742
962794 1544153 0.8976
1544153 17925 0.693
17932 549657 0.5136
549657 549653 0.54
549653 332893 0.5274
332893 332878 3.1938
332878 17934 0.5442
1166733 395423 0.291
395423 1166733 0.291
395423 1167509 0.2928
1167509 395423 0.2928
1167509 17933 0.1854
17933 1167509 0.1854
17925 1544150 0.723
1544150 17925 0.723
1544150 962754 1.659
962754 1544150 1.659
962754 1953982 2.4588
1953982 962754 2.4588
1953982 962759 1.4382
962759 1953982 1.4382
962759 962793 0.9864
962793 962759 0.9864
962793 962791 2.7792
962791 962793 2.7792
962791 101046 0.636
101046 962791 0.636
101046 1060118 0.819
1060118 101046 0.819
1060118 1539717 0.6288
1539717 1060118 0.6288
17936 395424 0.2172
395424 17936 0.2172
395424 1502247 0.354
1502247 395424 0.354
1502247 1166745 0.1518
1166745 1502247 0.1518
549682 1149875 0.5172
1149875 1920735 5.7666
1920735 841632 4.1202
841632 17949 0.3114
17944 1166726 0.297
1166726 17944 0.297
1166726 658426 0.4566
658426 1166726 0.4566
658426 1078878 0.2676
1078878 658426 0.2676
1078878 658419 0.3714
658419 1078878 0.3714
658419 203549 2.9046
203549 658419 2.9046
203549 1041785 3.0384
1041785 203549 3.0384
1041785 203606 1.1796
203606 1041785 1.1796
203606 485377 2.3784
485377 203606 2.3784
485377 1051154 0.5082
1051154 485377 0.5082
1051154 228200 0.7248
228200 1051154 0.7248
228200 80267 0.7032
80267 228200 0.7032
80267 203612 2.0424
203612 80267 2.0424
203612 901303 0.387
901303 203612 0.387
901303 901299 2.7306
901299 901303 2.7306
901299 203590 0.6816
203590 901299 0.6816
203590 662478 2.1204
662478 203590 2.1204
662478 17945 0.558
17945 662478 0.558
17946 552010 0.4848
552010 17946 0.4848
552010 17947 7.086
17947 552010 7.086
17947 902704 1.551
902704 17947 1.551
902704 902725 0.465
902725 902704 0.465
902725 902705 3.4776
902705 902725 3.4776
902705 902729 2.0568
902729 902705 2.0568
902729 17948 0.6696
17948 902729 0.6696
327048 30700 11.412
30700 327048 11.412
30700 327047 3.8232
327047 30700 3.8232
327047 649329 5.3568
649329 327047 5.3568
649329 327044 18.972
327044 649329 18.972
17955 302148 2.6712
302148 17955 2.6712
302148 114859 1.5768
114859 302148 1.5768
114859 688299 2.7876
688299 114859 2.7876
688299 1908844 0.1632
1908844 688299 0.1632
1908844 945350 2.1504
945350 1908844 2.1504
945350 1908848 9.6048
1908848 945350 9.6048
1908848 1908847 3.0888
1908847 1908848 3.0888
1908847 945346 3.0648
945346 1908847 3.0648
945346 30339 1.536
30339 945346 1.536
30339 1203025 8.8428
1203025 30339 8.8428
1203025 1203027 3.6144
1203027 1203025 3.6144
1203027 1203034 4.3944
1203034 1203027 4.3944
1203034 1196319 4.5
1196319 1203034 4.5
1196319 1197240 8.9736
1197240 1196319 8.9736
1197240 1203037 6.768
1203037 1197240 6.768
1203037 1203045 1.1676
1203045 1203037 1.1676
1203045 945343 1.8252
945343 1203045 1.8252
945343 1196315 2.7756
1196315 945343 2.7756
1196315 945259 9.7716
945259 1196315 9.7716
945259 30334 0.8928
30334 945259 0.8928
30334 945256 1.1424
945256 30334 1.1424
945256 17956 23.9124
17956 945256 23.9124
17956 594616 5.3352
594616 17956 5.3352
594616 17957 3.8964
17957 594616 3.8964
17957 594611 1.848
594611 17957 1.848
594611 17958 2.3148
17958 594611 2.3148
17958 224904 4.2636
224904 17958 4.2636
224904 594596 0.9564
594596 224904 0.9564
594596 17959 2.3052
17959 594596 2.3052
17959 53151 5.244
53151 17959 5.244
53151 594604 1.572
594604 53151 1.572
594604 17960 3.9204
17960 594604 3.9204
17960 203625 9.4836
203625 17960 9.4836
203625 204876 5.0196
204876 203625 5.0196
204876 204890 5.8104
204890 204876 5.8104
204890 103244 11.682
103244 204890 11.682
103244 563322 2.1336
563322 103244 2.1336
563322 756115 0.822
756115 563322 0.822
756115 871423 0.474
871423 756115 0.474
871423 871422 0.4812
871422 871423 0.4812
871422 31141 0.7764
31141 871422 0.7764
5807 935543 2.5164
935543 5807 2.5164
935543 1264735 14.562
1264735 935543 14.562
1264735 87062 1.386
87062 1264735 1.386
87062 134317 8.4852
134317 87062 8.4852
134317 134318 4.4208
134318 134317 4.4208
134318 1159101 9.4248
1159101 134318 9.4248
1159101 1159099 25.8948
1159099 1159101 25.8948
1159099 48299 17.1792
48299 1159099 17.1792
48299 1264755 8.55
1264755 48299 8.55
1264755 1264689 30.8268
1264689 1264755 30.8268
1264689 1264711 6.786
1264711 1264689 6.786
1264711 1264736 12.7368
1264736 1264711 12.7368
1264736 1091954 4.8312
1091954 1264736 4.8312
1091954 20593 5.3604
20593 1091954 5.3604
20592 322784 1.26
322784 254409 3.264
254409 254411 3.18
254411 854754 7.2108
854754 854757 2.0328
854757 47170 21.2964
16275 469280 0.5375
469280 23634 1.4389
23634 603410 2.5841
28039 1612548 3.2314
1612548 28039 3.2314
1612548 1694215 1.8824
1694215 1612548 1.8824
1694215 1694216 3.6616
1694216 1694215 3.6616
1694216 187078 1.8709
187078 1694216 1.8709
187078 2013897 0.4622
2013897 187078 0.4622
2013897 1264076 0.4036
1264076 2013897 0.4036
1264076 1626449 0.6599
1626449 1264076 0.6599
1626449 561626 1.4962
561626 1626449 1.4962
561626 561625 0.2016
561625 561626 0.2016
561625 2014992 0.2322
2014992 561625 0.2322
2014992 28038 0.32
28038 2014992 0.32
1691008 1690990 45.1224
1690990 1691008 45.1224
1690990 1691006 44.6904
1691006 1690990 44.6904
1691006 1691000 25.7688
1691000 1691006 25.7688
1691000 1690994 72.936
1690994 1691000 72.936
1690994 247686 29.6856
247686 1690994 29.6856
247686 1690988 57.2256
1690988 247686 57.2256
1690988 1690982 44.6976
1690982 1690988 44.6976
1690982 1690977 36.3024
1690977 1690982 36.3024
1690977 142350 15.0192
142350 1690977 15.0192
142350 1194476 13.536
1194476 142350 13.536
1194476 28528 13.7448
28528 1194476 13.7448
28528 1690973 27.1512
1690973 28528 27.1512
1690973 247174 31.4496
247174 1690973 31.4496
247174 1690968 27.6336
1690968 247174 27.6336
1690968 142349 28.4472
142349 1690968 28.4472
142349 142348 5.6088
142348 142349 5.6088
142348 1690958 4.6296
1690958 142348 4.6296
1690958 28529 1.4904
28529 1690958 1.4904
28529 1690963 7.8768
1690963 28529 7.8768
1690963 1656328 75.9528
1656328 1690963 75.9528
1656328 51966 5.7744
51966 1656328 5.7744
51966 1690957 27.8784
1690957 51966 27.8784
1690957 68733 83.9592
68733 1690957 83.9592
68733 247536 53.4312
247536 68733 53.4312
28541 28546 20.7864
28546 28541 20.7864
28546 427879 5.4144
427879 28546 5.4144
427879 427880 5.508
427880 427879 5.508
427880 28547 4.4496
28547 427880 4.4496
28547 319617 4.4208
319617 28547 4.4208
319617 28548 8.3304
28548 319617 8.3304
28548 700999 12.5064
700999 28548 12.5064
700999 1879894 4.4208
1879894 700999 4.4208
1879894 1391173 9.6408
1391173 1879894 9.6408
295064 295074 33.4872
295074 295064 33.4872
295074 295075 45.7632
295075 295074 45.7632
295075 295076 37.332
295076 295075 37.332
295076 295077 42.5592
295077 295076 42.5592
295077 295078 27.2376
295078 295077 27.2376
295078 295079 36.3168
295079 295078 36.3168
295079 403550 50.7384
403550 295079 50.7384
403550 295080 9.396
295080 403550 9.396
295080 295081 61.9344
295081 295080 61.9344
295081 295082 24.948
295082 295081 24.948
295082 28558 20.7936
28558 295082 20.7936
28582 1032264 11.2392
1032264 28582 11.2392
1032264 28581 11.1024
28581 1032264 11.1024
28581 1943112 5.256
1943112 28581 5.256
1943112 28580 11.0088
28580 1943112 11.0088
28580 28579 35.1072
28579 28580 35.1072
28579 28578 40.5576
28578 28579 40.5576
28578 28577 51.8472
28577 28578 51.8472
28577 28576 39.1248
28576 28577 39.1248
28576 28575 56.052
28575 28576 56.052
28575 28574 50.8464
28574 28575 50.8464
28574 28573 82.6488
28573 28574 82.6488
28573 28572 57.3408
28572 28573 57.3408
28572 28571 36.5256
28571 28572 36.5256
28571 166493 19.5192
166493 28571 19.5192
166493 28570 17.0784
28570 166493 17.0784
28570 166497 8.5032
166497 28570 8.5032
166497 28569 14.0112
28569 166497 14.0112
28569 28568 10.548
28568 28569 10.548
28568 28567 20.0088
28567 28568 20.0088
28567 166494 17.4312
166494 28567 17.4312
166494 28566 15.048
28566 166494 15.048
28566 166491 9.6408
166491 28566 9.6408
166491 1184045 4.9968
1184045 166491 4.9968
1184045 28565 17.3808
28565 1184045 17.3808
28565 28564 27.0576
28564 28565 27.0576
28564 1184036 17.5824
1184036 28564 17.5824
1184036 1005093 22.5432
1005093 1184036 22.5432
1005093 28563 27.7344
28563 1005093 27.7344
28563 28562 34.1352
28562 28563 34.1352
28562 166496 36.4464
166496 28562 36.4464
166496 28583 59.3784
28583 166496 59.3784
28583 28584 27.1152
28584 28583 27.1152
28584 150970 25.0056
150970 28584 25.0056
150970 28585 22.7952
28585 150970 22.7952
28585 28586 47.232
28586 28585 47.232
28597 28598 24.696
28598 28597 24.696
28598 28580 18.4392
28580 28598 18.4392
28595 935876 9.576
935876 28595 9.576
935876 28604 19.6848
28604 935876 19.6848
28604 28605 21.4416
28605 28604 21.4416
28605 28599 19.296
28599 28605 19.296
28592 930922 19.2672
930922 28592 19.2672
930922 28606 20.5632
28606 930922 20.5632
28606 28607 33.8256
28607 28606 33.8256
28607 28608 55.7784
28608 28607 55.7784
28608 930944 37.332
930944 28608 37.332
930944 28591 18.5112
28591 930944 18.5112
28609 28614 56.1816
28614 28609 56.1816
28614 28615 53.7696
28615 28614 53.7696
28615 915311 41.5584
915311 28615 41.5584
915311 915309 37.2096
915309 915311 37.2096
532815 1032352 5.904
1032352 532815 5.904
221858 314629 27.5544
314629 221858 27.5544
314629 314643 21.0024
314643 314629 21.0024
314643 836682 19.2384
836682 314643 19.2384
836682 314593 19.6776
314593 836682 19.6776
314593 325695 27.2808
325695 314593 27.2808
325695 314636 38.0592
314636 325695 38.0592
314636 337295 30.4128
337295 314636 30.4128
337295 337302 33.2856
337302 337295 33.2856
337302 980158 8.2656
980158 337302 8.2656
980158 337296 20.5776
337296 980158 20.5776
337296 836661 10.9656
836661 337296 10.9656
836661 325512 38.0736
325512 836661 38.0736
325512 314615 31.3416
314615 325512 31.3416
314615 325422 25.6392
325422 314615 25.6392
325422 965679 23.9112
965679 325422 23.9112
965679 198123 38.6784
198123 965679 38.6784
28647 1681425 3.3336
1681425 28647 3.3336
1681425 1936630 3.7656
1936630 1681425 3.7656
1936630 28648 7.0056
28648 1936630 7.0056
28649 980161 3.8808
980161 28649 3.8808
28650 28653 28.3248
28653 28650 28.3248
28653 28654 20.3184
28654 28653 20.3184
28654 28655 19.8576
28655 28654 19.8576
28655 28656 17.7552
28656 28655 17.7552
28656 28657 9.6408
28657 28656 9.6408
28668 28667 17.7624
28667 28668 17.7624
28667 28666 12.2256
28666 28667 12.2256
474213 28675 9.2088
28675 474213 9.2088
28676 197901 38.4192
197901 28676 38.4192
197901 28677 13.1328
28677 197901 13.1328
28693 553936 0.8712
553936 1666459 1.013
1666459 1960343 0.9029
1960343 1107065 2.9549
1107065 1760024 4.6548
1760024 777492 3.4078
777492 777496 5.4058
777496 653873 3.7116
653873 1196970 3.8693
1196970 28694 0.869
17943 658484 0.4764
658484 17943 0.4764
658484 203557 4.617
203557 658484 4.617
203557 203038 3.975
203038 203557 3.975
203038 28695 4.0134
28695 203038 4.0134
28695 203048 21.4308
203048 28695 21.4308
203048 1075242 31.2948
1075242 203048 31.2948
1075242 28696 2.9232
28696 1075242 2.9232
150967 150968 20.6928
150968 150967 20.6928
150968 150969 25.38
150969 150968 25.38
30318 205741 2.0652
205741 30318 2.0652
205741 1938938 4.8456
1938938 205741 4.8456
1938938 1033518 0.7596
1033518 1938938 0.7596
1033518 1033520 1.1724
1033520 1033518 1.1724
1033520 205711 0.5256
205711 1033520 0.5256
205711 1938937 1.35
1938937 205711 1.35
1938937 203627 2.5452
203627 1938937 2.5452
203627 205770 6.666
205770 203627 6.666
205770 952007 0.7776
952007 205770 0.7776
952007 952008 2.0796
952008 952007 2.0796
952008 30327 42.3744
30327 952008 42.3744
30321 48802 0.7308
48802 30321 0.7308
48802 938189 0.4701
938189 48802 0.4701
938189 1334137 3.1479
1334137 938189 3.1479
1334137 1656014 0.4608
1656014 1334137 0.4608
1656014 205746 0.3518
205746 1656014 0.3518
205746 205780 1.7763
205780 205746 1.7763
205780 205752 8.6246
205752 205780 8.6246
205752 302129 2.4943
302129 205752 2.4943
302129 30322 0.4176
30322 302129 0.4176
30319 1033557 1.0332
1033557 30319 1.0332
1033557 1906255 6.2616
1906255 1033557 6.2616
1906255 1655589 2.73
1655589 1906255 2.73
1655589 1033530 6.4716
1033530 1655589 6.4716
1033530 1655583 2.0472
1655583 1033530 2.0472
1655583 1655588 10.98
1655588 1655583 10.98
1655588 1655569 7.4424
1655569 1655588 7.4424
1655569 30331 2.0232
30331 1655569 2.0232
30331 1589351 6.636
1589351 30331 6.636
1589351 602085 5.8548
602085 1589351 5.8548
602085 30323 1.4676
30323 602085 1.4676
30328 602088 0.8184
602088 30328 0.8184
602088 1656000 3.096
1656000 602088 3.096
1656000 1655956 6.3708
1655956 1656000 6.3708
1655956 30332 4.3452
30332 1655956 4.3452
30332 1655995 7.9908
1655995 30332 7.9908
1655995 1906254 7.6968
1906254 1655995 7.6968
1906254 1088058 0.1092
1088058 1906254 0.1092
1088058 1655552 0.5304
1655552 1088058 0.5304
1655552 1906316 13.9308
1906316 1655552 13.9308
1906316 30331 0.426
30331 1906316 0.426
30332 1655561 8.412
1655561 30332 8.412
1655561 1655958 1.8696
1655958 1655561 1.8696
1655958 1655557 7.4484
1655557 1655958 7.4484
1655557 1655983 5.7048
1655983 1655557 5.7048
1655983 1655976 3.7116
1655976 1655983 3.7116
1655976 1655977 7.1844
1655977 1655976 7.1844
1655977 1033546 3.2304
1033546 1655977 3.2304
1033546 30333 0.9912
30333 1033546 0.9912
30336 205724 1.3896
205724 30336 1.3896
205724 205721 2.6724
205721 205724 2.6724
205721 1960305 1.3872
1960305 205721 1.3872
1960305 205734 10.6836
205734 1960305 10.6836
205734 205750 6.9732
205750 205734 6.9732
205750 205716 6.0732
205716 205750 6.0732
205716 205776 5.832
205776 205716 5.832
205776 688277 10.0968
688277 205776 10.0968
688277 1960307 1.236
1960307 688277 1.236
1960307 1960306 2.3976
1960306 1960307 2.3976
1960306 205759 3.1008
205759 1960306 3.1008
205759 30338 1.3248
30338 205759 1.3248
161931 1274767 2.6625
1274767 161931 2.6625
1274767 1274771 3.5177
1274771 1274767 3.5177
1274771 1929085 0.5179
1929085 1274771 0.5179
1929085 1577802 1.3227
1577802 1929085 1.3227
1577802 1929080 2.9319
1929080 1577802 2.9319
1929080 1577781 2.1379
1577781 1929080 2.1379
1577781 565714 0.3626
565714 1577781 0.3626
565714 1577774 5.9966
1577774 565714 5.9966
51990 321044 9.4824
321044 51990 9.4824
321044 1642833 17.5824
1642833 321044 17.5824
1642833 325358 7.1856
325358 1642833 7.1856
325358 1906784 15.1092
1906784 325358 15.1092
1906784 1364356 29.0628
1364356 1906784 29.0628
1364356 1906763 11.0448
1906763 1364356 11.0448
1906763 146771 0.7452
146771 1906763 0.7452
10968 10965 0.6732
831312 514283 1.449
514283 831312 1.449
514283 327049 1.992
327049 514283 1.992
327049 1749349 12.3582
1749349 327049 12.3582
1749349 959770 0.639
959770 1749349 0.639
2015479 1269896 0.068
1269896 1269900 0.3661
1269900 1269888 0.3247
1269888 1269877 0.5191
247471 1656338 24.9336
1656338 247471 24.9336
1656338 247522 6.768
247522 1656338 6.768
30701 30703 30.6288
30703 30701 30.6288
30703 319616 23.4648
319616 30703 23.4648
2014 1306662 1.4436
1306662 2014 1.4436
1306662 1306660 0.6948
1306660 1306662 0.6948
1306660 1538990 0.54
1538990 1306660 0.54
1538990 30707 2.4696
30707 1538990 2.4696
30707 1306657 10.6056
1306657 30707 10.6056
1306657 390998 4.2588
390998 1306657 4.2588
390998 1122030 2.2536
1122030 390998 2.2536
1122030 30710 3.1968
30710 1122030 3.1968
28590 30711 31.6152
30711 28590 31.6152
30712 913555 1.7712
913555 30712 1.7712
913555 1032277 18.4896
1032277 913555 18.4896
1032277 1564004 30.4632
1564004 1032277 30.4632
1564004 1407451 37.728
1407451 1564004 37.728
1407451 30713 59.1264
30713 1407451 59.1264
30711 30712 6.0768
30712 30711 6.0768
31202 1938117 0.9852
1938117 31202 0.9852
1938117 1938116 0.51
1938116 1938117 0.51
1938116 30318 1.1496
30318 1938116 1.1496
31203 30336 2.7264
30336 31203 2.7264
50073 799091 0.2383
799091 50073 0.2383
799091 1954555 0.4144
1954555 799091 0.4144
1954555 1928350 0.698
1928350 1954555 0.698
1928350 799090 0.5436
799090 1928350 0.5436
799090 2015 0.3467
2015 799090 0.3467
32589 477450 0.4884
477450 669139 10.8942
669139 4548 0.4692
4548 988639 0.4902
988639 1953944 2.1924
1953944 1184663 8.3694
1184663 1343314 11.634
1343314 988643 2.9634
988643 32590 0.6384
882319 2015501 0.1098
2015501 882319 0.1098
882319 199193 1.3974
199193 882319 1.3974
199193 1016020 4.173
1016020 199193 4.173
1016020 993015 0.573
993015 1016020 0.573
993015 971238 2.7426
971238 993015 2.7426
971238 199189 2.7426
199189 971238 2.7426
199189 199183 3.444
199183 199189 3.444
199183 1016018 4.6998
1016018 199183 4.6998
1016018 1050043 3.8238
1050043 1016018 3.8238
1050043 32591 0.528
32591 1050043 0.528
32591 1050042 0.5226
1050042 32591 0.5226
1050042 114785 3.0726
114785 1050042 3.0726
114785 377632 4.3722
377632 114785 4.3722
377632 377630 1.3404
377630 377632 1.3404
377630 377629 0.4374
377629 377630 0.4374
377629 1061451 1.2414
1061451 377629 1.2414
1061451 377628 0.2598
377628 1061451 0.2598
377628 377627 0.9822
377627 377628 0.9822
377627 377626 4.0086
377626 377627 4.0086
377626 377625 1.1292
377625 377626 1.1292
377625 377624 1.167
377624 377625 1.167
377624 377623 3.5736
377623 377624 3.5736
377623 669136 3.8556
669136 377623 3.8556
669136 6449 0.4404
6449 669136 0.4404
1953986 2015503 4.2186
1953986 583829 0.8058
583829 196964 1.0626
196964 32579 0.8136
32579 196958 0.5148
196958 1953988 1.839
1953988 202681 2.8188
202681 202686 0.8178
202686 200315 4.1502
200315 130309 2.3166
130309 200045 8.6232
200045 45325 0.4638
45325 200044 0.5706
200044 1953991 3.1914
1953991 193705 3.9438
193705 658520 1.5738
658520 200038 3.0282
200038 1953992 3.5148
1953992 203588 1.1298
203588 203539 3.5268
32579 2015505 0.3828
2015505 32579 0.3828
32580 1174112 3.6348
1174112 32580 3.6348
1174112 32579 2.4756
32579 1174112 2.4756
32580 196943 0.8226
196943 1953987 1.2684
1953987 199213 4.4454
199213 960653 4.9758
960653 200034 0.6678
200034 200036 5.382
200036 1082805 1.7172
1082805 200046 0.2922
200046 1997 0.7182
1997 200051 0.8088
200051 1082756 2.535
1082756 1016027 2.3628
1016027 988638 4.9512
988638 32589 0.6984
1997 1082804 0.5368
1082804 1997 0.5368
1082804 1082807 0.9018
1082807 1082804 0.9018
2734 1211686 0.8856
2015513 1211686 1.1083
87036 576646 0.1883
576646 87036 0.1883
576646 576647 0.2045
576647 576646 0.2045
576647 34138 0.6466
34138 576647 0.6466
34138 1489034 0.7884
1489034 34138 0.7884
1489034 704257 0.1224
704257 1489034 0.1224
704257 34139 0.4478
34139 704257 0.4478
40128 481960 1.8072
481960 40128 1.8072
481960 34153 1.0975
34153 481960 1.0975
97280 34412 0.4118
34412 97280 0.4118
34412 576645 0.6401
576645 34412 0.6401
34139 883265 0.5501
883265 34139 0.5501
883265 1616352 1.6906
1616352 883265 1.6906
1616352 87041 0.9151
87041 1616352 0.9151
881195 103786 0.3308
103786 34838 0.4507
1955956 1955982 0.3949
1955982 480108 1.8803
480108 34840 1.5534
34840 992874 1.066
992874 480106 0.8168
480106 480105 0.7589
480105 1955959 1.372
1068021 868212 8.4136
868212 1957690 7.4448
1957690 1204701 0.9724
1204701 40122 7.6766
34845 1566501 1.9732
576648 1566506 0.9227
34899 51247 0.7254
34920 778158 2.0844
778158 34920 2.0844
778158 1320981 4.9108
1320981 778158 4.9108
1320981 1846251 2.0423
1846251 1320981 2.0423
1846251 1958110 0.5695
1958110 1846251 0.5695
1958110 1958111 0.4345
1958111 1958110 0.4345
1958111 34902 0.4579
34902 1958111 0.4579
34902 686695 2.7032
686695 34908 0.7279
34912 51456 2.0124
51232 35126 1.6704
35126 20589 1.895
13113 5876 1.593
32578 467153 2.4792
467153 32578 2.4792
467153 779873 11.3412
779873 467153 11.3412
779873 34916 2.994
34916 779873 2.994
34916 1492955 4.9128
1492955 34916 4.9128
1492955 1492943 6.6156
1492943 1492955 6.6156
1492943 1492944 0.2076
1492944 1492943 0.2076
1492944 875566 5.8788
875566 1492944 5.8788
875566 1731715 5.4408
1731715 875566 5.4408
1731715 82136 2.7972
82136 1731715 2.7972
82136 34917 4.074
34917 82136 4.074
34921 383530 0.689
383530 34921 0.689
383530 624497 1.382
624497 383530 1.382
624497 624500 0.481
624500 624497 0.481
624500 1958114 0.5137
1958114 624500 0.5137
1958114 624505 0.5576
624505 1958114 0.5576
624505 1320092 1.0962
1320092 624505 1.0962
1320092 624503 0.7052
624503 1320092 0.7052
624503 150627 1.9706
150627 624503 1.9706
150627 777928 2.8868
777928 150627 2.8868
777928 1667826 0.4468
1667826 777928 0.4468
1667826 1958113 1.7996
1958113 1667826 1.7996
1958113 51067 0.6826
51067 1958113 0.6826
51067 686701 0.3521
686701 51067 0.3521
686701 1958112 0.518
1958112 686701 0.518
1958112 686700 4.7095
686700 1958112 4.7095
686700 779137 0.1505
779137 686700 0.1505
779137 34920 0.806
34920 779137 0.806
35108 1730067 0.7853
1730067 35108 0.7853
1730067 1730068 0.649
1730068 1730067 0.649
1730068 269805 1.1777
269805 1730068 1.1777
269805 469170 0.3837
469170 269805 0.3837
469170 1958105 0.4809
1958105 469170 0.4809
1958105 664252 0.6043
664252 1958105 0.6043
664252 661393 3.6555
661393 664252 3.6555
661393 661392 0.5503
661392 661393 0.5503
661392 1958104 1.2754
1958104 661392 1.2754
1958104 664247 6.5618
664247 1958104 6.5618
664247 512282 2.8358
512282 664247 2.8358
512282 512281 0.2808
512281 512282 0.2808
35110 651984 2.6465
651984 651992 3.9621
651992 35111 0.1959
35111 651995 2.593
651995 917365 0.9108
917365 35112 1.1901
35117 647827 1.3788
647827 35117 1.3788
647827 647840 7.164
647840 647827 7.164
647840 1022486 1.2264
1022486 647840 1.2264
1022486 35115 2.0136
35115 1022486 2.0136
35108 466939 1.5377
466939 647834 0.2211
647834 654066 7.7806
654066 53166 0.3466
53166 1721016 3.8937
1721016 651998 0.235
651998 35118 1.0857
35114 1720086 1.3896
1720086 35114 1.3896
35120 189626 0.6074
189626 35121 0.4896
35121 35122 0.5781
35122 189619 0.5014
189619 35123 0.5359
35112 917366 1.3171
917366 35124 0.1095
35124 35125 0.5919
35125 35126 0.6058
13126 648015 0.4716
648015 13126 0.4716
648015 648017 0.8763
648017 648015 0.8763
648017 648019 0.5775
648019 648017 0.5775
648019 1959362 2.0793
1959362 648019 2.0793
1959362 1320421 2.4218
1320421 1959362 2.4218
1320421 1050769 4.7643
1050769 1320421 4.7643
1050769 108645 2.4537
108645 1050769 2.4537
108645 1320416 0.541
1320416 108645 0.541
1320416 1959363 1.818
1959363 1320416 1.818
1959363 35127 1.9075
35127 1959363 1.9075
1957681 340147 4.6934
340147 962001 0.4083
962001 961990 0.847
961990 1740122 0.8357
1740122 340149 2.2341
340149 35133 2.969
35133 962004 4.4527
962004 1317402 0.4351
1317402 1062059 2.1723
1062059 1062066 1.7655
1062066 1062067 1.8859
1062067 600320 0.9345
600320 13123 0.8311
35128 383525 2.7242
23639 603389 1.255
603389 23640 2.3656
23640 603402 1.2978
603402 23637 4.7628
35163 23639 2.245
13127 603384 0.9295
603384 603391 1.2193
603391 3038 1.175
3038 603399 0.7841
603399 40138 7.2738
3037 13127 2.2525
35164 603392 1.0487
603392 603387 0.8122
603387 102853 1.6009
102853 603390 0.9529
603390 1600630 4.631
1600630 461777 3.0762
461777 35166 0.5098
35123 51235 7.3491
35109 647837 3.8508
647837 35109 3.8508
647837 275706 2.8716
275706 647837 2.8716
275706 35117 4.5144
35117 275706 4.5144
5799 676589 4.2864
5797 5798 0.5688
5798 5797 0.5688
5798 132356 1.385
132356 5798 1.385
132356 132354 4.2912
132354 132356 4.2912
132354 1960352 1.4323
1960352 132354 1.4323
35269 676594 1.1232
676594 35269 1.1232
676594 1702411 0.7944
1702411 676594 0.7944
1702411 145186 16.0104
145186 1702411 16.0104
145186 73739 0.9444
73739 145186 0.9444
73739 1702422 1.5084
1702422 73739 1.5084
1702422 1702370 2.8572
1702370 1702422 2.8572
1702370 145187 3.522
145187 1702370 3.522
145187 145188 4.3476
145188 145187 4.3476
145188 1130056 2.076
1130056 145188 2.076
1130056 145189 6.9456
145189 1130056 6.9456
145189 145190 3.0888
145190 145189 3.0888
145190 1130055 7.1616
1130055 145190 7.1616
1130055 145191 1.11
145191 1130055 1.11
145191 145194 2.964
145194 145191 2.964
145194 1702373 5.6292
1702373 145194 5.6292
1702373 145196 8.682
145196 1702373 8.682
145196 1702424 3.0756
1702424 145196 3.0756
1702424 676595 0.8772
676595 1702424 0.8772
676595 35272 1.0332
35272 676595 1.0332
35278 475216 1.5276
475216 35278 1.5276
475216 248926 7.5492
248926 475216 7.5492
248926 463280 0.7344
463280 248926 0.7344
463280 823120 3.744
823120 463280 3.744
823120 248956 0.804
248956 823120 0.804
248956 182605 12.2424
182605 248956 12.2424
182605 248961 7.5588
248961 182605 7.5588
248961 157429 3.282
157429 248961 3.282
157429 35273 1.9152
35273 157429 1.9152
3041 480100 5.7856
480100 3042 1.9876
3042 992885 1.4432
992885 1015246 1.3676
1015246 1030487 1.0094
1030487 1030486 1.0703
1030486 1030485 1.4537
1030485 1030480 1.5822
1030480 1030481 2.4181
36650 654517 0.5961
654517 36650 0.5961
654517 1719613 0.2026
1719613 654517 0.2026
1719613 480293 0.8743
480293 1719613 0.8743
480293 1958108 1.7846
1958108 480293 1.7846
1958108 450320 0.3286
450320 1958108 0.3286
36649 1719620 0.9432
1719620 36649 0.9432
1719620 480282 2.9782
480282 1719620 2.9782
480282 159393 0.9427
159393 480282 0.9427
159393 1958106 1.0841
1958106 159393 1.0841
1958106 695892 2.3493
695892 1958106 2.3493
695892 703650 1.1901
703650 695892 1.1901
703650 695895 2.7242
695895 703650 2.7242
695895 1234505 2.1533
1234505 695895 2.1533
1234505 1955911 1.063
1955911 1234505 1.063
1955911 480744 0.9545
480744 1955911 0.9545
480744 36651 0.629
36651 480744 0.629
36651 603890 0.6706
603890 36651 0.6706
603890 36652 0.4263
36652 603890 0.4263
36652 36653 1.0903
36653 36652 1.0903
36653 36654 1.3356
36654 36653 1.3356
36654 36655 1.4004
36655 36654 1.4004
41871 978648 0.795
978648 41871 0.795
978648 159389 1.3566
159389 978648 1.3566
159389 159395 1.5108
159395 159389 1.5108
159395 1955909 0.7224
1955909 159395 0.7224
1955909 489523 3.819
489523 1955909 3.819
489523 159400 1.077
159400 489523 1.077
159400 1822865 0.33
1822865 159400 0.33
1822865 1955908 1.9788
1955908 1822865 1.9788
1955908 53076 1.884
53076 1955908 1.884
53076 1719581 0.7932
1719581 53076 0.7932
1719581 480037 2.541
480037 1719581 2.541
480037 480035 2.1444
480035 480037 2.1444
480035 50814 1.4436
50814 480035 1.4436
50814 1719584 0.7284
1719584 50814 0.7284
1719584 1955907 2.8902
1955907 1719584 2.8902
1955907 1719586 0.744
1719586 1955907 0.744
1719586 489524 2.7564
489524 1719586 2.7564
489524 1720061 3.4848
1720061 489524 3.4848
1720061 577672 0.6642
577672 1720061 0.6642
577672 1820176 0.6528
1820176 577672 0.6528
1820176 1955905 2.0166
1955905 1820176 2.0166
1955905 1480797 1.4898
1480797 1955905 1.4898
1480797 577673 0.2106
577673 1480797 0.2106
577673 577678 1.1352
577678 577673 1.1352
577678 36657 0.7296
36657 577678 0.7296
37394 561632 0.7938
561632 37394 0.7938
561632 1027126 2.93
1027126 561632 2.93
1027126 81153 0.0454
81153 1027126 0.0454
81153 1955968 1.184
1955968 81153 1.184
1955968 81656 1.6963
81656 1955968 1.6963
81656 81659 2.0448
81659 81656 2.0448
81659 81663 2.8771
81663 81659 2.8771
81663 561622 2.1211
561622 81663 2.1211
40095 1841004 3.3994
1841004 875669 7.8187
875669 40154 0.7015
40154 1963266 3.5059
1963266 770400 2.3457
770400 767764 1.8936
767764 770389 0.3441
770389 825783 7.6485
825783 40094 0.3055
37405 51479 2.0117
51479 37414 3.6691
37414 642176 2.0412
36659 37668 2.6993
37668 36659 2.6993
36659 212807 4.2638
212807 36659 4.2638
212807 1477179 3.1342
1477179 212807 3.1342
1477179 37672 0.7254
37672 1477179 0.7254
37402 37673 1.3687
37673 37402 1.3687
37676 1754747 5.2663
1754747 777708 1.4529
777708 39659 5.7687
39659 1107473 0.7961
1107473 1592925 7.2936
1592925 51459 0.5652
37676 1022263 0.5565
1022263 37676 0.5565
1022263 238712 0.2469
238712 1022263 0.2469
238712 39661 1.7604
39661 238712 1.7604
39661 302834 0.8285
302834 39661 0.8285
302834 238697 0.7581
238697 302834 0.7581
238697 49761 1.5902
49761 238697 1.5902
49761 160319 1.4215
160319 49761 1.4215
160319 160308 4.7206
160308 160319 4.7206
160308 604814 3.9924
604814 160308 3.9924
604814 37678 0.6562
37678 604814 0.6562
37679 577670 0.5556
577670 1592917 5.4792
1592917 238696 6.6636
238696 483658 5.2566
483658 37676 1.1016
37686 1825510 2.165
1825510 37686 2.165
1825510 37685 0.5688
37685 1825510 0.5688
37685 1825522 5.4
1825522 37685 5.4
1825522 1825540 1.525
1825540 1825522 1.525
1825540 1825531 5.7312
1825531 1825540 5.7312
1825531 989925 5.5325
989925 1825531 5.5325
989925 37684 2.7634
37684 989925 2.7634
37684 1352863 2.5358
1352863 37684 2.5358
1352863 948134 1.314
948134 1352863 1.314
37687 533074 2.2392
533074 37687 2.2392
533074 37688 8.1216
37688 533074 8.1216
37688 1052100 1.4292
1052100 37688 1.4292
1052100 37689 14.0328
37689 1052100 14.0328
37689 1051999 1.8108
1051999 37689 1.8108
1051999 1052003 10.9404
1052003 1051999 10.9404
1052003 37690 6.1344
37690 1052003 6.1344
37690 1051971 1.53
1051971 37690 1.53
1051971 1052043 15.84
1052043 1051971 15.84
1052043 1052036 11.4876
1052036 1052043 11.4876
1052036 37691 1.7964
37691 1052036 1.7964
37691 1052006 4.6728
1052006 37691 4.6728
1052006 37692 1.5552
37692 1052006 1.5552
37692 37693 11.2356
37693 37692 11.2356
49760 159391 15.4956
159391 49760 15.4956
159391 212777 10.5312
212777 159391 10.5312
212777 53075 1.5804
53075 212777 1.5804
53075 489346 16.7448
489346 53075 16.7448
489346 480256 0.2712
480256 489346 0.2712
480256 480289 3.1776
480289 480256 3.1776
480289 39657 1.3848
39657 480289 1.3848
39659 39668 3.5748
39668 39659 3.5748
39668 39660 13.14
39660 39668 13.14
39660 1105796 12.6828
1105796 39660 12.6828
1105796 160307 27.7632
160307 1105796 27.7632
160307 39661 47.2068
39661 160307 47.2068
39662 1754761 4.7304
1754761 39662 4.7304
1754761 39663 10.5552
39663 1754761 10.5552
39663 39664 22.8456
39664 39663 22.8456
39664 39665 13.5432
39665 39664 13.5432
39665 39666 12.1608
39666 39665 12.1608
39667 39666 19.5948
39666 39667 19.5948
39666 81475 5.4972
81475 39666 5.4972
81475 1382126 50.5944
1382126 81475 50.5944
1382126 39668 5.9724
39668 1382126 5.9724
40035 600329 0.6567
600329 40035 0.6567
600329 1317631 2.1446
1317631 600329 2.1446
1317631 1071121 2.7854
1071121 1317631 2.7854
1071121 727571 0.0669
727571 1071121 0.0669
727571 1317632 0.5282
1317632 727571 0.5282
1317632 1959317 2.8666
1959317 1317632 2.8666
1959317 1071197 1.2513
1071197 1959317 1.2513
1071197 1071122 0.1152
1071122 1071197 0.1152
1071122 340130 0.4325
340130 1071122 0.4325
340130 1071126 0.9231
1071126 340130 0.9231
1071126 1071194 1.1618
1071194 1071126 1.1618
1071194 340154 6.39
340154 1071194 6.39
340154 101992 2.0957
101992 340154 2.0957
101992 350887 1.7691
350887 101992 1.7691
350887 1717607 0.8522
1717607 350887 0.8522
1717607 1872992 3.5686
1872992 1717607 3.5686
1872992 1829048 2.3889
1829048 1872992 2.3889
1829048 1957673 0.6434
1957673 1829048 0.6434
1957673 40036 0.7894
40036 1957673 0.7894
40036 1039938 0.7992
1039938 40036 0.7992
1039938 1039936 0.6773
1039936 1039938 0.6773
1039936 1829052 0.1275
1829052 1039936 0.1275
1829052 1039939 0.5102
1039939 1829052 0.5102
1039939 40037 0.9242
40037 1039939 0.9242
40037 1204318 4.4918
1204318 40037 4.4918
1204318 40038 0.5806
40038 1204318 0.5806
35128 806385 0.2834
806385 35128 0.2834
806385 1959360 2.6851
1959360 806385 2.6851
1959360 149995 1.7311
149995 1959360 1.7311
149995 1740807 1.6827
1740807 149995 1.6827
1740807 150000 1.3248
150000 1740807 1.3248
150000 1291810 0.9051
1291810 150000 0.9051
1291810 1450896 4.8081
1450896 1291810 4.8081
1450896 853931 2.3919
853931 1450896 2.3919
853931 40129 0.7555
40129 853931 0.7555
40039 1039943 4.7232
1039943 1317690 7.4916
40122 40044 1.5177
40044 1064230 9.0175
1064230 875660 0.1625
875660 1964378 0.6783
1964378 1998790 3.7605
1998790 875650 0.7344
875650 169448 0.3744
169448 817400 5.0796
817400 762112 6.9897
762112 40113 0.7524
40097 541519 1.122
541519 1053822 3.5052
1053822 1053816 8.1792
1053816 99733 0.9912
99733 1053830 14.4852
1053830 1053833 5.13
1053833 1720084 2.3136
1720084 34156 0.636
34155 1070707 0.3626
1070707 34155 0.3626
1070707 1064760 0.3981
1064760 1070707 0.3981
1064760 1853511 0.3302
1853511 1064760 0.3302
1853511 1064762 0.5847
1064762 1853511 0.5847
1064762 40100 1.656
40100 1064762 1.656
40100 1064763 0.9267
1064763 40100 0.9267
1064763 1070708 0.4577
1070708 1064763 0.4577
1070708 40101 0.2787
40101 1070708 0.2787
40101 1064766 0.3327
1064766 40101 0.3327
1064766 480050 0.3261
480050 1064766 0.3261
480050 99675 1.0867
99675 480050 1.0867
99675 480052 0.4536
480052 99675 0.4536
480052 99676 0.4269
99676 480052 0.4269
99676 719989 0.3235
719989 99676 0.3235
719989 480051 0.4464
480051 719989 0.4464
480051 40102 0.8619
40102 480051 0.8619
40102 752236 1.7136
752236 40102 1.7136
752236 1853507 0.8882
1853507 752236 0.8882
1853507 40106 1.332
40106 1853507 1.332
1248140 1100500 2.31
1100500 1248140 2.31
1100500 1100492 10.6224
1100492 1100500 10.6224
1100492 1100495 4.272
1100495 1100492 4.272
1100495 1251408 0.318
1251408 1100495 0.318
1251408 1248122 5.8092
1248122 1251408 5.8092
1248122 1614284 7.3572
1614284 1248122 7.3572
1614284 40105 1.6272
40105 1614284 1.6272
40105 808474 1.2624
808474 40105 1.2624
808474 1248391 3.3408
1248391 808474 3.3408
1248391 99761 8.8872
99761 1248391 8.8872
99761 1251382 1.3296
