135930
7856 405521 0.809
405521 7856 0.809
405521 1964510 0.9422
1964510 405521 0.9422
1964510 73910 2.4506
73910 1964510 2.4506
73910 1925569 0.3867
1925569 73910 0.3867
1925569 99606 2.5447
99606 1925569 2.5447
99606 1930422 0.8177
1930422 99606 0.8177
1930422 1083222 2.1765
1083222 1930422 2.1765
1083222 141839 0.6696
141839 1083222 0.6696
141839 1957176 1.584
1957176 141839 1.584
1957176 229045 3.4303
229045 1957176 3.4303
229045 7857 0.7678
7857 229045 0.7678
7928 35080 1.2569
35080 7928 1.2569
227755 250139 1.4112
250139 227755 1.4112
250139 701885 5.2776
701885 250139 5.2776
701885 7931 1.9008
7931 701885 1.9008
2015259 270033 1.3217
270033 2015259 1.3217
270033 1958641 3.7435
1958641 270033 3.7435
1958641 11340 2.0026
11340 1958641 2.0026
11340 659178 1.8525
659178 11340 1.8525
659178 11314 1.0785
11314 659178 1.0785
8928 8930 25.9751
8931 8929 25.9751
8930 663952 7.2029
663952 9493 2.3684
712828 712832 0.2376
712832 712828 0.2376
712832 712831 0.306
712831 712832 0.306
712831 1459636 2.4149
1459636 712831 2.4149
8932 1222369 0.2664
1222369 8932 0.2664
1222369 9069 2.3133
9069 1222369 2.3133
7951 1115762 2.562
1115762 114518 7.0908
114518 1529881 0.4536
1529881 405088 1.3392
405088 407157 0.5508
407157 227746 5.6484
227746 114502 7.3824
114502 409509 3.0036
409509 1350827 7.5192
1350827 114498 0.672
114498 1093937 8.1504
1093937 223576 3.1188
223576 564900 0.9348
564900 9193 0.8724
9194 223619 2.1684
223619 352841 4.542
352841 352842 8.4576
352842 406006 5.3952
406006 1350829 1.866
1350829 409507 1.3656
409507 405635 0.6468
405635 405489 7.7448
405489 1350830 0.684
1350830 405081 2.4288
405081 407156 0.3588
407156 407158 1.698
407158 405490 2.5464
405490 1350828 1.4244
1350828 1179852 5.712
1179852 7952 2.4804
9222 1756082 1.1664
1756082 805136 1.295
805136 805137 2.3215
805137 9223 1.7403
9225 1756079 0.4164
1756079 9226 0.3084
9226 9228 0.2868
9228 805138 0.3894
805138 9227 0.4038
9227 9223 0.6132
9493 1458942 0.6564
1458942 9494 0.5004
9494 9495 0.6054
9495 1458943 0.54
1458943 9496 0.417
9496 9497 0.4512
9497 1458944 0.4122
1458944 9492 0.9456
9492 1108039 0.5083
1108039 295350 0.635
295350 9498 0.4856
9225 9222 3.2858
9222 9225 3.2858
9501 1459102 2.1974
1459102 9501 2.1974
1459102 1459103 0.5976
1459103 1459102 0.5976
1459103 117279 2.1226
117279 1459103 2.1226
117279 655853 0.9166
655853 117279 0.9166
655853 113908 0.3722
113908 655853 0.3722
113908 1957222 1.823
1957222 113908 1.823
1957222 109766 3.1594
109766 1957222 3.1594
109766 9504 1.1077
9504 109766 1.1077
9504 608021 0.544
608021 9504 0.544
608021 114767 2.5783
114767 608021 2.5783
114767 608008 0.7974
608008 114767 0.7974
608008 1958693 0.3028
1958693 608008 0.3028
1958693 9505 0.5609
9505 1958693 0.5609
9505 1958692 1.5775
1958692 9505 1.5775
1958692 1605424 1.57
1605424 1958692 1.57
1605424 866939 1.1912
866939 1605424 1.1912
866939 290024 0.1991
290024 866939 0.1991
290024 115887 3.6112
115887 290024 3.6112
115887 9506 1.9778
9506 115887 1.9778
9506 115902 1.6531
115902 9506 1.6531
115902 607992 0.3355
607992 115902 0.3355
607992 1958691 0.9637
1958691 607992 0.9637
1958691 608012 0.3071
608012 1958691 0.3071
608012 1958690 1.5433
1958690 608012 1.5433
1958690 9507 0.1062
9507 1958690 0.1062
9507 115903 1.0832
115903 9507 1.0832
115903 607996 1.5847
607996 115903 1.5847
607996 9508 2.295
9508 607996 2.295
9508 114690 1.1797
114690 9508 1.1797
114690 117174 1.9638
117174 114690 1.9638
117174 9509 0.4972
9509 117174 0.4972
9509 9510 6.228
9510 9509 6.228
9510 48489 0.401
48489 9510 0.401
48489 1958689 2.0624
1958689 48489 2.0624
1958689 1958688 1.1405
1958688 1958689 1.1405
1958688 9511 0.2765
9511 1958688 0.2765
9511 48531 2.0326
48531 9511 2.0326
48531 9512 0.7319
9512 48531 0.7319
9512 676890 1.0987
676890 9512 1.0987
676890 9513 1.0627
9513 676890 1.0627
9513 48513 3.8722
48513 9513 3.8722
48513 1179855 0.3654
1179855 48513 0.3654
1179855 282904 1.6859
282904 1179855 1.6859
282904 1958686 1.9742
1958686 282904 1.9742
1958686 9514 1.2478
9514 1958686 1.2478
2015271 9514 0.4172
9514 2015271 0.4172
7929 654006 3.1006
654006 654001 1.3469
654001 103461 3.221
103461 1957229 2.9613
9527 9193 1.459
9193 9527 1.459
9193 589927 1.9471
589927 9193 1.9471
589927 564898 2.0885
564898 589927 2.0885
564898 9194 0.4803
9194 564898 0.4803
11355 48390 1.1037
48390 11355 1.1037
48390 734211 6.283
734211 48390 6.283
734211 1668811 0.8702
1668811 734211 0.8702
1668811 11284 2.3153
11284 1668811 2.3153
9528 863718 3.1099
863718 9533 0.2705
9527 863712 3.4714
863712 9532 0.2921
9068 10596 0.7107
10596 9068 0.7107
10596 690255 1.6879
690255 10596 1.6879
11287 48500 0.8619
48500 11287 0.8619
48500 1958664 3.3567
1958664 48500 3.3567
1958664 659235 4.2135
659235 1958664 4.2135
659235 48391 1.9815
48391 659235 1.9815
48391 659233 0.1162
659233 48391 0.1162
659233 192290 3.5115
192290 659233 3.5115
192290 1958658 2.573
1958658 192290 2.573
1958658 298311 7.759
298311 1958658 7.759
298311 11288 0.8697
11288 298311 0.8697
11297 663338 0.8743
663338 109693 2.2551
109693 1645835 0.4119
1645835 802288 0.1455
802288 113909 7.6109
113909 9528 0.8306
11298 48499 0.9154
48499 11298 0.9154
48499 547496 5.2354
547496 48499 5.2354
547496 1958662 0.9309
1958662 547496 0.9309
1958662 1343352 1.2847
1343352 1958662 1.2847
1343352 1958661 1.2801
1958661 1343352 1.2801
1958661 48406 1.9275
48406 1958661 1.9275
48406 1958660 5.8469
1958660 48406 5.8469
1958660 270005 1.1417
270005 1958660 1.1417
270005 304693 0.4145
304693 270005 0.4145
304693 298554 0.5621
298554 304693 0.5621
298554 676916 0.8187
676916 298554 0.8187
676916 1958659 0.3358
1958659 676916 0.3358
1958659 298302 3.6684
298302 1958659 3.6684
298302 11306 0.9684
11306 298302 0.9684
11309 1465461 0.7308
1465461 11308 2.2197
11308 1657580 4.4979
1657580 1012627 0.4315
1012627 116692 0.9206
116692 298547 0.4726
298547 118184 2.6594
118184 118183 0.485
118183 298548 0.4289
298548 73560 2.933
73560 298310 1.7522
298310 11307 1.0594
11307 116678 5.777
116678 122014 2.2104
122014 776447 6.1416
776447 11288 0.6619
11309 697129 0.8285
697129 11309 0.8285
697129 298575 0.9674
298575 697129 0.9674
298575 1957226 0.3554
1957226 298575 0.3554
11314 651361 0.6728
651361 11314 0.6728
651361 11341 0.7193
11341 651361 0.7193
9530 298319 1.3762
298319 734120 1.8561
734120 1026618 0.8589
1026618 1957227 0.4135
54496 2015317 0.0756
54496 122753 0.6666
122753 54494 0.6102
54494 122754 0.5046
122754 54495 0.5628
54495 122748 0.693
122748 122743 2.6706
122743 28852 0.8124
28852 28851 0.8412
28851 11778 1.2984
2015319 651354 1.0044
651354 809432 0.3672
809432 654017 9.4512
654017 654020 4.1784
654020 1527569 1.1256
1527569 11340 0.4824
651367 1958699 0.513
1958699 651367 0.513
1958699 12054 0.0432
12054 1958699 0.0432
12054 1421282 0.4043
1421282 12054 0.4043
1421282 659187 0.8258
659187 1421282 0.8258
659187 12055 0.4806
12055 659187 0.4806
12055 659189 0.5011
659189 12055 0.5011
659189 1958698 0.6394
1958698 659189 0.6394
1958698 12056 0.176
12056 1958698 0.176
12056 12057 0.6109
12057 12056 0.6109
12057 659195 0.7067
659195 12057 0.7067
659195 12058 0.6167
12058 659195 0.6167
12058 12059 2.4494
12059 12058 2.4494
12059 1775190 3.0546
1775190 12059 3.0546
9151 93061 1.6728
93061 9151 1.6728
93061 1108231 7.7484
1108231 93061 7.7484
1108231 144858 6.594
144858 1108231 6.594
144858 1957506 4.6668
1957506 144858 4.6668
1957506 1108330 2.2932
1108330 1957506 2.2932
1108330 115053 1.1592
115053 1108330 1.1592
115053 1957505 3.54
1957505 115053 3.54
1957505 12061 4.6596
12061 1957505 4.6596
12061 1108078 3.0648
1108078 12061 3.0648
1108078 12062 3.5544
12062 1108078 3.5544
12062 1108077 2.1264
1108077 12062 2.1264
1108077 294953 2.8164
294953 1108077 2.8164
294953 12063 2.616
12063 294953 2.616
12063 1129210 0.9576
1129210 12063 0.9576
1129210 12064 0.7188
12064 1129210 0.7188
12076 1108105 3.0924
1108105 12077 1.176
152685 12078 1.2408
12078 12076 2.4144
7883 1734088 1.317
1734088 7883 1.317
1734088 1957108 2.3094
1957108 1734088 2.3094
1957108 9010 8.2326
9010 1957108 8.2326
9010 1383520 2.7396
1383520 9010 2.7396
1383520 1957514 1.509
1957514 1383520 1.509
1957514 1957515 2.4168
1957515 1957514 2.4168
1957515 318653 0.8982
318653 1957515 0.8982
318653 9011 1.965
9011 318653 1.965
9011 10607 1.3902
10607 9011 1.3902
10607 102623 1.5846
102623 10607 1.5846
102623 960477 2.0862
960477 102623 2.0862
960477 10608 1.5492
10608 960477 1.5492
10608 960467 2.0214
960467 10608 2.0214
960467 9012 1.0602
9012 960467 1.0602
1957125 1957076 0.365
1957076 1957125 0.365
1957076 106715 0.2174
106715 1957076 0.2174
106715 287980 1.4962
287980 106715 1.4962
287980 106708 2.5801
106708 287980 2.5801
106708 1383350 3.1424
1383350 106708 3.1424
1383350 106707 0.4003
106707 1383350 0.4003
106707 1383356 0.5735
1383356 106707 0.5735
1383356 1957557 0.4104
1957557 1383356 0.4104
1957557 1383357 0.5227
1383357 1957557 0.5227
1383357 1383355 0.9698
1383355 1383357 0.9698
1383355 1383353 0.3697
1383353 1383355 0.3697
1383353 1957558 1.296
1957558 1383353 1.296
1957558 34641 0.131
34641 1957558 0.131
34641 367138 1.2841
367138 34641 1.2841
367138 106452 2.4664
106452 367138 2.4664
106452 414137 2.8566
414137 106452 2.8566
414137 34631 1.3421
34631 414137 1.3421
34631 1283273 0.4727
1283273 34631 0.4727
1283273 1957127 0.7999
1957127 1283273 0.7999
1957127 34642 1.8302
34642 1957127 1.8302
34642 1957126 0.8795
1957126 34642 0.8795
9012 960461 0.6161
960461 9012 0.6161
960461 1957512 0.649
1957512 960461 0.649
1957512 1957513 0.7133
1957513 1957512 0.7133
1957513 676377 0.1836
676377 1957513 0.1836
676377 960443 1.0959
960443 676377 1.0959
960443 318641 1.1103
318641 960443 1.1103
318641 9013 0.7745
9013 318641 0.7745
9013 318658 0.9422
318658 9013 0.9422
318658 960398 2.5663
960398 318658 2.5663
960398 960394 0.4747
960394 960398 0.4747
960394 1957100 0.4747
1957100 960394 0.4747
1957100 960366 1.5562
960366 1957100 1.5562
960366 960359 0.4896
960359 960366 0.4896
960359 7826 0.5781
7826 960359 0.5781
1957159 12272 17.0616
12272 1957159 17.0616
12272 1564798 4.2492
1564798 12272 4.2492
1564798 12273 6.7092
12273 1564798 6.7092
12273 1564799 1.8564
1564799 12273 1.8564
1564799 366910 4.1388
366910 1564799 4.1388
366910 1957161 1.6848
1957161 366910 1.6848
1957161 48236 1.9332
48236 1957161 1.9332
48236 1957162 4.4892
1957162 48236 4.4892
1957162 12274 7.5576
12274 1957162 7.5576
12274 1564800 10.494
1564800 12274 10.494
1564800 1655511 1.5948
1655511 1564800 1.5948
1655511 12270 1.2576
12270 1655511 1.2576
1957985 1317002 1.71
1317002 1957985 1.71
1317002 1317005 1.4688
1317005 1317002 1.4688
1317005 47854 9.0108
47854 1317005 9.0108
47854 34385 5.1048
34385 47854 5.1048
34385 91512 17.5248
91512 34385 17.5248
91512 1957984 1.0644
1957984 91512 1.0644
1957984 1957983 1.4328
1957983 1957984 1.4328
1957983 34386 4.17
34386 1957983 4.17
34386 34398 20.544
34398 34386 20.544
34398 1317001 0.2244
1317001 34398 0.2244
1317001 138729 14.898
138729 1317001 14.898
138729 13119 4.8504
13119 138729 4.8504
34082 34144 2.9237
34144 34082 2.9237
1274084 395211 0.469
395211 1274084 0.469
16254 104626 4.338
1963239 2015355 0.8126
51864 130964 3.1702
130964 51864 3.1702
130964 18392 11.8786
18392 130964 11.8786
18392 18391 7.5506
18391 18392 7.5506
18391 18390 8.2685
18390 18391 8.2685
18390 18389 4.8175
18389 18390 4.8175
18389 2015367 4.8809
2015367 18389 4.8809
1274095 1530784 0.3252
1530784 1274095 0.3252
1530784 91458 6.1608
91458 1530784 6.1608
451507 451508 8.0964
451508 745313 14.31
745313 99823 4.7268
99823 99822 27.7488
99822 451511 10.1952
451511 451513 4.4856
23276 1958989 0.3359
1958989 23276 0.3359
1958989 1227545 0.1944
1227545 1958989 0.1944
1227545 1640933 0.3852
1640933 1227545 0.3852
1640933 2011468 0.8561
2011468 1640933 0.8561
2011468 54504 0.3258
54504 2011468 0.3258
23276 11882 2.1319
11789 2015385 3.5017
23294 1623327 28.224
1623327 23294 28.224
1623327 1604469 16.1172
1604469 1623327 16.1172
1604469 1295937 9.1008
1295937 1604469 9.1008
1295937 23295 4.8816
23295 1295937 4.8816
227693 227701 2.4811
227701 227693 2.4811
27709 949082 0.6398
949082 1430598 0.2139
1430598 227691 1.1571
227691 387639 2.1322
387639 27710 2.0397
27710 227694 1.4709
227694 227706 1.2127
227706 27711 1.6066
27711 387638 4.8909
387638 27712 3.672
27712 802230 2.2896
802230 27713 1.6293
27713 802232 1.7578
802232 27714 1.7897
27714 802231 1.692
802231 27715 1.3083
27715 1429922 1.4061
1429922 227708 1.7445
401426 27717 8.2404
27717 401426 8.2404
27717 52471 5.562
52471 27717 5.562
52471 52472 5.3928
52472 52471 5.3928
52472 607830 5.8788
607830 52472 5.8788
607830 52473 39.6792
52473 607830 39.6792
52473 53516 25.8732
53516 52473 25.8732
53516 276120 14.616
276120 53516 14.616
276120 52474 4.0968
52474 276120 4.0968
52474 52475 24.318
52475 52474 24.318
52475 52476 26.1756
52476 52475 26.1756
27719 227702 0.3991
227702 27720 0.4809
27720 1281441 0.2217
1281441 227695 0.1517
227695 1281442 0.1214
1281442 1281454 0.1769
1281454 27721 0.2787
27721 27707 0.4963
27705 27719 2.4902
27716 27724 0.8237
27724 1281443 0.3794
1281443 227700 0.2858
227700 1281444 0.3758
1281444 27725 0.3809
27725 27703 1.3565
27707 27722 0.6689
27722 27716 2.9786
27703 27709 1.5516
8929 663954 4.0075
663954 663955 6.6712
663955 373203 3.4088
373203 9534 0.4601
122744 2015425 0.2009
122744 11777 1.0037
11777 11888 0.8294
11888 54491 0.6905
54491 122742 1.7503
122742 122751 1.7042
122751 11889 0.859
11889 122749 0.9058
122749 11890 0.7718
11890 122752 0.8366
122752 2015427 0.157
226693 11899 1.8822
11899 122720 0.81
122720 11898 0.651
11898 122716 0.549
122716 11897 0.5328
11897 28860 0.7452
28860 54497 0.8712
54497 122738 4.3998
122738 28863 0.5712
28863 11896 0.4428
11896 122741 0.5682
122741 11881 1.8288
11882 122739 1.011
122739 28864 0.7104
28864 28862 0.4422
28862 28861 8.2452
28861 122715 1.4142
122715 11883 1.1682
11883 227711 1.5186
227711 227710 2.2662
226695 226696 1.5792
226696 122719 1.1694
122719 122718 1.1736
122718 11772 0.9396
11772 2015429 0.606
1244548 747320 0.8268
747320 32420 1.0806
32420 747321 0.7596
747321 32421 0.7608
32421 32422 0.7248
32422 32423 0.6384
32423 1244547 0.5934
1244547 460570 0.672
460570 32424 0.867
32424 32414 0.9702
32414 32413 16.7232
32413 1244544 0.8862
1244544 1244545 0.6084
1244545 227690 0.6462
227690 1244546 0.507
1244546 32412 0.3624
27693 747319 1.2516
747319 32432 0.7224
32432 32433 0.7068
32433 1434114 0.6162
1434114 747318 0.7104
747318 235295 0.9888
27703 32563 0.2597
32563 1281451 0.1913
1281451 32564 0.2278
32564 1281452 0.2273
1281452 32565 0.2273
32565 1281453 0.2273
1281453 27704 0.2278
27704 27705 0.2278
406127 94029 0.5587
94029 33429 0.6574
33429 94028 0.5555
94028 33441 0.6088
33430 412707 0.531
412707 412704 0.3629
412704 412700 0.4432
412700 412697 0.3362
412697 1440782 0.2192
1440782 412690 0.324
33422 412684 0.7607
412684 412683 0.6048
412683 412682 0.185
412682 412679 0.589
412679 412681 0.5328
412681 412694 3.6065
412694 412696 1.026
36324 286741 3.0236
286741 36324 3.0236
286741 1052601 1.593
1052601 286741 1.593
1052601 1958585 0.4817
1958585 1052601 0.4817
1958585 580757 1.0505
580757 1958585 1.0505
380727 113574 0.5094
113574 94032 0.5874
94032 580678 1.0554
580678 93773 0.999
93773 580675 1.176
580675 54542 1.155
54542 580673 1.0584
580673 580674 1.0968
580674 580676 0.9342
580676 580677 2.0718
33442 1527587 0.1939
1527587 33442 0.1939
1527587 697194 0.8198
697194 1527587 0.8198
697194 1074119 0.6804
1074119 697194 0.6804
1074119 1958588 2.8764
1958588 1074119 2.8764
1958588 697188 1.5074
697188 1958588 1.5074
697188 480239 2.4891
480239 697188 2.4891
480239 480232 3.7887
480232 480239 3.7887
480232 1958589 2.6537
1958589 480232 2.6537
1958589 1107392 0.9746
1107392 1958589 0.9746
1107392 480240 1.6858
480240 1107392 1.6858
480240 33444 0.8902
33444 480240 0.8902
33444 697181 1.728
697181 33444 1.728
697181 1958590 0.8835
1958590 697181 0.8835
1958590 1106636 10.5279
1106636 1958590 10.5279
1106636 1956862 1.2276
1956862 1106636 1.2276
1956862 542723 2.8034
542723 1956862 2.8034
542723 34372 1.0836
34372 542723 1.0836
33443 36338 9.5652
36338 33443 9.5652
36338 45203 20.3976
45203 36338 20.3976
45203 248653 8.0784
248653 45203 8.0784
248653 36340 5.1984
36340 248653 5.1984
36340 227778 11.628
227778 36340 11.628
227778 250155 14.4648
250155 227778 14.4648
250155 971531 1.242
971531 250155 1.242
971531 1677889 6.876
1677889 971531 6.876
1677889 227751 8.19
227751 1677889 8.19
227751 248626 14.616
248626 227751 14.616
248626 1106600 3.2076
1106600 248626 3.2076
1106600 1106602 27.936
1106602 1106600 27.936
1106602 45204 13.86
45204 1106602 13.86
7933 250067 2.0928
250067 1040370 8.5344
1040370 1075923 3.6144
1075923 101938 7.968
101938 87492 8.8632
87492 36348 11.4288
36348 795523 7.4904
795523 53365 7.3344
53365 108024 5.394
108024 102129 9.036
102129 1874556 3.0204
1874556 1874575 1.9128
1874575 1874555 0.6444
1874555 1874646 0.8316
1874646 1874557 0.6036
1874557 73553 1.3248
33447 248673 1.6992
248673 33447 1.6992
248673 1958467 1.4791
1958467 248673 1.4791
1958467 1958466 0.8018
1958466 1958467 0.8018
33448 227776 2.3598
227776 33448 2.3598
227776 250094 0.5391
250094 227776 0.5391
250094 1075657 3.9348
1075657 250094 3.9348
1075657 1075658 0.8487
1075658 1075657 0.8487
1075658 250118 0.3906
250118 1075658 0.3906
250118 1094013 0.7326
1094013 250118 0.7326
1094013 250144 0.4473
250144 1094013 0.4473
33421 110293 0.5072
110293 33421 0.5072
110293 1958494 1.1102
1958494 110293 1.1102
1958494 1031473 2.4502
1031473 1958494 2.4502
1031473 412712 0.2542
412712 1031473 0.2542
412712 1958496 4.4086
1958496 412712 4.4086
1958496 1115206 0.6145
1115206 1958496 0.6145
1115206 695652 0.3593
695652 1115206 0.3593
695652 1958495 0.4748
1958495 695652 0.4748
1958495 33422 0.4842
33422 1958495 0.4842
34052 118252 0.773
118252 1582097 4.357
1582097 382058 0.7565
382058 585619 15.3869
585619 287212 0.7694
287212 55901 5.3239
55901 712916 0.5899
712916 808865 1.7002
808865 666091 1.3418
666091 1089980 3.7347
1089980 34065 0.4567
1090428 591529 1.8555
591529 1090428 1.8555
591529 1364645 2.4475
1364645 591529 2.4475
1364645 93214 0.9663
93214 1364645 0.9663
93214 1956836 0.5693
1956836 93214 0.5693
1956836 591523 2.0695
591523 1956836 2.0695
591523 1090424 2.3374
1090424 591523 2.3374
1090424 1364647 1.2225
1364647 1090424 1.2225
1364647 464133 0.7843
464133 1364647 0.7843
464133 1712222 0.7894
1712222 464133 0.7894
1712222 464131 2.5514
464131 1712222 2.5514
464131 1090416 0.1913
1090416 464131 0.1913
1090416 464126 4.2537
464126 1090416 4.2537
464126 892139 0.4423
892139 464126 0.4423
892139 1956855 1.3711
1956855 892139 1.3711
1956855 1956856 0.3713
1956856 1956855 0.3713
1956856 1997879 1.1556
1997879 1956856 1.1556
1997879 34049 2.2999
34049 1997879 2.2999
1982472 843666 3.6912
843666 1982472 3.6912
843666 497457 5.1762
497457 843666 5.1762
497457 1956861 3.189
1956861 497457 3.189
1956861 843745 2.295
843745 1956861 2.295
843745 403641 0.5658
403641 843745 0.5658
403641 1956860 1.6212
1956860 403641 1.6212
1956860 34467 0.7494
34467 1956860 0.7494
34097 738017 1.26
738017 34097 1.26
738017 1958059 3.5364
1958059 738017 3.5364
1958059 591543 11.1936
591543 1958059 11.1936
591543 34078 1.7928
34078 591543 1.7928
35155 712190 0.5354
712190 1957259 3.4138
1957259 213129 0.7102
213129 213123 6.4224
213123 1364599 4.1693
1364599 34087 0.9679
34087 1959042 2.3647
1959042 1735285 1.2327
1735285 1249110 4.6018
1249110 1249119 2.1425
1249119 1249108 1.1983
1249108 2013406 1.4529
2013406 1215819 0.6177
1215819 34085 0.3657
100266 1098891 20.8116
1098891 100266 20.8116
1098891 100267 2.9016
100267 1098891 2.9016
100267 1098877 2.5596
1098877 100267 2.5596
1098877 100268 2.9376
100268 1098877 2.9376
100268 1087850 15.048
1087850 100268 15.048
1087850 34089 3.1752
34089 1087850 3.1752
50147 50146 19.026
50146 50147 19.026
50146 426204 0.312
426204 50146 0.312
34087 1717095 1.1604
1717095 34087 1.1604
1717095 1735288 13.0188
1735288 1717095 13.0188
1735288 532018 1.2936
532018 1735288 1.2936
532018 1735289 0.2352
1735289 532018 0.2352
1735289 1735287 2.1816
1735287 1735289 2.1816
1735287 1871434 5.064
1871434 1735287 5.064
1871434 1250595 8.796
1250595 1871434 8.796
1250595 1717096 1.2468
1717096 1250595 1.2468
1717096 1216677 13.3188
1216677 1717096 13.3188
1216677 40112 1.6236
40112 1216677 1.6236
34201 645918 1.161
645918 34201 1.161
645918 1959346 0.3078
1959346 645918 0.3078
1959346 1090818 0.5659
1090818 1959346 0.5659
1090818 34202 1.1315
34202 1090818 1.1315
34202 1090817 1.7744
1090817 34202 1.7744
1090817 124215 1.7075
124215 1090817 1.7075
124215 34203 2.335
34203 124215 2.335
34203 124212 0.729
124212 34203 0.729
124212 1527153 0.5159
1527153 124212 0.5159
1527153 645945 0.7038
645945 1527153 0.7038
645945 107960 0.2128
107960 645945 0.2128
107960 124217 0.4684
124217 107960 0.4684
124217 124176 0.7985
124176 124217 0.7985
124176 34204 0.5285
34204 124176 0.5285
34204 1951623 1.0782
1951623 34204 1.0782
1951623 1090816 0.248
1090816 1951623 0.248
1090816 1951563 0.7524
1951563 1090816 0.7524
34045 548265 7.3574
548265 24922 1.0785
34144 602855 0.6178
602855 40033 0.5479
40033 1958075 0.7999
34287 1072383 1.2072
1072383 34287 1.2072
1072383 118262 14.5992
118262 1072383 14.5992
118262 118268 3.2064
118268 118262 3.2064
118268 1072115 1.224
1072115 118268 1.224
1072115 1072278 7.5852
1072278 1072115 7.5852
1072278 1072341 0.4596
1072341 1072278 0.4596
1072341 324901 6.8196
324901 1072341 6.8196
324901 467375 2.8404
467375 324901 2.8404
34286 1066252 3.3624
1066252 1072266 14.6076
1072266 34358 8.5464
34358 1085144 2.2344
1085144 1096601 1.872
1096601 34359 0.2832
34359 1072304 2.8068
1072304 34285 1.3272
34285 1072317 3.318
1072317 1072267 9.612
1072267 1066598 10.1052
1066598 34287 1.548
34287 324906 1.5348
324906 118263 9.9852
118263 1072294 4.4568
1072294 1089231 2.5248
1089231 34428 4.1052
34428 34431 3.6228
34431 34429 2.298
34429 1089232 1.7628
1089232 34432 1.2312
34432 1073391 1.5084
1073391 1066245 0.8772
1066245 34430 2.2956
34430 1073497 11.9424
1073497 1073470 8.9148
1073470 1072391 0.4872
1072391 324877 11.6364
324877 34422 1.7412
1958791 91140 1.4837
91140 1958791 1.4837
91140 1958855 1.4899
1958855 91140 1.4899
1958855 869486 1.6395
869486 1958855 1.6395
869486 869491 1.8576
869491 869486 1.8576
869491 94741 0.9699
94741 869491 0.9699
94741 632692 0.6264
632692 94741 0.6264
34058 587287 0.3883
587287 34058 0.3883
587287 1958130 2.1147
1958130 587287 2.1147
1958130 1280274 1.4529
1280274 1958130 1.4529
1280274 34059 3.0168
34059 1280274 3.0168
34059 397414 0.9329
397414 34059 0.9329
397414 397415 0.8517
397415 397414 0.8517
397415 1280278 0.8866
1280278 397415 0.8866
154686 670810 6.9386
670810 154686 6.9386
670810 34295 12.8722
34295 670810 12.8722
34295 1077400 1.5653
1077400 34295 1.5653
1077400 670864 0.6091
670864 1077400 0.6091
670864 86571 0.4838
86571 670864 0.4838
86571 47824 1.7957
47824 86571 1.7957
47824 1338826 0.4061
1338826 47824 0.4061
1338826 1338824 0.4522
1338824 1338826 0.4522
1338824 86621 2.6057
86621 1338824 2.6057
86621 921979 2.1766
921979 86621 2.1766
921979 47825 0.2189
47825 921979 0.2189
47825 1338825 2.2939
1338825 47825 2.2939
1338825 47826 2.3364
47826 1338825 2.3364
47826 216213 4.7131
216213 47826 4.7131
216213 47827 6.4397
47827 216213 6.4397
47827 86593 2.2651
86593 47827 2.2651
86593 922006 2.1362
922006 86593 2.1362
922006 921957 1.8958
921957 922006 1.8958
921957 47828 2.016
47828 921957 2.016
47828 1067206 1.89
1067206 47828 1.89
1067206 47829 1.8684
47829 1067206 1.8684
47829 47830 3.2803
47830 47829 3.2803
47830 921992 1.1405
921992 47830 1.1405
921992 88011 2.1845
88011 921992 2.1845
88011 670885 2.0534
670885 88011 2.0534
670885 47831 2.6518
47831 670885 2.6518
47831 1253725 1.8223
1253725 47831 1.8223
1253725 86533 0.1872
86533 1253725 0.1872
86533 1067204 1.1664
1067204 86533 1.1664
1067204 213575 0.7776
213575 1067204 0.7776
213575 47832 0.7452
47832 213575 0.7452
47832 670901 2.1348
670901 47832 2.1348
670901 1004108 1.1491
1004108 670901 1.1491
1004108 1004110 1.7438
1004110 1004108 1.7438
34072 1135568 1.7496
1135568 34072 1.7496
1135568 1950227 8.5812
1950227 1135568 8.5812
1950227 1950208 2.1024
1950208 1950227 2.1024
1950208 1950209 3.144
1950209 1950208 3.144
1950209 591548 7.0176
591548 1950209 7.0176
591548 34081 1.0116
34081 591548 1.0116
34081 591553 1.2576
591553 34081 1.2576
591553 1747388 6.756
1747388 591553 6.756
1747388 1936175 0.336
1936175 1747388 0.336
1936175 1686029 16.2276
1686029 1936175 16.2276
1686029 1686030 1.9356
1686030 1686029 1.9356
1686030 1113127 2.0064
1113127 1686030 2.0064
1113127 1686028 0.7164
1686028 1113127 0.7164
1686028 116600 12.2688
116600 1686028 12.2688
116600 1690623 5.4468
1690623 116600 5.4468
1690623 1113089 11.9736
1113089 1690623 11.9736
1113089 34298 1.9416
34298 1113089 1.9416
34385 670984 12.1392
670984 34385 12.1392
670984 126308 15.7896
126308 670984 15.7896
126308 91100 51.2208
91100 126308 51.2208
91100 125476 71.0928
125476 91100 71.0928
125476 34397 129.7728
34397 125476 129.7728
126320 91103 74.592
91103 126320 74.592
91103 34388 180.432
34388 91103 180.432
126321 34401 151.9992
34401 126321 151.9992
126317 34399 145.7928
34399 126317 145.7928
126318 1077386 28.9296
1077386 126318 28.9296
1077386 34389 170.3808
34389 1077386 170.3808
34390 632966 81.5328
632966 34390 81.5328
632966 1077375 44.496
1077375 632966 44.496
1077375 34391 18.252
34391 1077375 18.252
34391 34402 193.2408
34402 34391 193.2408
91068 47853 122.9472
47853 91068 122.9472
47853 632956 88.0056
632956 47853 88.0056
632956 34400 142.2216
34400 632956 142.2216
34400 34392 187.7832
34392 34400 187.7832
91315 34393 102.7944
34393 91315 102.7944
34393 34396 221.2416
34396 34393 221.2416
670945 34394 168.0552
34394 670945 168.0552
34403 91103 57.9384
91103 34403 57.9384
91103 91102 83.5128
91102 91103 83.5128
91102 91101 73.0656
91101 91102 73.0656
91101 91100 106.344
91100 91101 106.344
91100 138726 52.6104
138726 91100 52.6104
138726 670965 21.9024
670965 138726 21.9024
34408 809169 1.9656
809169 1093961 3.4551
1093961 1113979 1.4319
1113979 1104916 2.2725
1104916 404938 3.8061
404938 1104585 0.7236
1104585 34409 0.7785
34409 34410 9.5373
34410 404919 1.2834
404919 404943 4.5666
404943 404944 1.683
404944 405078 0.7263
405078 972447 11.5137
972447 1075665 1.6677
34417 1081307 3.4524
1081307 34417 3.4524
1081307 34418 14.0508
34418 1081307 14.0508
34418 802280 30.5028
802280 34418 30.5028
802280 34419 7.7364
34419 802280 7.7364
34419 34420 25.2072
34420 34419 25.2072
34420 1066200 29.7216
1066200 34420 29.7216
1066200 34421 5.328
34421 1066200 5.328
34435 34436 5.0058
34436 34437 4.8096
34437 34438 1.863
34438 324949 1.827
324949 324952 2.9502
324952 34439 5.3118
34439 324947 1.962
324947 1067355 1.4562
1067355 324943 1.1988
324943 324953 1.6578
324953 34440 2.8602
34440 34441 2.9898
34441 1072448 2.1672
1072448 324945 1.8306
324945 34442 1.341
34442 34464 0.1728
34443 34444 5.0616
34444 1072442 2.6028
1072442 34445 4.3128
34445 34446 6.9984
34446 34447 4.8924
34447 34448 6.3864
34448 1072440 3.2184
1072440 34449 2.1204
34449 34450 4.5936
34452 1715394 0.9396
1715394 34452 0.9396
1715394 1094757 1.8552
1094757 1715394 1.8552
1094757 91524 3.8436
91524 1094757 3.8436
91524 34456 3.9252
34456 91524 3.9252
34456 1090068 3.9012
1090068 34456 3.9012
1090068 34453 3.3252
34453 1090068 3.3252
34453 91521 1.9356
91521 34453 1.9356
91521 91522 3.4704
91522 91521 3.4704
91522 1090069 1.6392
1090069 91522 1.6392
1090069 91525 1.4244
91525 1090069 1.4244
91525 34454 1.4736
34454 91525 1.4736
34466 1135494 3.6149
1135494 34466 3.6149
1135494 583793 1.1037
583793 1135494 1.1037
583793 583792 1.0867
583792 583793 1.0867
583792 34469 0.5796
34469 583792 0.5796
34469 583786 0.7637
583786 34469 0.7637
583786 583782 0.8388
583782 583786 0.8388
583782 583779 0.6907
583779 583782 0.6907
583779 583776 0.8198
583776 583779 0.8198
583776 704307 0.4654
704307 583776 0.4654
704307 34467 1.8226
34467 704307 1.8226
34468 696818 0.4896
696818 583791 0.4202
583791 583790 0.1713
583790 583789 0.3785
583789 1073544 0.3888
1073544 583788 0.2921
583788 583787 0.1733
583787 34469 0.2093
34079 1089861 0.5086
1089861 583802 0.3034
583802 583799 0.2983
583799 583798 0.3451
583798 583796 0.2844
583796 583795 0.2731
583795 583794 0.2875
583794 34465 0.2685
1713563 1704313 0.3317
1704313 1713563 0.3317
1704313 116596 0.6017
116596 1704313 0.6017
116596 591510 3.7214
591510 116596 3.7214
591510 119299 1.7789
119299 591510 1.7789
34508 34474 62.2296
34474 34508 62.2296
34474 1065819 44.6328
1065819 34474 44.6328
1065819 34480 24.516
34480 1065819 24.516
34480 1071874 7.272
1071874 34480 7.272
1071874 34473 10.656
34473 1071874 10.656
34473 1071875 9.576
1071875 34473 9.576
1071875 34481 9.6264
34481 1071875 9.6264
34481 1065821 19.3464
1065821 34481 19.3464
1065821 34475 46.2168
34475 1065821 46.2168
34475 34509 67.392
34509 34475 67.392
34509 923539 9.7128
923539 34509 9.7128
923539 843733 10.44
843733 923539 10.44
843733 1066597 9.4608
1066597 843733 9.4608
1066597 249367 10.8144
249367 1066597 10.8144
34474 34476 36.2808
34476 34474 36.2808
34476 34477 24.9192
34477 34476 24.9192
34477 1065820 22.1832
1065820 34477 22.1832
1065820 34478 23.0112
34478 1065820 23.0112
34478 34479 23.7528
34479 34478 23.7528
34479 34475 34.5024
34475 34479 34.5024
34485 696213 9.4068
696213 34485 9.4068
696213 34486 5.922
34486 696213 5.922
34486 497452 18.4752
497452 34486 18.4752
497452 34487 17.8128
34487 497452 17.8128
34487 34488 13.4856
34488 34487 13.4856
34488 34489 6.7284
34489 34488 6.7284
34489 34490 8.6508
34490 34489 8.6508
34490 34491 7.7184
34491 34490 7.7184
34491 34492 6.876
34492 34491 6.876
34492 34493 7.7148
34493 34492 7.7148
34493 34494 9.144
34494 34493 9.144
34494 34495 5.004
34495 34494 5.004
34496 1072619 4.9176
1072619 34496 4.9176
1072619 1072578 22.9428
1072578 1072619 22.9428
1072578 34497 18.4032
34497 1072578 18.4032
34497 1072572 3.1284
1072572 34497 3.1284
1072572 34498 2.1456
34498 1072572 2.1456
34498 1086484 2.07
1086484 34498 2.07
1086484 34499 9.234
34499 1086484 9.234
34499 843766 17.5788
843766 34499 17.5788
843766 1074357 9.8604
1074357 843766 9.8604
1074357 1072517 6.6816
1072517 1074357 6.6816
1072517 1106873 1.4508
1106873 1072517 1.4508
1106873 34501 1.602
34501 1106873 1.602
34501 1096819 9.8352
1096819 34501 9.8352
1096819 1106879 5.8932
1106879 1096819 5.8932
1106879 34500 4.7988
34500 1106879 4.7988
34500 1096848 2.4696
1096848 34500 2.4696
1096848 1072621 8.4132
1072621 1096848 8.4132
1072621 34502 5.6808
34502 1072621 5.6808
34495 853893 1.4976
853893 34495 1.4976
853893 853886 21.6144
853886 853893 21.6144
853886 1074368 45.0648
1074368 853886 45.0648
1074368 1072560 17.5464
1072560 1074368 17.5464
1072560 34499 2.6496
34499 1072560 2.6496
34499 1074377 3.4776
1074377 34499 3.4776
34287 1066609 3.8304
1066609 34287 3.8304
1066609 843733 6.0804
843733 1066609 6.0804
843733 923542 21.7044
923542 843733 21.7044
923542 53768 4.9572
53768 923542 4.9572
34077 591486 0.846
591486 34077 0.846
591486 696842 1.9147
696842 591486 1.9147
696842 696841 0.4711
696841 696842 0.4711
696841 34070 0.4834
34070 696841 0.4834
34070 591573 1.0584
591573 34070 1.0584
591573 696812 4.4388
696812 591573 4.4388
696812 696807 4.6101
696807 696812 4.6101
696807 696840 1.8941
696840 696807 1.8941
696840 34071 0.8542
34071 696840 0.8542
34071 34072 4.7669
34072 34071 4.7669
34072 1686034 0.6609
1686034 34072 0.6609
1686034 119109 0.7123
119109 1686034 0.7123
119109 1950224 2.8065
1950224 119109 2.8065
1950224 1928298 0.8491
1928298 1950224 0.8491
1928298 1820974 3.8808
1820974 1928298 3.8808
1820974 1950238 3.2349
1950238 1820974 3.2349
1950238 1007947 1.5465
1007947 1950238 1.5465
1007947 34073 0.864
34073 1007947 0.864
34073 1007946 1.0347
1007946 34073 1.0347
1007946 1425343 4.9454
1425343 1007946 4.9454
1425343 34098 0.4577
34098 1425343 0.4577
34466 583804 0.8748
583804 583805 3.0826
583805 34079 1.0075
34520 272949 5.0508
272949 34520 5.0508
272949 34521 4.3884
34521 272949 4.3884
34521 34522 7.8804
34522 34521 7.8804
34522 34523 2.4336
34523 34522 2.4336
1972889 598668 13.5864
598668 34531 5.7348
34529 405514 4.7124
405514 34529 4.7124
405514 1871262 2.6496
1871262 405514 2.6496
1871262 34534 9.6696
34534 1871262 9.6696
34534 165930 3.2472
165930 34534 3.2472
165930 1467651 5.8464
1467651 165930 5.8464
1467651 165931 0.7884
165931 1467651 0.7884
165931 1471762 2.8944
1471762 165931 2.8944
1471762 1467646 30.9564
1467646 1471762 30.9564
1467646 34530 2.7864
34530 1467646 2.7864
34530 1467661 18.7704
1467661 34530 18.7704
33454 1874430 0.3621
1874430 1874428 0.3034
1874428 1874431 0.2541
1874431 1874429 0.2268
1874429 806349 1.026
806349 596358 0.2628
596358 964970 5.2087
964970 762747 0.3122
762747 34594 0.7385
34594 762745 0.4083
762745 114564 0.6125
34596 659291 1.0887
659291 34596 1.0887
659291 807362 1.6298
807362 659291 1.6298
807362 85298 4.0927
85298 807362 4.0927
41593 272942 1.1549
272942 41593 1.1549
272942 106734 0.9389
106734 272942 0.9389
106734 570840 0.7178
570840 106734 0.7178
570840 570845 1.967
570845 570840 1.967
570845 1375519 4.9853
1375519 570845 4.9853
1375519 34609 3.4121
34609 1375519 3.4121
34609 1374476 4.333
1374476 34609 4.333
1374476 34598 2.4048
34598 1374476 2.4048
34598 1458974 0.7214
1458974 34598 0.7214
1458974 34599 0.2686
34599 1458974 0.2686
34599 1374477 1.6776
1374477 34599 1.6776
1374477 34600 2.8879
34600 1374477 2.8879
34600 34616 1.5602
34616 34600 1.5602
34616 272953 0.7596
272953 34616 0.7596
272953 1697787 1.1635
1697787 272953 1.1635
1697787 272946 1.2571
272946 1697787 1.2571
272946 107701 9.9158
107701 272946 9.9158
107701 34601 2.7576
34601 107701 2.7576
34601 34602 1.5221
34602 34601 1.5221
34602 34610 1.4371
34610 34602 1.4371
34610 34619 1.2989
34619 34610 1.2989
34619 34611 0.8712
34611 34619 0.8712
34611 106692 1.0116
106692 34611 1.0116
106692 34617 0.9922
34617 106692 0.9922
34617 34620 1.4328
34620 34617 1.4328
34620 1697360 4.8686
1697360 34620 4.8686
1697360 133152 5.549
133152 1697360 5.549
133152 1925592 1.7942
1925592 133152 1.7942
1925592 137580 1.8338
137580 1925592 1.8338
137580 8068 2.2615
8068 137580 2.2615
34603 271221 5.976
271221 34603 5.976
271221 1221182 2.8296
1221182 271221 2.8296
1221182 1295945 12.9816
1295945 1221182 12.9816
1295945 34604 2.1816
34604 1295945 2.1816
34604 282705 18.4392
282705 34604 18.4392
282705 34605 17.226
34605 282705 17.226
34605 1079920 41.868
1079920 34605 41.868
1079920 962145 4.0752
962145 1079920 4.0752
962145 34600 3.7476
34600 962145 3.7476
41594 272957 4.4604
272957 41594 4.4604
272957 106733 5.9976
106733 272957 5.9976
106733 34606 28.9548
34606 106733 28.9548
34606 34607 9.4572
34607 34606 9.4572
34607 34608 8.6256
34608 34607 8.6256
34608 1375515 5.796
1375515 34608 5.796
1375515 34612 2.5596
34612 1375515 2.5596
34612 1375516 51.2712
1375516 34612 51.2712
1375516 34609 6.0984
34609 1375516 6.0984
34612 34632 7.5384
34632 34612 7.5384
34632 34613 22.0176
34613 34632 22.0176
34613 34614 10.1196
34614 34613 10.1196
34614 1375506 3.1464
1375506 34614 3.1464
1375506 1375503 6.7752
1375503 1375506 6.7752
1375503 1375502 13.986
1375502 1375503 13.986
1375502 34621 4.8636
34621 1375502 4.8636
34621 106437 28.8612
106437 34621 28.8612
106437 1375504 5.2488
1375504 106437 5.2488
1375504 34622 1.0404
34622 1375504 1.0404
34622 34615 9.18
34615 34622 9.18
34615 1375505 2.9448
1375505 34615 2.9448
1375505 34616 15.3468
34616 1375505 15.3468
1925634 1925633 5.9328
1925633 1925634 5.9328
1925633 1191508 10.4004
1191508 1925633 10.4004
1191508 1697791 13.6908
1697791 1191508 13.6908
1697791 1925632 3.5748
1925632 1697791 3.5748
1925632 287978 26.2296
287978 1925632 26.2296
287978 34618 11.124
34618 287978 11.124
34618 34619 39.168
34619 34618 39.168
34648 34629 54.9432
34629 34648 54.9432
34629 1375512 2.3904
1375512 34629 2.3904
1375512 34630 3.2688
34630 1375512 3.2688
34630 34623 22.5108
34623 34630 22.5108
34623 34624 6.4512
34624 34623 6.4512
34624 34625 7.9272
34625 34624 7.9272
34625 34626 8.0028
34626 34625 8.0028
34626 133150 23.1876
133150 34626 23.1876
133150 34627 9.7992
34627 133150 9.7992
8067 137581 11.8548
137581 8067 11.8548
137581 106724 10.5228
106724 137581 10.5228
106724 34633 8.586
34633 106724 8.586
34633 34649 11.754
34649 34633 11.754
34649 133152 44.0748
133152 34649 44.0748
34633 34634 2.8008
34634 34633 2.8008
34634 133153 2.3724
133153 34634 2.3724
133153 1375495 27.9972
1375495 133153 27.9972
1375495 34635 26.9388
34635 1375495 26.9388
106436 1375497 1.296
1375497 106436 1.296
1375497 1375500 2.7684
1375500 1375497 2.7684
1375500 451814 4.6224
451814 1375500 4.6224
451814 107702 33.7284
107702 451814 33.7284
107702 1375501 2.2284
1375501 107702 2.2284
1375501 34636 9.2196
34636 1375501 9.2196
34636 1374475 17.4708
1374475 34636 17.4708
1374475 106443 10.9512
106443 1374475 10.9512
106443 34637 6.6672
34637 106443 6.6672
34637 106436 6.4116
106436 34637 6.4116
106436 34638 59.6052
34638 106436 59.6052
34638 34639 40.9392
34639 34638 40.9392
34639 106449 41.4216
106449 34639 41.4216
106449 106728 7.1856
106728 106449 7.1856
106728 34640 9.1764
34640 106728 9.1764
34640 272960 11.5164
272960 34640 11.5164
272960 34641 5.6232
34641 272960 5.6232
34642 272954 5.8284
272954 34642 5.8284
272954 133151 15.2172
133151 272954 15.2172
133151 34646 3.0024
34646 133151 3.0024
34646 34643 3.4524
34643 34646 3.4524
34643 34647 31.3956
34647 34643 31.3956
34647 106118 4.8708
106118 34647 4.8708
34643 34644 6.4548
34644 34643 6.4548
34644 34645 6.0444
34645 34644 6.0444
34645 133150 29.1312
133150 34645 29.1312
34597 679600 0.4878
679600 34597 0.4878
679600 659198 0.5623
659198 679600 0.5623
659198 34661 0.9389
34661 659198 0.9389
34661 679599 0.6203
679599 403511 0.3949
403511 659197 0.3668
659197 12060 0.4446
1951644 797280 0.1523
797280 1951644 0.1523
797280 797281 0.2578
797281 797280 0.2578
797281 797279 0.2664
797279 797281 0.2664
797279 34652 0.2437
34652 797279 0.2437
34652 113581 0.1404
113581 34652 0.1404
78527 1430351 1.2942
1430351 1398468 3.6108
1398468 116876 25.011
116876 125278 1.1646
125278 1398232 1.4166
1398232 125279 6.1704
125279 1398203 7.3296
1398203 892309 6.8994
892309 34766 2.0952
34767 36062 0.4025
34836 1537941 1.2499
34836 1316352 1.129
1316352 34836 1.129
1316352 44030 1.3381
44030 1316352 1.3381
44030 670966 0.4651
670966 44030 0.4651
670966 44031 0.6793
44031 670966 0.6793
44031 34083 0.6257
34083 44031 0.6257
34083 119296 1.9638
119296 34083 1.9638
273063 273064 13.14
273064 273058 0.402
273058 585662 0.9768
35076 35077 51.0048
35077 35076 51.0048
52512 112432 4.7304
112432 52512 4.7304
112432 112431 23.1984
112431 112432 23.1984
112431 1323112 0.8136
1323112 112431 0.8136
1323112 328192 13.1292
328192 1323112 13.1292
328192 1323109 8.7876
1323109 328192 8.7876
1323109 112430 1.0512
112430 1323109 1.0512
112430 1323100 16.6392
1323100 112430 16.6392
1323100 1323094 2.8476
1323094 1323100 2.8476
1323094 1323101 1.6488
1323101 1323094 1.6488
1323101 112429 3.0816
112429 1323101 3.0816
112429 1323091 33.0912
1323091 112429 33.0912
1323091 112428 2.6352
112428 1323091 2.6352
33432 412603 0.2102
412603 412606 0.2117
412606 412609 0.2596
412609 412613 0.2491
412613 412615 0.243
412615 412619 0.2578
412619 1105265 0.1368
1105265 412622 0.059
412622 412624 0.2023
412624 412626 0.6793
412626 1958591 0.6016
1958591 163850 1.643
163850 412632 0.364
412632 412633 0.3157
412633 412636 0.2614
412636 412645 0.2794
412645 412649 0.3848
412660 412661 0.1991
412661 412663 0.1854
412663 412666 0.1789
412666 412672 0.1699
412672 412675 0.1462
412675 412677 0.1865
412677 412680 0.1753
412680 412686 0.1145
412686 412687 0.135
412687 412689 0.1559
412689 412691 0.1282
412691 412693 0.1804
412693 412695 0.2023
412695 412696 0.5602
412655 412653 0.2052
412653 412651 0.148
412651 412650 0.1631
412650 412648 0.1228
412648 412647 0.1174
412647 412643 0.1228
412643 412641 0.1656
412641 412639 0.1418
412639 412637 0.1278
412637 412634 0.1282
412634 412635 0.1217
412635 412638 0.139
412638 412640 0.1544
412640 412642 0.166
412642 412646 0.189
412646 412649 0.3539
250109 809175 7.2216
