35202
5073 228704 1.071
228704 5074 0.7368
5074 1000272 0.495
1000272 228716 0.6336
228716 5075 0.6768
5075 228689 0.633
228689 5076 0.5058
5076 5077 0.708
5077 228657 0.9546
228657 5078 0.813
5078 228720 0.717
228720 5079 0.7038
5079 5080 0.8226
5080 5081 0.8046
5081 228669 0.7512
228669 228695 0.7782
228695 5082 0.7962
5082 5083 0.657
5083 228684 0.8616
228684 5084 0.7086
5084 8049 1.9038
5085 1000096 1.1772
1000096 5086 0.8928
5086 5087 0.5634
5087 1000269 0.7026
1000269 228719 0.7638
228719 5088 0.6324
5088 228691 0.7662
228691 5089 0.8622
5089 5090 0.5712
5090 245952 0.6714
245952 5091 0.5724
5091 228661 0.6366
228661 1000248 0.5682
1000248 5092 0.5472
5092 5093 0.516
5093 1000259 0.5226
1000259 228649 0.5622
228649 5094 0.4794
5094 1000270 0.5274
1000270 228660 0.5838
228730 5095 1.0668
5095 5096 0.8946
5096 5097 0.9534
5097 1000278 1.038
1000278 1000277 1.0728
1000277 795284 1.0032
795284 1000279 0.9672
1000279 1000282 0.8988
1000282 1000283 1.146
1000283 1000285 1.155
1000285 228651 1.1196
228651 1000287 1.17
1000287 5098 1.0452
5098 1000289 1.0824
1000289 5099 0.7368
5099 5100 2.8404
5100 228665 1.7208
228665 5101 1.5204
5101 7675 3.0054
964 962138 0.546
962138 228701 2.5806
228701 567397 1.5912
567397 5102 0.4236
5102 228715 1.3464
228715 5103 0.8676
5103 1000110 0.897
1000110 228687 1.272
228687 228729 1.6764
228729 1000105 2.0136
1000105 5104 1.5138
5104 5105 3.6684
5105 228709 1.863
228709 5106 1.9596
30835 2015483 10.2107
2015483 30835 10.2107
30835 1661800 1.2416
1661800 30835 1.2416
1661800 30836 1.5732
30836 1661800 1.5732
30836 1661807 6.4926
1661807 30836 6.4926
1661807 30837 5.0094
30837 1661807 5.0094
30837 30838 0.3816
30838 30837 0.3816
30847 30860 0.8874
30860 30861 0.5508
30861 30862 0.6631
35821 660100 0.0342
660100 35821 0.0342
660100 1838916 2.317
1838916 660100 2.317
1838916 112924 0.3985
112924 1838916 0.3985
112924 112920 1.8968
112920 112924 1.8968
112920 1451109 0.8107
1451109 112920 0.8107
1451109 57948 0.085
57948 1451109 0.085
57948 366829 1.5376
366829 57948 1.5376
366829 1699535 1.0091
1699535 366829 1.0091
1699535 35822 0.6012
35822 1699535 0.6012
35822 609534 1.885
609534 35822 1.885
609534 1447119 1.7942
1447119 609534 1.7942
1447119 404380 0.819
404380 1447119 0.819
404380 57945 2.682
57945 404380 2.682
57945 1562014 2.2018
1562014 57945 2.2018
2015499 1562014 0.3701
1562014 2015499 0.3701
1044879 846604 0.8518
846604 1044879 0.8518
846604 43003 2.425
43003 846604 2.425
43003 1623664 1.8101
1623664 43003 1.8101
1623664 701351 2.8339
701351 1623664 2.8339
2015629 701351 1.0066
701351 2015629 1.0066
228731 520676 8.5602
52599 2015777 3.6084
2015777 52599 3.6084
52599 52600 3.1836
52600 52599 3.1836
52600 52601 2.9112
52601 52600 2.9112
52601 52602 5.6616
52602 52601 5.6616
52602 1324140 5.1732
1324140 52602 5.1732
1324140 1324141 0.5148
1324141 1324140 0.5148
1324141 52603 0.8952
52603 1324141 0.8952
52603 52604 6.5412
52604 52603 6.5412
1461101 52599 4.3884
52599 1461101 4.3884
52599 1324143 10.9116
1324143 52599 10.9116
1324143 2015787 8.7336
2015787 1324143 8.7336
52604 2015791 0.8088
2015791 52604 0.8088
53642 646574 11.628
646574 53642 11.628
646574 646656 3.7476
646656 646574 3.7476
646656 646465 2.16
646465 646656 2.16
646465 646464 10.7172
646464 646465 10.7172
646464 646650 6.5124
646650 646464 6.5124
646650 646471 13.4316
646471 646650 13.4316
646471 646483 6.7176
646483 646471 6.7176
646483 646672 26.7336
646672 646483 26.7336
646672 646482 15.822
646482 646672 15.822
646482 646494 11.0916
646494 646482 11.0916
646494 646648 23.4144
646648 646494 23.4144
646648 646473 14.1192
646473 646648 14.1192
646473 646472 4.4892
646472 646473 4.4892
646472 646474 17.4204
646474 646472 17.4204
646474 646643 20.4192
646643 646474 20.4192
646643 646544 21.5064
646544 646643 21.5064
646544 2015799 0.5724
2015799 646544 0.5724
646477 2015801 3.3624
2015801 646477 3.3624
646477 646478 13.3992
646478 646477 13.3992
646478 646480 7.4952
646480 646478 7.4952
646480 646479 22.6512
646479 646480 22.6512
646479 646481 20.9772
646481 646479 20.9772
646481 646482 21.0924
646482 646481 21.0924
706117 31116 0.8669
31116 706119 0.612
706119 706118 1.363
706118 31117 1.0541
55737 55736 4.9817
55736 55737 4.9817
56658 63140 0.7463
63140 63121 1.8508
63121 63129 0.5508
63129 56659 1.346
56659 56660 2.0974
56660 1171508 1.782
1171508 56661 1.5563
56661 56662 3.1291
56662 1051406 2.2344
1051406 56663 1.6758
56663 63116 0.9894
63116 56664 2.9778
56664 63117 2.7954
63117 56665 0.6024
56665 56666 3.9762
56666 56667 3.9204
56667 56668 3.9438
56668 1051409 1.7988
1051409 56669 2.19
56669 1051410 3.2838
1051410 429145 3.093
429145 56670 2.3376
56670 56671 5.6712
56671 56672 3.1332
56672 7679 5.3688
55428 538289 3.2028
538289 55428 3.2028
538289 1683188 9.6504
1683188 538289 9.6504
1683188 619304 1.9944
619304 1683188 1.9944
619304 57707 1.1484
57707 619304 1.1484
57707 619295 2.8536
619295 57707 2.8536
619295 1192464 0.8652
1192464 619295 0.8652
1192464 1192467 4.3752
1192467 1192464 4.3752
1192467 294313 3.4092
294313 1192467 3.4092
294313 294309 7.5468
294309 294313 7.5468
294309 538310 2.958
538310 294309 2.958
538310 538300 13.9512
538300 538310 13.9512
538300 757466 4.8168
757466 538300 4.8168
55429 1359321 4.89
1359321 55429 4.89
609532 609506 0.2653
609506 609532 0.2653
609506 35834 5.549
35834 609506 5.549
35834 64083 6.759
64083 35834 6.759
64083 1447116 2.4872
1447116 64083 2.4872
1447116 64084 3.2033
64084 1447116 3.2033
2015855 803160 0.2397
803160 2015855 0.2397
803160 1816626 0.918
1816626 803160 0.918
1816626 57672 0.3898
57672 1816626 0.3898
57672 1652867 0.8455
1652867 57672 0.8455
1652867 1562098 10.1859
1562098 1652867 10.1859
1562098 388644 1.9445
388644 1562098 1.9445
388644 1652866 0.8743
1652866 388644 0.8743
1652866 1562080 1.0399
1562080 1652866 1.0399
1562080 1652865 3.9024
1652865 1562080 3.9024
1652865 302222 1.8802
302222 1652865 1.8802
302222 57711 0.9813
57711 302222 0.9813
57693 1359327 4.9788
1359327 57693 4.9788
1359327 1337319 19.3284
1337319 1359327 19.3284
1337319 57709 15.7248
57709 1337319 15.7248
57709 1192604 6.336
1192604 57709 6.336
1192604 919850 6.3756
919850 1192604 6.3756
919850 1006285 9.2808
1006285 919850 9.2808
1006285 57707 5.6484
57707 1006285 5.6484
112894 112897 8.6112
112897 112894 8.6112
112897 112896 3.4872
112896 112897 3.4872
112896 57710 7.104
57710 112896 7.104
57710 1805532 25.8324
1805532 57710 25.8324
1805532 57711 1.5984
57711 1805532 1.5984
57711 1805533 0.888
1805533 57711 0.888
1805533 59259 17.0652
59259 1805533 17.0652
2015857 35831 4.2207
35831 2015857 4.2207
35831 35832 8.0496
35832 35831 8.0496
35832 1451094 3.8911
1451094 35832 3.8911
1451094 35833 3.8839
35833 1451094 3.8839
35833 1451086 0.3091
1451086 35833 0.3091
1451086 660102 1.5213
660102 1451086 1.5213
660102 112923 1.7846
112923 660102 1.7846
112923 660101 1.1458
660101 112923 1.1458
660101 609501 1.1098
609501 660101 1.1098
55420 617188 1.0768
617188 55420 1.0768
617188 617187 1.5811
617187 617188 1.5811
617187 617186 4.0
617186 617187 4.0
617186 617185 3.96
617185 617186 3.96
617185 155569 2.0009
155569 617185 2.0009
155569 660099 4.4626
660099 155569 4.4626
660099 294419 0.3629
294419 660099 0.3629
294419 155573 2.0228
155573 294419 2.0228
155573 155571 4.4831
155571 155573 4.4831
155571 294477 0.7006
294477 155571 0.7006
294477 171343 1.7762
171343 294477 1.7762
57945 1641843 4.6836
1641843 57945 4.6836
1641843 404377 12.51
404377 1641843 12.51
2015863 404377 11.8728
404377 2015863 11.8728
2015865 57941 4.8528
57941 2015865 4.8528
57941 57946 39.474
57946 57941 39.474
57946 57940 19.1628
57940 57946 19.1628
57940 272574 8.2224
272574 57940 8.2224
272574 272576 4.7808
272576 272574 4.7808
272576 272575 4.2336
272575 272576 4.2336
272575 57947 15.9588
57947 272575 15.9588
57947 1451106 2.574
1451106 57947 2.574
1451106 1641846 7.092
1641846 1451106 7.092
1641846 35822 3.2688
35822 1641846 3.2688
2015897 388629 5.8968
388629 2015897 5.8968
388629 1562053 7.0068
1562053 388629 7.0068
1562053 1562047 13.1544
1562047 1562053 13.1544
1562047 388643 1.2468
388643 1562047 1.2468
388643 59259 20.2152
59259 388643 20.2152
59259 102234 31.6692
102234 59259 31.6692
102234 388625 7.6416
388625 102234 7.6416
388625 64724 22.782
64724 388625 22.782
59273 1051387 1.506
1051387 1051388 0.7542
1051388 1051390 0.9984
1051390 23875 0.8538
63082 283525 0.7978
283525 63082 0.7978
283525 238383 3.0967
238383 283525 3.0967
238383 1193772 2.3839
1193772 238383 2.3839
1193772 63083 4.6498
63083 1193772 4.6498
63083 351864 2.7374
351864 63083 2.7374
351864 63084 1.9548
63084 351864 1.9548
63084 419814 0.5688
419814 63084 0.5688
419814 63085 1.6258
63085 419814 1.6258
63085 63086 5.4158
63086 63085 5.4158
63086 1309736 2.2126
1309736 63086 2.2126
1309736 63087 1.8907
63087 1309736 1.8907
63087 351865 2.6474
351865 63087 2.6474
351865 63088 0.8086
63088 351865 0.8086
63088 351863 0.0763
351863 63088 0.0763
351863 351862 0.8611
351862 351863 0.8611
351862 1324471 8.3866
1324471 351862 8.3866
1324471 63089 7.1129
63089 1324471 7.1129
63116 63115 0.4846
63115 1051407 0.3722
1051407 63114 0.4622
63114 1051408 0.3053
1051408 63113 0.337
63113 63112 0.553
63112 1810875 4.9788
1810875 63117 2.2579
63118 63119 0.297
63119 1051398 0.1752
1051398 1051399 0.192
1051399 1051400 0.2094
1051400 63120 0.1974
63120 63121 0.2526
63122 63142 8.5464
63142 63123 5.5512
63123 63124 9.486
63134 1171509 4.3416
1171509 63133 11.8008
63133 63132 3.3948
63132 63131 3.6648
63131 63143 5.9076
63143 63130 11.7576
63134 63124 13.9284
63124 63134 13.9284
63135 63141 9.2772
63141 63135 9.2772
64084 1001926 6.8184
1001926 1392525 2.0592
1392525 1001931 11.7756
1001931 64085 2.2716
56658 1805531 0.4223
1805531 56658 0.4223
1805531 1051397 3.0312
1051397 1805531 3.0312
1051397 1051396 1.9782
1051396 1051397 1.9782
1051396 1051395 1.1412
1051395 1051396 1.1412
1051395 23872 1.2478
23872 1051395 1.2478
57949 553372 6.696
553372 57949 6.696
553372 1359339 10.4616
1359339 553372 10.4616
1359339 1359347 11.9736
1359347 1359339 11.9736
1359347 1359340 20.6604
1359340 1359347 20.6604
1359340 57950 12.9456
57950 1359340 12.9456
67401 23879 1.7136
23879 67401 1.7136
69378 69379 27.8856
69379 69378 27.8856
193686 69377 3.2508
69377 193686 3.2508
155086 567517 5.6628
567517 155086 5.6628
567517 567520 0.8136
567520 567517 0.8136
567520 69382 1.314
69382 567520 1.314
69382 69384 8.6724
2016098 76823 1.049
76823 76824 5.3273
76824 1612634 2.4451
1612634 76825 2.8786
76825 451018 2.6734
451018 76826 1.5876
76826 1612615 4.7938
1612615 76827 3.307
76827 1612619 1.2974
1612619 451034 1.9015
451034 1612600 2.6057
1612600 1612623 4.4993
1612623 76828 0.1951
76828 1612633 3.0679
1612633 1612628 1.5696
1612628 76829 1.5826
76829 1612611 2.8015
1612611 76830 4.3294
76830 1612602 5.0508
1612602 931366 2.6287
931366 76831 2.1528
76831 1612564 4.6217
1612564 76832 1.3644
76832 1612557 3.2371
1612557 1612556 4.621
1612556 76833 1.6834
76833 1612549 2.8534
1612549 76834 4.6123
76834 76835 28.89
76835 931285 3.3962
931285 76836 1.6517
30853 844375 21.6108
844375 30853 21.6108
844375 843894 5.8284
843894 844375 5.8284
843894 451073 8.9568
451073 843894 8.9568
451073 451072 30.1464
451072 451073 30.1464
451072 429455 3.4272
429455 451072 3.4272
429455 429477 9.6228
429477 429455 9.6228
429477 429453 2.6784
429453 429477 2.6784
429453 451081 1.008
451081 429453 1.008
451081 30854 12.5496
30854 451081 12.5496
30849 76861 2.1643
76861 76860 1.2492
76860 76859 1.2348
76859 76858 1.1038
76858 76857 0.797
76840 76867 0.6631
76867 76866 0.4889
76866 76865 0.7823
76865 76857 0.5184
76845 76868 0.6073
76868 490186 0.3658
490186 76869 0.2747
76869 76870 0.3978
76870 76871 0.4036
76871 76838 0.4205
30862 76872 1.0332
76872 76873 0.3082
76873 76839 0.9421
76853 30854 1.9642
30854 76853 1.9642
30854 451054 3.0827
451054 30854 3.0827
451054 1612576 1.4144
1612576 451054 1.4144
1612576 429475 0.9925
429475 1612576 0.9925
429475 1354726 0.8273
1354726 429475 0.8273
1354726 1354723 5.9954
1354723 1354726 5.9954
1354723 30855 2.5826
30855 1354723 2.5826
30855 30856 1.2024
30856 30855 1.2024
30856 1612606 0.8554
1612606 30856 0.8554
1612606 1354721 0.8568
1354721 1612606 0.8568
1354721 1354722 0.7193
1354722 1354721 0.7193
1354722 1612610 0.567
1612610 1354722 0.567
1612610 1984454 0.9335
1984454 1612610 0.9335
1984454 30857 1.1869
30857 1984454 1.1869
30857 1612614 0.2902
1612614 30857 0.2902
1612614 1984452 0.851
1984452 1612614 0.851
1984452 30858 1.1797
30858 1984452 1.1797
30858 1612632 0.2214
1612632 30858 0.2214
1612632 1812435 0.932
1812435 1612632 0.932
1812435 1612627 1.3385
1612627 1812435 1.3385
1612627 1354711 0.1012
1354711 1612627 0.1012
1354711 451042 3.3696
451042 1354711 3.3696
451042 1612622 1.1279
1612622 451042 1.1279
1612622 1812437 1.0793
1812437 1612622 1.0793
1812437 1612618 1.3579
1612618 1812437 1.3579
1612618 1984436 0.9245
1984436 1612618 0.9245
1984436 1612598 1.3979
1612598 1984436 1.3979
1612598 1812439 0.9738
1812439 1612598 0.9738
1812439 1612579 2.115
1612579 1812439 2.115
1612579 1812441 0.1912
1812441 1612579 0.1912
1812441 1984444 0.8064
1984444 1812441 0.8064
1984444 1612578 0.252
1612578 1984444 0.252
1612578 1984446 1.2233
1984446 1612578 1.2233
1984446 315893 2.6053
315893 1984446 2.6053
76853 76852 1.926
76852 490185 0.9727
490185 76851 0.6548
76851 76850 1.1437
7678 1692502 5.8536
1692502 1692503 5.7276
1692503 78442 10.8504
78442 668996 2.3616
668996 668997 6.0768
668997 78443 2.3616
78443 1323397 10.7928
1323397 1692501 4.1832
1692501 78444 5.1588
23872 1051394 2.3987
1051394 23872 2.3987
1051394 1051393 1.6481
1051393 1051394 1.6481
1051393 291604 3.7314
291604 1051393 3.7314
291604 291608 4.6886
291608 291604 4.6886
291608 23873 4.5126
23873 291608 4.5126
23873 171335 3.7066
171335 23873 3.7066
171335 913794 1.1153
913794 171335 1.1153
913794 291605 10.859
291605 913794 10.859
291605 913810 7.6144
913810 291605 7.6144
63111 1051404 3.7404
1051404 63111 3.7404
1051404 1051405 5.4158
1051405 1051404 5.4158
1051405 63112 9.7366
63112 1051405 9.7366
92540 92541 4.2804
92541 92540 4.2804
92541 92542 11.2464
92542 92541 11.2464
92542 92663 26.9208
92663 92542 26.9208
92663 92543 26.3988
92543 92663 26.3988
92543 92544 37.854
92544 92543 37.854
92544 92545 73.2276
92545 92544 73.2276
92545 92546 25.6212
92546 92545 25.6212
92579 92582 3.9708
92582 92579 3.9708
92582 92583 7.0704
92583 92582 7.0704
92583 92578 3.4812
92578 92583 3.4812
92615 92633 3.708
92633 92615 3.708
92633 92634 2.6568
92634 92633 2.6568
92634 92609 2.8512
92609 92634 2.8512
92603 1951311 21.5496
1951311 92603 21.5496
1951311 1951348 36.828
1951348 1951311 36.828
1951348 92635 14.724
92635 1951348 14.724
92635 92636 7.2216
92636 92635 7.2216
92636 92637 9.216
92637 92636 9.216
92637 1951345 98.8056
1951345 92637 98.8056
1951345 92638 5.5728
92638 1951345 5.5728
92638 1951314 3.5928
1951314 92638 3.5928
1951314 1951349 34.0848
1951349 1951314 34.0848
1951349 1951324 26.6616
1951324 1951349 26.6616
1951324 92639 11.9088
92639 1951324 11.9088
92635 92640 76.572
92640 92635 76.572
92640 92641 5.7528
92641 92640 5.7528
92641 92642 11.2248
92642 92641 11.2248
92642 92646 6.1776
92646 92642 6.1776
92625 92645 3.852
92645 92625 3.852
92645 1862879 4.932
1862879 92645 4.932
1862876 92644 4.7088
92644 1862876 4.7088
92644 92627 9.7776
92627 92644 9.7776
92644 92645 7.164
92645 92644 7.164
92643 92646 7.0632
92646 92643 7.0632
92623 92603 114.4296
92603 92623 114.4296
92647 92648 3.9096
92648 92647 3.9096
92648 92649 68.5008
92649 92648 68.5008
92649 92650 18.5832
92650 92649 18.5832
92650 92651 9.9792
92651 92650 9.9792
92536 92652 16.3368
92652 92536 16.3368
92652 295876 38.0376
295876 92652 38.0376
295876 92650 8.4672
92650 295876 8.4672
92650 295875 9.4608
295875 92650 9.4608
295875 92653 7.668
92653 295875 7.668
92653 92654 16.9632
92654 92653 16.9632
92654 92655 12.384
92655 92654 12.384
92655 92656 50.22
92656 92655 50.22
92656 92537 15.6744
92537 92656 15.6744
92657 92658 3.1464
92658 92657 3.1464
92658 92659 1.1376
92659 92658 1.1376
92659 92651 3.1464
92651 92659 3.1464
92651 92660 3.78
92660 92651 3.78
92660 92661 2.2176
92661 92660 2.2176
92661 92662 7.6608
92662 92661 7.6608
113400 92568 17.1
92568 113400 17.1
92568 932338 34.2504
932338 92568 34.2504
932338 92569 15.4152
92569 932338 15.4152
92569 92570 47.2176
92570 92569 47.2176
92570 92571 72.8712
92571 92570 72.8712
92571 92572 72.3744
92572 92571 72.3744
92572 92573 97.3728
92573 92572 97.3728
92573 1634007 11.0376
1634007 92573 11.0376
1634007 92574 39.2904
92574 1634007 39.2904
92574 92575 18.3168
92575 92574 18.3168
92575 92576 10.4904
92576 92575 10.4904
92576 92577 14.544
92577 92576 14.544
92577 92578 55.9152
92578 92577 55.9152
934673 1634037 0.6804
1634037 934673 0.6804
1634037 1634033 15.804
1634033 1634037 15.804
1634033 92589 19.8396
92589 1634033 19.8396
92589 92590 4.122
92590 92589 4.122
92590 92666 3.0168
92666 92590 3.0168
92666 92591 2.1492
92591 92666 2.1492
92591 92592 4.8456
92592 92591 4.8456
92592 1001574 9.8532
1001574 92592 9.8532
1001574 934841 7.9272
934841 1001574 7.9272
934841 92593 18.1764
92593 934841 18.1764
92593 92594 23.3172
92594 92593 23.3172
92594 1634029 18.3708
1634029 92594 18.3708
1634029 92595 23.8608
92595 1634029 23.8608
92595 92596 29.2104
92596 92595 29.2104
92596 92597 20.6532
92597 92596 20.6532
92597 92598 9.9864
92598 92597 9.9864
92598 92599 3.0636
92599 92598 3.0636
92599 92600 5.9364
92600 92599 5.9364
92600 92601 5.2056
92601 92600 5.2056
92601 1881769 44.9064
1881769 92601 44.9064
1881769 113397 2.9952
113397 1881769 2.9952
92603 92667 56.5416
92667 92603 56.5416
92667 1634038 40.7952
1634038 92667 40.7952
1634038 92604 13.9032
92604 1634038 13.9032
92604 1634039 49.1688
1634039 92604 49.1688
1634039 1881788 21.6864
1881788 1634039 21.6864
1881788 92605 7.6608
92605 1881788 7.6608
92605 1881772 8.1432
1881772 92605 8.1432
1881772 92606 98.4672
92606 1881772 98.4672
92606 92607 5.8608
92607 92606 5.8608
92607 92608 4.4064
92608 92607 4.4064
92608 92609 7.5744
92609 92608 7.5744
92609 92610 5.2056
92610 92609 5.2056
92610 92611 3.6
92611 92610 3.6
92611 92612 3.024
92612 92611 3.024
92612 92632 2.1888
92632 92612 2.1888
92632 92613 2.3328
92613 92632 2.3328
92613 92614 2.9376
92614 92613 2.9376
92614 92615 6.228
92615 92614 6.228
92615 92631 4.5936
92631 92615 4.5936
92631 92616 6.7608
92616 92631 6.7608
92616 92617 14.76
92617 92616 14.76
92617 92618 6.3
92618 92617 6.3
113397 1998364 0.1368
1998364 113397 0.1368
1998364 1881798 6.1416
1881798 1998364 6.1416
1881798 92602 57.6216
92602 1881798 57.6216
92602 92603 41.1048
92603 92602 41.1048
2016452 99583 6.75
99583 2016452 6.75
99583 258568 2.6568
258568 99583 2.6568
99585 99586 13.5216
99586 99585 13.5216
102228 102229 33.0408
102229 102228 33.0408
102229 102230 34.1496
102230 102229 34.1496
102230 102231 34.4376
102231 102230 34.4376
102231 102232 58.9896
102232 102231 58.9896
102232 102233 24.4368
102233 102232 24.4368
102233 1839836 7.2792
1839836 102233 7.2792
1839836 1470903 15.3144
1470903 1839836 15.3144
1167929 375796 0.3982
375796 1167929 0.3982
375796 67471 10.0174
67471 375796 10.0174
53642 1425200 0.4363
1425200 53642 0.4363
1425200 884072 0.481
884072 1425200 0.481
884072 1425206 1.0915
1425206 884072 1.0915
1425206 53643 4.2156
53643 1425206 4.2156
53643 884073 3.2472
884073 53643 3.2472
884073 884078 1.3054
884078 884073 1.3054
884078 1425204 0.8899
1425204 884078 0.8899
1425204 53644 0.7798
53644 1425204 0.7798
53644 1425202 0.7934
1425202 53644 0.7934
1425202 1425205 0.6581
1425205 1425202 0.6581
1425205 884074 0.8273
884074 1425205 0.8273
884074 1425203 1.1239
1425203 884074 1.1239
1425203 53645 1.3118
53645 1425203 1.3118
53645 53646 8.9604
53646 53645 8.9604
53646 884079 2.6381
884079 53646 2.6381
884079 1425199 1.6013
1425199 884079 1.6013
1425199 53647 1.553
53647 1425199 1.553
53647 884107 1.2989
884107 53647 1.2989
111845 111865 8.1936
111865 111845 8.1936
111865 1639168 19.8576
1639168 111865 19.8576
1639168 1484744 10.4544
1484744 1639168 10.4544
1484744 111847 6.5664
111847 1484744 6.5664
111847 111848 12.0168
111848 111847 12.0168
111848 111858 26.7624
111858 111848 26.7624
111858 111859 23.436
111859 111858 23.436
111859 1193501 13.5
1193501 111859 13.5
1193501 111860 70.2504
111860 1193501 70.2504
111860 1484746 31.7016
1484746 111860 31.7016
1484746 1484745 28.4976
1484745 1484746 28.4976
1484745 2016604 13.2552
2016604 1484745 13.2552
63106 869596 35.244
869596 63106 35.244
112444 112442 5.8212
112442 112444 5.8212
112442 112445 5.0706
112445 112442 5.0706
112445 112446 2.3229
112446 112445 2.3229
112446 112447 2.3184
112447 112446 2.3184
112447 112448 2.6037
112448 112447 2.6037
112448 112449 6.1686
112449 112448 6.1686
112449 112450 5.7069
112450 112449 5.7069
112450 1734056 1.6236
1734056 112450 1.6236
1734056 112451 2.853
112451 1734056 2.853
112451 112452 2.7864
112452 112451 2.7864
112452 112453 2.3013
112453 112452 2.3013
112453 112454 3.5883
112454 112453 3.5883
112454 112455 4.4172
112455 112454 4.4172
112455 1744788 0.9144
1744788 112455 0.9144
1744788 112456 2.4948
112456 1744788 2.4948
112456 1744789 2.6541
1744789 112456 2.6541
1744789 112457 1.5525
112457 1744789 1.5525
446103 2016608 1.3548
2016608 446103 1.3548
446103 446194 1.2948
446194 446103 1.2948
446194 112547 2.3412
112547 446194 2.3412
112547 446102 7.4136
446102 112547 7.4136
446102 112548 2.6868
112548 446102 2.6868
112548 636369 3.4476
636369 112548 3.4476
636369 112549 2.166
112549 636369 2.166
112549 446100 5.5632
446100 112549 5.5632
446100 446099 4.7916
446099 446100 4.7916
446099 112538 0.5664
112538 446099 0.5664
112538 1491054 7.4232
1491054 112538 7.4232
1491054 446101 1.9344
446101 1491054 1.9344
446101 1491043 6.2292
1491043 446101 6.2292
1491043 112539 2.04
112539 1491043 2.04
112539 112541 1.1412
112541 112539 1.1412
112541 1491048 0.9444
1491048 112541 0.9444
1491048 112568 0.2388
112568 1491048 0.2388
112568 112540 5.3904
112540 112568 5.3904
112566 1051370 0.4118
1051370 112566 0.4118
1051370 1051369 0.3982
1051369 1051370 0.3982
1051369 1051368 0.8057
1051368 1051369 0.8057
1051368 112557 1.9526
112557 1051368 1.9526
112557 1051367 0.8698
1051367 112557 0.8698
1051367 112558 0.985
112558 1051367 0.985
112558 1051366 0.6077
1051366 112558 0.6077
1051366 112559 1.6337
112559 1051366 1.6337
112559 1051365 1.481
1051365 112559 1.481
1051365 112560 0.8942
112560 1051365 0.8942
112560 1051364 0.8561
1051364 112560 0.8561
1051364 112561 1.4782
112561 1051364 1.4782
112561 1244335 1.0966
1244335 112561 1.0966
1244335 1244332 4.3085
1244332 1244335 4.3085
1244332 112554 6.5398
112554 1244332 6.5398
112554 112822 1.9822
112822 112554 1.9822
112567 112566 2.3638
112566 112567 2.3638
112568 112555 2.2615
112555 112568 2.2615
112555 1491049 1.7957
1491049 112555 1.7957
1491049 112556 1.728
112556 1491049 1.728
112556 1491050 1.0699
1491050 112556 1.0699
1491050 112562 0.9958
112562 1491050 0.9958
112562 112563 2.119
112563 112562 2.119
112563 446115 0.7402
446115 112563 0.7402
446115 112569 1.0721
112569 446115 1.0721
112569 112570 0.6991
112570 112569 0.6991
112570 1491052 0.4126
1491052 112570 0.4126
1491052 112564 0.4255
112564 1491052 0.4255
112564 1491051 0.5954
1491051 112564 0.5954
1491051 1491053 1.1498
1491053 1491051 1.1498
1491053 112565 3.919
112565 1491053 3.919
112565 112567 1.6891
112567 112565 1.6891
446153 2016610 34.6824
2016610 446153 34.6824
446153 446149 35.3304
446149 446153 35.3304
446149 446146 46.8576
446146 446149 46.8576
446146 446144 34.6824
446144 446146 34.6824
446144 446141 43.4736
446141 446144 43.4736
446141 446139 22.8456
446139 446141 22.8456
446139 446137 20.232
446137 446139 20.232
446137 112587 32.76
112587 446137 32.76
112574 112575 12.5496
112575 112574 12.5496
112575 112576 41.0688
112576 112575 41.0688
112576 112577 19.9008
112577 112576 19.9008
112577 112578 35.6832
112578 112577 35.6832
112578 112579 68.3352
112579 112578 68.3352
112579 112584 32.8824
112584 112579 32.8824
112584 112580 11.7432
112580 112584 11.7432
112580 112581 15.4944
112581 112580 15.4944
112581 112583 10.0872
112583 112581 10.0872
112583 112582 14.9688
112582 112583 14.9688
112582 112585 19.7856
112585 112582 19.7856
112585 112586 35.0856
112586 112585 35.0856
112586 112587 11.5272
112587 112586 11.5272
112554 1244314 4.86
1244314 112554 4.86
1244314 1244311 5.3647
1244311 1244314 5.3647
1244311 1984494 5.4778
1984494 1244311 5.4778
1984494 1244325 2.5402
1244325 1984494 2.5402
1244325 1244317 4.9234
1244317 1244325 4.9234
1244317 1491023 3.7793
1491023 1244317 3.7793
1491023 112571 3.1932
112571 1491023 3.1932
112571 1393310 0.6156
1393310 112571 0.6156
1393310 112572 0.725
112572 1393310 0.725
112572 112550 4.009
112550 112572 4.009
112550 112551 1.9663
112551 112550 1.9663
112551 112552 2.0729
112552 112551 2.0729
112552 1984505 8.6976
1984505 112552 8.6976
1984505 112553 0.6401
112553 1984505 0.6401
112553 112818 0.8186
112818 112553 0.8186
112818 446179 1.6135
446179 112818 1.6135
446179 112819 2.0383
112819 446179 2.0383
112819 112820 1.3226
112820 112819 1.3226
112820 112821 1.939
112821 112820 1.939
112821 112816 8.5046
112816 112821 8.5046
112816 112793 4.6498
112793 112816 4.6498
112793 112817 9.113
112817 112793 9.113
112817 446176 1.895
446176 112817 1.895
446176 112812 12.8923
112812 446176 12.8923
112812 1524433 1.5487
1524433 112812 1.5487
1524433 112813 2.3234
112813 1524433 2.3234
112813 112808 4.356
112808 112813 4.356
112808 1755969 5.2776
1755969 112808 5.2776
1755969 112809 3.937
112809 1755969 3.937
112809 112810 7.2144
112810 112809 7.2144
112810 446170 3.029
446170 112810 3.029
446170 112811 1.1102
112811 446170 1.1102
112811 1598353 4.9046
1598353 112811 4.9046
1598353 1755911 1.2082
1755911 1598353 1.2082
1755911 1943869 2.754
1943869 1755911 2.754
1943869 1755867 0.9022
1755867 1943869 0.9022
1755867 112814 3.2112
112814 1755867 3.2112
112814 1755920 7.0812
1755920 112814 7.0812
1755920 112815 2.867
112815 1755920 2.867
112815 112799 6.5938
112799 112815 6.5938
112799 112800 2.6849
112800 112799 2.6849
112800 112801 2.3558
112801 112800 2.3558
112801 112802 4.5756
112802 112801 4.5756
112802 112803 5.4763
112803 112802 5.4763
112803 112804 2.8505
112804 112803 2.8505
112804 112805 1.7978
112805 112804 1.7978
112805 112806 2.2147
112806 112805 2.2147
112806 112807 2.5776
112807 112806 2.5776
112807 112795 3.9413
112795 112807 3.9413
112795 112796 3.546
112796 112795 3.546
112796 112797 1.6718
112797 112796 1.6718
112797 112798 2.4163
112798 112797 2.4163
1812904 112941 30.0528
112941 1812904 30.0528
112941 1477567 4.3236
1477567 112941 4.3236
1477567 112942 8.2152
112942 1477567 8.2152
112942 112943 20.664
112943 112942 20.664
112943 112944 5.0112
112944 112943 5.0112
112944 112945 20.7144
112945 112944 20.7144
112945 1675648 6.462
1675648 112945 6.462
1675648 112939 8.2188
112939 1675648 8.2188
112939 1477549 11.664
1477549 112939 11.664
1477549 1477550 13.8276
1477550 1477549 13.8276
1477550 1477551 5.0724
1477551 1477550 5.0724
1477551 1477554 3.8196
1477554 1477551 3.8196
1838957 1477544 8.1936
1477544 1838957 8.1936
1477544 1477543 11.5488
1477543 1477544 11.5488
1477543 1477542 17.8848
1477542 1477543 17.8848
1477542 112951 31.5
112951 1477542 31.5
112951 1477598 4.7592
1477598 112951 4.7592
57982 784674 3.2964
784674 57982 3.2964
784674 784673 4.8072
784673 784674 4.8072
784673 113330 7.6656
113330 784673 7.6656
113330 784659 14.6916
784659 113330 14.6916
784659 1504525 8.934
1504525 784659 8.934
1504525 453632 10.3704
453632 1504525 10.3704
453632 1504512 11.382
1504512 453632 11.382
1504512 1504532 3.0396
1504532 1504512 3.0396
1504532 113329 1.6524
113329 1504532 1.6524
2016620 113329 9.7692
113329 2016620 9.7692
2016622 113290 6.846
113290 2016622 6.846
113290 113292 10.5804
113292 113290 10.5804
113292 113293 16.6536
113293 113292 16.6536
113295 113348 16.9236
113348 113295 16.9236
113349 113302 102.3984
113302 113349 102.3984
113308 113309 6.876
113309 113308 6.876
113309 113310 14.508
113310 113309 14.508
113310 158303 8.0664
158303 113310 8.0664
158303 113311 7.9812
113311 158303 7.9812
113311 1488041 1.0896
1488041 113311 1.0896
1488041 1723344 2.082
1723344 1488041 2.082
1723344 113312 6.4776
113312 1723344 6.4776
113312 1299430 8.4672
1299430 113312 8.4672
1299430 113313 2.214
113313 1299430 2.214
113313 1299429 5.3412
1299429 113313 5.3412
1299429 113314 3.3048
113314 1299429 3.3048
113314 113301 1.5936
113301 113314 1.5936
2016624 1487757 0.2239
1487757 2016624 0.2239
1487757 113306 2.1442
113306 1487757 2.1442
113301 158318 2.5896
158318 113301 2.5896
158318 113315 2.5248
113315 158318 2.5248
113315 401174 7.3572
401174 113315 7.3572
401174 113316 8.154
113316 401174 8.154
113321 113331 64.5192
113331 113321 64.5192
113331 158319 38.0232
158319 113331 38.0232
158319 113332 38.1528
113332 158319 38.1528
113332 158311 39.4056
158311 113332 39.4056
158311 113333 71.5752
113333 158311 71.5752
113333 881574 28.7784
881574 113333 28.7784
881574 881575 17.1
881575 881574 17.1
881575 113334 10.8576
113334 881575 10.8576
113334 784704 16.2936
784704 113334 16.2936
784704 113335 20.3616
113335 784704 20.3616
113335 113336 56.3544
113336 113335 56.3544
113336 784703 89.6184
784703 113336 89.6184
784703 113341 91.872
113341 784703 91.872
113341 113342 54.6048
113342 113341 54.6048
113342 113343 100.2528
113343 113342 100.2528
113343 158302 23.076
158302 113343 23.076
158302 158317 23.7672
158317 158302 23.7672
158317 113344 34.0272
113344 158317 34.0272
113344 158310 24.6024
158310 113344 24.6024
158310 158306 29.7504
158306 158310 29.7504
158306 113345 89.7408
113345 158306 89.7408
113345 113346 40.9824
113346 113345 40.9824
113346 113337 53.3304
113337 113346 53.3304
113337 113338 41.9112
113338 113337 41.9112
113338 113339 49.572
113339 113338 49.572
113339 113340 67.7304
113340 113339 67.7304
113369 113381 9.396
113381 113369 9.396
113381 1881767 57.2328
1881767 113381 57.2328
1881767 113370 14.2056
113370 1881767 14.2056
113370 1881790 21.6072
1881790 113370 21.6072
1881790 1310579 17.6832
1310579 1881790 17.6832
1310579 1310578 15.6024
1310578 1310579 15.6024
1310578 113371 26.2656
113371 1310578 26.2656
113357 1534789 1.8216
1534789 113357 1.8216
1688666 935122 37.1808
935122 1688666 37.1808
2016626 1984412 8.226
1984412 2016626 8.226
1984412 113388 43.6968
113388 1984412 43.6968
113388 113396 20.5164
113396 113388 20.5164
113396 1984420 5.7492
1984420 113396 5.7492
1984420 113389 18.6912
113389 1984420 18.6912
92618 451092 4.8492
451092 92618 4.8492
450787 450786 66.6972
450786 450787 66.6972
450786 1984483 12.114
1984483 450786 12.114
1984483 1354735 34.8876
1354735 1984483 34.8876
1354735 934048 9.7236
934048 1354735 9.7236
934048 1269780 6.1272
1269780 934048 6.1272
1269780 881490 32.796
881490 1269780 32.796
881490 881487 27.2772
881487 881490 27.2772
881487 1354725 19.4544
1354725 881487 19.4544
1354725 450785 18.8892
450785 1354725 18.8892
450785 30850 3.9744
30850 450785 3.9744
113399 932350 3.492
932350 113399 3.492
932350 932331 18.5724
932331 932350 18.5724
932331 113401 36.5436
113401 932331 36.5436
113401 113402 66.0492
113402 113401 66.0492
113402 932358 106.848
932358 113402 106.848
932358 1634010 4.878
1634010 932358 4.878
1634010 542922 16.4772
542922 1634010 16.4772
542922 932344 15.1272
932344 542922 15.1272
932344 542913 1.8108
542913 932344 1.8108
542913 542896 32.7456
542896 542913 32.7456
57986 1832485 0.4442
1832485 57986 0.4442
1832485 113619 13.937
113619 1832485 13.937
113619 760354 11.6374
760354 113619 11.6374
760354 113620 9.7193
113620 760354 9.7193
113620 113621 22.2948
113621 113620 22.2948
113621 1401644 0.1879
1401644 113621 0.1879
1401644 1817698 0.6602
1817698 1401644 0.6602
1817698 634613 0.9842
634613 1817698 0.9842
634613 634579 2.5488
634579 634613 2.5488
634579 634575 4.8722
634575 634579 4.8722
634575 634573 4.7995
634573 634575 4.7995
634573 634577 4.9745
634577 634573 4.9745
634577 113622 6.3648
113622 634577 6.3648
113622 634580 3.8628
634580 113622 3.8628
634580 634601 7.6601
634601 634580 7.6601
634601 113623 3.3581
113623 634601 3.3581
113623 634571 2.8102
634571 113623 2.8102
634571 634544 5.4029
634544 634571 5.4029
634544 113624 5.7283
113624 634544 5.7283
964 1000113 0.8255
1000113 567398 0.9954
567398 793825 1.4836
127802 127851 15.4824
127851 127802 15.4824
127851 223796 11.868
223796 127851 11.868
223796 127803 3.342
127803 223796 3.342
127803 127804 1.4424
127804 127803 1.4424
127804 1500471 1.194
1500471 127804 1.194
1500471 127805 1.3152
127805 1500471 1.3152
127805 127806 1.5396
127806 127805 1.5396
127806 127807 1.6092
127807 127806 1.6092
127807 127808 2.6364
127808 127807 2.6364
127808 127809 2.526
127809 127808 2.526
127812 127836 2.2536
127836 127812 2.2536
127836 127837 2.1672
127837 127836 2.1672
127837 127838 4.3704
127838 127837 4.3704
127838 127839 6.3288
127839 127838 6.3288
127839 127840 7.3944
127840 127839 7.3944
127840 127841 10.6632
127841 127840 10.6632
127841 127842 8.0856
127842 127841 8.0856
127842 127843 8.0352
127843 127842 8.0352
127843 127844 6.8184
127844 127843 6.8184
127844 127845 9.2376
127845 127844 9.2376
127845 127846 6.7896
127846 127845 6.7896
127846 127847 5.724
127847 127846 5.724
1193778 127852 1.2636
127852 1193778 1.2636
127852 127853 2.4264
127853 127852 2.4264
127853 127854 3.1608
127854 127853 3.1608
127854 127859 2.6076
127859 127854 2.6076
127859 127855 1.3356
127855 127859 1.3356
127855 127856 1.032
127856 127855 1.032
127856 127857 2.5524
127857 127856 2.5524
127857 127858 2.3796
127858 127857 2.3796
127858 127851 2.3832
127851 127858 2.3832
127860 127861 6.7644
127861 127860 6.7644
127861 127862 3.2436
127862 127861 3.2436
127862 127863 3.7764
127863 127862 3.7764
127863 127864 4.014
127864 127863 4.014
127864 127865 4.5036
127865 127864 4.5036
127865 127866 4.2804
127866 127865 4.2804
127866 127867 3.2004
127867 127866 3.2004
127867 127859 10.5372
127859 127867 10.5372
127847 127848 1.6368
127848 127847 1.6368
127848 127849 1.5372
127849 127848 1.5372
127849 127850 1.1952
127850 127849 1.1952
127850 231748 27.6984
231748 127850 27.6984
231748 127835 4.1304
127835 231748 4.1304
537662 733478 19.7028
733478 537662 19.7028
733478 733460 15.4692
733460 733478 15.4692
733460 733406 11.448
733406 733460 11.448
733406 733393 6.444
733393 733406 6.444
733393 733365 8.1504
733365 733393 8.1504
132468 1876517 1.0051
1876517 132467 0.3593
2016962 132467 2.0239
63079 159305 2.6899
159305 63079 2.6899
159305 1167961 2.4768
1167961 159305 2.4768
67471 1324118 4.8456
1324118 67471 4.8456
1324118 375914 0.858
375914 1324118 0.858
375914 1167936 14.424
1167936 375914 14.424
1167936 203299 0.396
203299 1167936 0.396
203299 1323358 4.7412
1323358 203299 4.7412
1323358 67472 0.9876
67472 1323358 0.9876
160539 1812919 0.4928
1812919 160539 0.4928
1812919 160538 13.6968
160538 1812919 13.6968
160538 731986 9.042
731986 160538 9.042
731986 1292422 10.5132
1292422 731986 10.5132
1292422 1292417 3.5156
1292417 1292422 3.5156
1292417 1091323 2.2096
1091323 1292417 2.2096
1091323 142435 0.8376
142435 1091323 0.8376
142435 1091328 2.5152
1091328 142435 2.5152
1091328 1292421 3.5004
1292421 1091328 3.5004
1292421 1091325 0.0824
1091325 1292421 0.0824
1091325 142432 7.9256
142432 1091325 7.9256
142432 1292408 2.2492
1292408 142432 2.2492
1292408 1292403 1.6212
1292403 1292408 1.6212
1292403 1675608 3.0036
1675608 1292403 3.0036
1675608 158309 3.4064
158309 1675608 3.4064
158309 142433 2.2064
142433 158309 2.2064
142433 636707 0.6676
636707 142433 0.6676
636707 158316 0.9824
158316 636707 0.9824
158316 1675642 0.4016
1675642 158316 0.4016
1675642 158314 0.7744
158314 1675642 0.7744
158314 142434 3.5764
142434 158314 3.5764
142434 112940 1.9108
112940 142434 1.9108
155078 155073 2.2284
155073 155070 1.6524
155070 567598 1.3104
155077 155078 3.5532
155073 2017270 4.6692
567479 567480 2.6784
567480 567479 2.6784
567480 567481 1.6236
567481 567480 1.6236
567481 567482 1.6956
567482 567481 1.6956
567482 567484 3.3804
567484 567482 3.3804
155082 567588 6.9084
567534 69382 5.3208
155079 567581 4.9932
567581 155072 1.5048
155072 155082 2.5704
155082 155077 1.7028
159311 1167961 2.5826
1167961 159311 2.5826
159312 1167963 2.5056
1167963 159312 2.5056
1167963 159309 15.9696
159309 1167963 15.9696
159309 159307 17.766
159307 159309 17.766
159306 1220941 1.6452
1220941 159306 1.6452
1220941 159310 1.0332
159310 1220941 1.0332
159310 159304 4.8636
159304 159310 4.8636
159304 159314 33.0516
159314 159304 33.0516
159314 159313 39.6288
159313 159314 39.6288
63079 159315 1.0646
159315 63079 1.0646
159315 53634 1.3186
53634 159315 1.3186
53634 375799 4.5694
375799 53634 4.5694
375799 1234275 1.259
1234275 375799 1.259
1234275 918587 3.4025
918587 1234275 3.4025
918587 1323388 2.1343
1323388 918587 2.1343
1323388 532076 6.8179
532076 1323388 6.8179
532076 203464 0.594
203464 532076 0.594
203464 1309656 0.3158
1309656 203464 0.3158
1309656 532057 8.7377
532057 1309656 8.7377
532057 532075 3.0955
532075 532057 3.0955
532075 53635 1.6061
53635 532075 1.6061
159785 159786 47.6568
159786 159785 47.6568
159786 159787 121.6584
159787 159786 121.6584
159787 159788 67.788
159788 159787 67.788
159788 1817653 8.784
1817653 159788 8.784
1817653 416639 7.668
416639 1817653 7.668
159789 159790 36.3672
159790 159789 36.3672
159790 159791 28.044
159791 159790 28.044
159791 159792 120.384
159792 159791 120.384
159792 159793 26.1288
159793 159792 26.1288
159793 159794 25.3512
159794 159793 25.3512
159794 159795 31.8456
159795 159794 31.8456
159795 159796 21.8736
159796 159795 21.8736
159796 159797 100.8432
159797 159796 100.8432
159797 159798 40.1832
159798 159797 40.1832
159798 159799 33.6816
159799 159798 33.6816
159799 159800 39.384
159800 159799 39.384
159800 159801 88.7328
159801 159800 88.7328
159801 159802 60.9048
159802 159801 60.9048
159803 1151920 72.3528
1151920 159803 72.3528
1151920 159804 70.5312
159804 1151920 70.5312
159804 159805 5.0076
159805 159804 5.0076
159805 159806 53.0928
159806 159805 53.0928
159806 159807 4.8852
159807 159806 4.8852
159807 1307023 119.8368
1307023 159807 119.8368
1307023 1812943 7.5708
1812943 1307023 7.5708
1812943 239699 20.7108
239699 1812943 20.7108
239699 1812941 5.5656
1812941 239699 5.5656
1812941 1812940 19.1268
1812940 1812941 19.1268
1812940 159808 3.1536
159808 1812940 3.1536
159808 1812942 3.942
1812942 159808 3.942
1812942 159809 4.8132
159809 1812942 4.8132
159809 159810 8.1396
159810 159809 8.1396
159811 239699 61.2072
239699 159811 61.2072
239699 1307025 109.7244
1307025 239699 109.7244
1307025 159812 23.2848
159812 1307025 23.2848
1321457 159814 12.2976
159814 1321457 12.2976
159814 159815 11.6208
159815 159814 11.6208
159815 1812947 41.9292
1812947 159815 41.9292
1812947 159816 85.6764
159816 1812947 85.6764
159817 1812929 6.3288
1812929 159817 6.3288
1812929 1812920 2.79
1812920 1812929 2.79
1812920 880008 17.1432
880008 1812920 17.1432
880008 159819 7.02
159819 880008 7.02
159819 1812924 12.8664
1812924 159819 12.8664
1812924 159785 46.3968
159785 1812924 46.3968
159785 159820 2.5416
159820 159785 2.5416
159820 159821 7.0776
159821 159820 7.0776
159821 159789 81.8136
159789 159821 81.8136
159789 159822 48.1608
159822 159789 48.1608
159822 159823 4.9248
159823 159822 4.9248
159823 159824 25.2936
159824 159823 25.2936
159824 159825 7.308
159825 159824 7.308
159825 159826 12.6144
159826 159825 12.6144
159826 159827 4.644
159827 159826 4.644
159827 159803 19.5012
159803 159827 19.5012
159803 159811 7.8552
159811 159803 7.8552
159811 159828 35.4852
159828 159811 35.4852
159828 159829 8.748
159829 159828 8.748
159829 159830 7.2288
159830 159829 7.2288
159830 159810 62.5716
159810 159830 62.5716
159810 159813 115.1352
159813 159810 115.1352
159813 93385 3.654
93385 159813 3.654
1610265 221592 1.2938
221592 1610265 1.2938
221592 229905 0.6984
229905 221592 0.6984
229905 234830 0.1663
234830 229905 0.1663
234830 162789 2.4271
162789 234830 2.4271
162789 1265686 4.914
1265686 162789 4.914
1265686 218978 1.1326
218978 1265686 1.1326
218978 100828 0.3211
100828 218978 0.3211
23876 291606 1.3633
291606 23876 1.3633
291606 1692512 1.4
1692512 291606 1.4
