65716
1489 131577 0.5116
131577 131374 0.4406
131374 1871242 0.6192
1871242 2005129 0.7427
2005129 1871241 4.6721
1871241 994301 8.8585
994301 1629608 6.6427
1629608 295251 3.3167
295251 1356152 1.5746
1356152 58302 1.012
1472415 1887458 0.7772
1887458 1472415 0.7772
1887458 1887461 2.9254
1887461 1887458 2.9254
1887461 869865 3.9888
869865 1887461 3.9888
869865 869873 4.491
869873 869865 4.491
869873 1810621 1.3972
1810621 869873 1.3972
1810621 1810622 5.6988
1810622 1810621 5.6988
1810622 1887287 0.3524
1887287 1810622 0.3524
1887287 1810603 4.4183
1810603 1887287 4.4183
1810603 1810602 5.5454
1810602 1810603 5.5454
1810602 362106 0.6991
362106 1810602 0.6991
362106 257275 8.5122
257275 362106 8.5122
8029 1579256 0.5868
1579256 8029 0.5868
1579256 2005108 2.3152
2005108 1579256 2.3152
2005108 331448 4.1483
331448 2005108 4.1483
331448 155973 4.4086
155973 331448 4.4086
155973 2005109 0.914
2005109 155973 0.914
2005109 885026 0.8831
885026 2005109 0.8831
885026 1889185 0.4586
1889185 885026 0.4586
1889185 2005110 0.6307
2005110 1889185 0.6307
2005110 1887309 1.039
1887309 2005110 1.039
1887309 260878 3.7166
260878 1887309 3.7166
260878 1889222 3.1648
1889222 260878 3.1648
1889222 1887308 6.5416
1887308 1889222 6.5416
1887308 1888521 0.1645
1888521 1887308 0.1645
1888521 1646120 0.8816
1646120 1888521 0.8816
1646120 331497 5.0116
331497 1646120 5.0116
331497 331452 2.3605
331452 331497 2.3605
331452 1888533 1.8187
1888533 331452 1.8187
1888533 1866402 0.3654
1866402 1888533 0.3654
1866402 2005111 0.5771
2005111 1866402 0.5771
2005111 2005112 0.8719
2005112 2005111 0.8719
2005112 1493 4.0723
1493 2005112 4.0723
596443 31754 0.319
31754 596443 0.319
31754 31753 0.1451
31753 31754 0.1451
31753 31752 0.1505
31752 31753 0.1505
31752 31751 0.1638
31751 31752 0.1638
31751 31750 0.5335
31750 31751 0.5335
31750 31756 0.3359
31756 31750 0.3359
31756 31749 0.3319
31749 31756 0.3319
31749 31755 0.4504
31755 31749 0.4504
31755 31758 1.2967
31758 31755 1.2967
31758 1752606 1.5818
1752606 31758 1.5818
1487 1629546 0.3676
1629546 131569 0.2596
131569 1629547 0.274
1629547 1629548 0.2682
1629548 131372 0.2452
131372 2002481 1.6693
2002481 1580215 3.7566
1580215 343686 0.5184
343686 950032 3.3217
950032 19532 0.8442
19532 343561 1.6391
343561 1629538 0.9533
1667851 1667852 0.6206
1667852 23464 0.6415
23464 23433 0.1962
23433 510230 0.207
510230 131361 2.2777
131361 113545 2.1287
113545 23434 1.4152
23434 2002484 0.612
2002484 131362 0.2959
131362 1668035 1.0487
1668035 23435 1.4713
23435 101341 2.7284
101341 131366 0.9335
23432 548029 0.3816
548029 23454 0.3632
23454 97522 0.328
97522 73725 0.369
73725 297075 0.4889
297075 23459 0.5206
23458 95331 1.4915
95331 95329 0.77
95329 297066 1.0519
297066 73717 0.9554
23460 1667875 0.5514
1667875 1667874 0.3612
1667874 23461 0.3456
23461 23462 0.3678
23462 23463 0.3336
23463 1667873 0.327
1667873 1667872 0.3222
1667872 23464 0.4098
58294 1629558 0.2974
1629558 131571 0.2131
131571 1629559 0.2448
1629559 1486 0.2286
1486 1629560 0.2376
1629560 1629561 0.2135
1629561 58295 0.3647
55137 97513 1.0872
97513 915685 0.6012
915685 97505 0.4865
30583 55046 0.5562
55046 477470 0.216
477470 1405145 1.8349
1405145 975779 0.9338
975779 30582 4.7682
30582 948301 0.3186
948301 1183744 3.3786
1183744 1183756 1.7557
1183756 1183762 3.604
1183762 1761904 0.3881
1761904 1761927 0.3445
1761927 1461304 1.777
1461304 975775 0.6844
975775 948290 1.5052
948290 935645 0.3852
30583 477472 0.2938
477472 42879 0.3164
42879 60378 0.2945
60378 37997 0.3074
37997 477473 0.261
477473 37998 0.261
37998 477476 0.239
477476 30585 0.2394
935644 1761879 1.4532
1761879 935644 1.4532
1761879 935671 1.4292
935671 1761879 1.4292
935671 400477 0.6504
400477 935671 0.6504
400477 935685 2.3748
935685 400477 2.3748
935685 1761925 10.206
1761925 935685 10.206
1761925 1838319 2.8032
1838319 1761925 2.8032
1838319 400479 6.5964
400479 1838319 6.5964
400479 697374 21.6384
697374 400479 21.6384
697374 53831 2.136
53831 697374 2.136
53831 935722 0.8688
935722 53831 0.8688
935722 55049 1.6008
55049 935722 1.6008
1495 773085 3.5582
773085 1495 3.5582
773085 31763 2.9884
31763 773085 2.9884
31763 173122 11.2374
173122 31763 11.2374
173122 1890389 0.2462
1890389 173122 0.2462
1890389 362119 0.1037
362119 1890389 0.1037
362119 1890388 0.4291
1890388 362119 0.4291
1890388 773073 5.8986
773073 1890388 5.8986
773073 1890398 0.8975
1890398 773073 0.8975
1890398 281425 5.1059
281425 1890398 5.1059
281425 281435 5.1311
281435 281425 5.1311
281435 314234 4.721
314234 281435 4.721
314234 343117 3.9179
343117 314234 3.9179
343117 1887257 1.1959
1887257 343117 1.1959
1887257 343115 2.0023
343115 1887257 2.0023
343115 1496 1.7618
1496 343115 1.7618
1496 8034 2.9826
8034 1496 2.9826
1493 31766 1.2888
31766 1493 1.2888
31766 331529 1.6596
331529 31766 1.6596
331529 260883 1.6637
260883 331529 1.6637
260883 257406 0.738
257406 260883 0.738
257406 257403 2.2083
257403 257406 2.2083
257403 31767 0.5102
31767 257403 0.5102
31767 1890370 3.5882
1890370 31767 3.5882
1890370 260886 0.9242
260886 1890370 0.9242
260886 1887282 0.3173
1887282 260886 0.3173
1887282 31768 0.1034
31768 1887282 0.1034
31768 2005118 0.467
2005118 31768 0.467
2005118 1887806 2.4501
1887806 2005118 2.4501
1887806 31769 0.2906
31769 1887806 0.2906
31769 260872 2.629
260872 31769 2.629
42878 560489 30.6468
560489 37997 0.9912
30588 1295265 3.5398
1295265 525493 0.2643
525493 525480 3.9369
525480 1295255 0.2458
1295255 1295277 4.5658
1295277 525472 0.2679
525472 525458 4.1338
525458 470687 1.8957
470687 1295282 2.2546
1295282 560339 2.3086
560339 30587 0.5739
37998 477474 1.7136
477474 37998 1.7136
477474 53832 28.1376
53832 477474 28.1376
53832 157091 2.4636
157091 53832 2.4636
157091 525376 9.9504
525376 157091 9.9504
525376 37999 1.6272
37999 525376 1.6272
37999 948314 2.1312
948314 948315 0.1573
948315 42874 0.1627
42874 948316 0.1562
948316 948317 0.1368
948317 42875 2.596
42875 42876 0.2106
42876 1505641 0.1685
1505641 157083 0.9778
157083 1409239 1.3118
1409239 1500363 0.5162
1500363 1409237 0.6721
1409237 345927 1.8871
345927 42877 0.3254
345897 2015627 2.6501
345897 42880 0.3122
48286 372791 1.1685
372791 48286 1.1685
372791 991866 0.3415
991866 372791 0.3415
991866 209151 0.3096
209151 991866 0.3096
209151 991867 0.2829
991867 209151 0.2829
991867 372793 0.2777
372793 991867 0.2777
372793 991868 0.2453
991868 372793 0.2453
991868 991869 0.2371
991869 991868 0.2371
991869 42894 0.5066
42894 991869 0.5066
42894 209156 19.7146
209156 42894 19.7146
209156 991878 1.7635
991878 209156 1.7635
991878 991879 0.8342
991879 991878 0.8342
991879 42895 0.9046
42895 991879 0.9046
42895 199260 1.2106
199260 42895 1.2106
199260 991881 0.63
991881 199260 0.63
991881 199263 0.7195
199263 991881 0.7195
199263 991884 0.7329
991884 199263 0.7329
991884 199269 0.8599
199269 991884 0.8599
199269 991886 0.6845
991886 199269 0.6845
991886 42896 0.7761
42896 991886 0.7761
42896 199262 0.737
199262 42896 0.737
199262 991887 0.8943
991887 199262 0.8943
991887 991891 0.5955
991891 991887 0.5955
991891 199265 0.9365
199265 991891 0.9365
199265 1474100 1.0455
1474100 199265 1.0455
1474100 991892 0.3255
991892 1474100 0.3255
991892 199267 1.3402
199267 991892 1.3402
199267 199259 3.0219
199259 199267 3.0219
199259 42897 2.9196
42897 199259 2.9196
42897 199258 1.0954
199258 42897 1.0954
199258 199268 1.3083
199268 199258 1.3083
199268 42898 3.8119
42898 199268 3.8119
42898 42899 13.5638
42899 42898 13.5638
113669 383120 4.0716
383120 113669 4.0716
383120 113674 1.7537
113674 383120 1.7537
43252 1762733 12.762
1762733 43252 12.762
1762733 904588 2.9664
904588 1762733 2.9664
904588 1146268 14.4396
1146268 904588 14.4396
1146268 43326 3.4956
43326 1146268 3.4956
131695 1309733 3.2748
1309733 131695 3.2748
1309733 555591 0.15
555591 1309733 0.15
555591 364206 16.7652
364206 555591 16.7652
364206 974372 7.152
974372 364206 7.152
974372 904551 2.1144
904551 974372 2.1144
904551 43341 1.2204
43341 904551 1.2204
43536 309926 0.302
309926 19522 0.3204
19522 309941 0.3211
309941 43532 0.3211
43532 915546 0.0655
915546 309919 0.256
309919 915538 0.3211
915538 19513 0.3211
19513 309977 0.3215
48275 246861 2.1156
246861 48275 2.1156
246861 620291 0.5304
620291 246861 0.5304
620291 289031 19.6704
289031 620291 19.6704
289031 289029 8.946
289029 289031 8.946
289029 48276 7.2132
48276 289029 7.2132
48275 118194 6.8592
118194 48275 6.8592
118194 118196 14.4672
118196 118194 14.4672
118196 48277 16.1784
48277 118196 16.1784
48277 48278 15.4128
48278 48277 15.4128
48278 1474011 3.5016
1474011 48278 3.5016
1474011 648503 4.8828
648503 1474011 4.8828
648503 256930 8.724
256930 648503 8.724
256930 256259 15.1956
256259 256930 15.1956
58290 972390 0.9169
972390 1136509 0.2297
1136509 747477 0.2376
747477 416712 0.499
416712 73737 1.0444
48286 991870 1.5917
991870 48286 1.5917
991870 991871 1.5202
991871 991870 1.5202
991871 401399 3.3351
401399 991871 3.3351
401399 401400 0.5909
401400 401399 0.5909
401400 991874 3.1824
991874 401400 3.1824
991874 991875 1.6668
991875 991874 1.6668
991875 991876 0.953
991876 991875 0.953
991876 48287 1.043
48287 991876 1.043
48287 1474154 0.2926
1474154 48287 0.2926
1474154 991877 2.1297
991877 1474154 2.1297
991877 991811 3.2559
991811 991877 3.2559
958521 1555379 0.329
1555379 1555378 0.3715
1555378 1555377 0.3269
1555377 958520 0.2563
30587 948322 1.65
948322 30587 1.65
948322 525451 9.1368
525451 948322 9.1368
525451 1295262 8.5836
1295262 525451 8.5836
1295262 53684 6.1692
53684 1295262 6.1692
53684 53685 2.2512
53685 53684 2.2512
30584 53685 19.6956
53685 30584 19.6956
53685 314953 23.8164
314953 53685 23.8164
314953 63937 18.5976
63937 314953 18.5976
63937 560278 1.2708
560278 63937 1.2708
53819 560478 1.363
560478 157043 1.0872
157043 30603 6.1438
30603 560481 1.5581
560481 977483 0.9086
977483 1500383 1.0231
53820 1461322 1.4208
1461322 1183736 21.3588
1183736 1183734 7.7184
1183734 948300 12.7248
948300 42878 1.1184
53740 935663 0.4284
935663 53821 0.1674
53832 560251 4.2984
560251 53832 4.2984
560251 53833 27.666
53833 560251 27.666
53833 157086 9.0072
157086 53833 9.0072
157086 157092 10.0296
157092 157086 10.0296
55046 560490 0.7752
560490 55046 0.7752
560490 477471 0.9516
477471 560490 0.9516
477471 55047 0.9852
55047 477471 0.9852
55047 55048 16.6788
55048 55047 16.6788
55048 55050 19.3572
55050 55048 19.3572
566000 565987 2.8066
565987 565985 0.6275
565985 191206 0.3593
191206 191207 0.3816
191207 555590 0.3496
555590 55131 0.3283
55131 565986 0.3625
565986 565988 0.4054
565988 191208 0.3467
191208 565989 0.4694
565989 127727 0.7304
127727 127723 1.9847
127723 257844 0.8341
257844 257849 1.4198
257849 55132 3.1378
55132 58266 2.0941
19537 547736 1.7939
935658 560473 1.3212
560473 935658 1.3212
560473 935610 12.8736
935610 560473 12.8736
935610 1493079 9.3372
1493079 935610 9.3372
1493079 1493077 2.2272
1493077 1493079 2.2272
1493077 55253 2.364
55253 1493077 2.364
55253 508333 6.9612
508333 55253 6.9612
508333 303513 5.7732
303513 508333 5.7732
303513 303514 8.0472
303514 303513 8.0472
303514 1422397 10.0536
1422397 303514 10.0536
1422397 303307 7.5192
303307 1422397 7.5192
55253 55254 30.1536
55254 55253 30.1536
55254 55255 24.7104
55255 55254 24.7104
55255 508336 4.2552
508336 55255 4.2552
508336 55256 1.8684
55256 508336 1.8684
55256 55257 5.4072
55257 55256 5.4072
55257 55258 19.4832
55258 55257 19.4832
55258 55259 42.8364
55259 55258 42.8364
55259 508343 10.6236
508343 55259 10.6236
560476 53821 0.5796
53819 1461268 0.9432
1461268 53822 0.756
53822 935681 0.6396
935681 935680 0.6348
935680 53820 0.4548
53820 1500386 1.4136
1500386 935672 2.3712
566010 55413 0.81
55413 566013 1.2471
566013 566014 0.5703
566014 566015 0.684
566015 566018 0.6192
566018 524249 0.593
524249 55414 8.2851
55414 566032 3.0878
566032 566035 0.7066
566035 566039 0.5349
566039 55366 0.4176
55366 566042 0.413
566042 566041 0.36
566041 566040 0.3261
566040 524256 0.3271
524256 566036 0.3775
566036 55367 0.3806
55367 566030 0.2931
566030 566027 0.3754
566027 55368 0.2854
55368 55369 0.8506
915728 55412 2.9858
55412 42872 0.8251
42872 524257 0.7852
524257 42873 0.7564
42873 191211 0.8885
191211 915736 1.0476
915736 915735 3.6058
58114 303304 0.924
303304 58114 0.924
303304 524297 4.6032
524297 303304 4.6032
524297 55382 5.3448
55382 524297 5.3448
55382 55383 5.7756
55383 55382 5.7756
55383 55384 3.7164
55384 55383 3.7164
55384 55385 7.3104
55385 55384 7.3104
55385 55386 2.778
55386 55385 2.778
55386 55387 3.5328
55387 55386 3.5328
55387 55388 7.866
55388 55387 7.866
55388 55389 10.7592
55389 55388 10.7592
55389 55390 13.8864
55390 55389 13.8864
55390 55391 3.96
55391 55390 3.96
55391 55392 5.664
55392 55391 5.664
55392 55393 8.802
55393 55392 8.802
55393 55394 5.7768
55394 55393 5.7768
55394 55395 4.4232
55395 55394 4.4232
55395 55396 5.3148
55396 55395 5.3148
55396 55397 3.6
55397 55396 3.6
55397 55398 11.5176
55398 55397 11.5176
55398 55399 8.826
55399 55398 8.826
55399 55400 10.182
55400 55399 10.182
55400 55401 8.22
55401 55400 8.22
55401 303324 1.8072
303324 55401 1.8072
303324 55402 1.6848
55402 303324 1.6848
55402 55403 0.8508
55403 55402 0.8508
55403 55404 1.6524
55404 55403 1.6524
55404 55405 3.372
55405 55404 3.372
55405 55406 1.734
55406 55405 1.734
55406 55407 2.5548
55407 55406 2.5548
55407 55408 3.3132
55408 55407 3.3132
55408 55409 2.3784
55409 55408 2.3784
55409 55410 19.4484
55410 55409 19.4484
55410 55411 1.3332
55411 55410 1.3332
976327 57239 11.304
57239 310484 4.266
310484 310503 3.7008
310503 57241 6.6996
43246 57247 8.37
57247 310445 11.016
310445 57244 6.8184
57244 57246 9.9072
57246 57245 8.8524
57245 532477 0.8604
532477 288220 4.4244
191209 915587 1.1688
915587 58041 1.122
58041 589903 1.0068
589903 58038 0.9816
58038 58039 0.9804
58039 915599 1.0068
915599 58040 1.1652
58040 191203 1.3944
191203 565936 4.8216
351417 565885 2.5718
565885 565892 0.7092
565892 565893 0.6008
565893 565895 0.6228
565895 565896 0.7355
565896 915580 2.4426
915580 915581 0.932
915581 915582 0.9497
915582 915583 0.8647
915583 915584 0.7124
915584 915585 0.8633
915585 915586 0.8878
915586 915589 1.0404
915589 915595 1.1034
915595 915598 1.1009
915598 915604 1.04
915604 915614 1.0829
915614 915619 0.8521
915619 915624 0.252
55370 58043 0.3147
58043 58044 0.3255
58044 58045 0.3641
58045 58046 0.3343
58046 58047 0.361
58047 58048 0.323
58048 58049 0.3749
58230 58231 4.4388
58231 58230 4.4388
58231 2015869 4.608
2015869 58231 4.608
58223 2015871 3.5976
2015871 58223 3.5976
974401 972365 3.3167
972365 398810 0.418
398810 547761 4.6854
547761 398805 0.3492
398805 97501 0.3283
58267 58268 0.1919
58268 972396 0.2574
972396 58269 0.2236
58269 972397 0.2441
972397 58270 0.2394
58270 58271 0.2718
58271 58272 0.2984
58272 58273 0.3244
58273 58274 0.4367
58274 58275 0.8428
58276 19536 7.7026
73721 58280 0.7074
58280 972399 0.2675
972399 58281 0.1757
58281 972400 0.1397
972400 972401 0.1451
972401 972402 0.1105
972402 58282 0.1645
58282 972403 0.1649
972403 972404 0.1523
972404 73744 0.1919
73744 58283 0.31
58284 451561 0.1897
451561 416812 0.1472
416812 451560 0.1433
451560 451557 0.1652
451557 343583 0.2218
343583 451559 0.4032
451559 73746 0.1811
58288 451550 0.0655
451550 451547 0.0817
451547 343695 0.3856
343695 416810 0.4007
416810 451539 0.266
451539 451538 0.3103
451538 169192 0.6253
31797 73743 0.5364
73743 1136495 0.2237
1136495 416704 0.2463
416704 747465 0.4593
48284 453801 6.9384
453801 543567 5.3064
543567 169181 2.7732
169181 169416 14.6412
169416 684144 9.174
684144 543725 8.4672
543725 58293 1.8204
48283 451570 0.4918
451570 451565 0.4727
451565 343722 0.3866
343722 451554 0.3575
451554 451551 0.0882
451551 48282 0.0774
58290 1333145 1.656
1333145 58290 1.656
1333145 48284 0.4997
48284 1333145 0.4997
19534 372929 0.7906
372929 95330 0.8701
95330 95332 0.7668
95332 548026 0.927
548026 23452 0.806
73717 958254 1.8475
958254 372933 0.2426
372933 233302 0.598
58302 58300 1.1934
58300 295242 1.3946
295242 991865 0.5965
991865 113553 5.6239
113553 58299 2.7684
58299 295250 0.4957
295250 263533 9.0184
263533 1871240 0.311
1871240 2005128 0.6592
2005128 58298 0.805
58298 367083 1.6103
367083 131373 2.3393
131373 1629604 0.3712
1629604 1629605 0.2851
1629605 1629607 0.1976
1629607 1629606 0.1994
1629606 131576 0.27
131576 58297 0.333
58303 1490 2.9747
1490 58303 2.9747
1888581 389563 4.0824
389563 1888581 4.0824
389563 31764 1.1441
31764 389563 1.1441
31764 1866408 0.7729
1866408 31764 0.7729
1866408 1492 2.2756
1492 1866408 2.2756
1492 236717 1.4166
236717 1492 1.4166
236717 331528 0.5947
331528 236717 0.5947
331528 31765 0.5454
31765 331528 0.5454
31765 331491 0.5134
331491 31765 0.5134
331491 331465 0.4918
331465 331491 0.4918
331465 236718 0.5227
236718 331465 0.5227
236718 236714 0.4964
236714 236718 0.4964
236714 257648 1.3565
257648 236714 1.3565
257648 1888580 0.6451
1888580 257648 0.6451
1888580 236716 0.7726
236716 1888580 0.7726
236716 1888572 0.3276
1888572 236716 0.3276
1888572 236715 1.2377
236715 1888572 1.2377
236715 2005119 0.7373
2005119 236715 0.7373
2005119 331476 0.2678
331476 2005119 0.2678
30605 30606 1.6041
30606 525502 0.6645
525502 30607 0.7781
88769 542511 2.004
542511 88769 2.004
542511 265698 4.3812
265698 542511 4.3812
265698 265355 1.6764
265355 265698 1.6764
265355 1136186 2.5464
1136186 265355 2.5464
1136186 265393 6.0144
265393 1136186 6.0144
265393 1130147 7.2672
1130147 265393 7.2672
1130147 265365 0.744
265365 1130147 0.744
265365 1675979 14.1168
1675979 265365 14.1168
1675979 481375 1.1676
481375 1675979 1.1676
481375 265371 1.9428
265371 481375 1.9428
265371 314220 3.3504
314220 265371 3.3504
314220 980361 1.4784
980361 314220 1.4784
980361 453880 1.1772
453880 980361 1.1772
453880 980362 0.678
980362 453880 0.678
980362 59982 1.1988
59982 980362 1.1988
59982 59983 1.2936
59983 59982 1.2936
59983 59984 31.6536
59984 59983 31.6536
59984 1136512 0.9252
1136512 59984 0.9252
1136512 287066 3.4092
287066 1136512 3.4092
287066 314236 2.4876
314236 287066 2.4876
314236 59985 0.4164
59985 314236 0.4164
59985 1176211 10.5672
1176211 59985 10.5672
1176211 1649818 1.7808
1649818 1176211 1.7808
1649818 88754 2.4576
88754 1649818 2.4576
88754 554743 0.8976
554743 88754 0.8976
554743 554744 0.7464
554744 554743 0.7464
554744 554745 0.69
554745 554744 0.69
554745 59986 0.3684
59986 554745 0.3684
59986 554749 0.6612
554749 59986 0.6612
554749 314200 0.3744
314200 554749 0.3744
314200 554753 0.3936
554753 314200 0.3936
554753 59987 0.9096
59987 554753 0.9096
59987 1934038 0.4692
1934038 59987 0.4692
1934038 554759 0.5424
554759 1934038 0.5424
554759 554763 0.9828
554763 554759 0.9828
554763 554766 0.9264
554766 554763 0.9264
554766 59988 1.4484
59988 554766 1.4484
59988 554771 1.7904
554771 59988 1.7904
554771 554774 1.7292
554774 554771 1.7292
554774 1649810 4.8876
1649810 554774 4.8876
1649810 554779 0.4692
554779 1649810 0.4692
554779 413226 0.3864
413226 554779 0.3864
413226 958805 1.0272
958805 413226 1.0272
958805 1389051 0.582
1389051 958805 0.582
1389051 1389050 0.5004
1389050 1389051 0.5004
1389050 958806 0.456
958806 1389050 0.456
958806 132633 0.4716
132633 958806 0.4716
60001 397966 0.5789
397966 60001 0.5789
397966 996249 0.2398
996249 397966 0.2398
996249 421530 0.6044
421530 996249 0.6044
421530 282721 2.709
282721 421530 2.709
282721 1904877 2.322
1904877 282721 2.322
1904877 282729 1.0894
282729 1904877 1.0894
2015901 282729 2.0293
282729 2015901 2.0293
60162 342814 0.4874
342814 60162 0.4874
342814 60163 3.0672
60163 342814 3.0672
60163 83133 4.8002
83133 60163 4.8002
83133 60164 6.8789
60164 83133 6.8789
60164 83134 1.2269
83134 60164 1.2269
83134 60165 0.9058
60165 83134 0.9058
60165 60166 4.6562
60166 60165 4.6562
60166 83124 1.463
83124 60166 1.463
83124 83125 1.373
83125 83124 1.373
83125 83126 1.0843
83126 83125 1.0843
83126 60167 2.2298
60167 83126 2.2298
60167 83127 1.931
83127 60167 1.931
83127 83128 1.0577
83128 83127 1.0577
83128 342871 0.9302
342871 83128 0.9302
342871 342856 0.4421
342856 342871 0.4421
342856 882955 0.1181
882955 342856 0.1181
882955 342880 0.4003
342880 882955 0.4003
342880 83129 0.9634
83129 342880 0.9634
83129 1431635 3.8981
1431635 83129 3.8981
1431635 60168 1.831
60168 1431635 1.831
60168 83130 5.8327
83130 60168 5.8327
83130 151872 1.4954
151872 83130 1.4954
151872 265695 2.0081
265695 151872 2.0081
265695 60169 1.1974
60169 265695 1.1974
60169 152152 3.4409
152152 60169 3.4409
152152 60170 1.769
60170 152152 1.769
60170 882960 0.5285
882960 60170 0.5285
882960 60171 0.5062
60171 882960 0.5062
2015903 60171 1.9058
60171 2015903 1.9058
60403 975909 1.6154
975909 60403 1.6154
975909 178988 0.1815
178988 975909 0.1815
178988 60404 2.5524
60404 178988 2.5524
60404 179009 1.8694
179009 60404 1.8694
179009 179000 1.908
179000 179009 1.908
179000 60405 1.386
60405 179000 1.386
60405 65198 3.1855
65198 60405 3.1855
65198 179026 4.3915
179026 65198 4.3915
179026 60406 2.9993
60406 179026 2.9993
60406 120704 2.8378
120704 60406 2.8378
120704 1295294 1.6982
1295294 120704 1.6982
1295294 60407 0.5076
60407 1295294 0.5076
60407 1295291 0.4443
1295291 60407 0.4443
1295291 1295287 2.0664
1295287 1295291 2.0664
1295287 975822 1.0224
975822 1295287 1.0224
975818 60410 5.3316
60410 975818 5.3316
60410 737369 5.2596
737369 60410 5.2596
737369 60411 6.138
60411 737369 6.138
30582 560485 0.5595
560485 30582 0.5595
560485 42878 8.0362
42878 560485 8.0362
42878 948157 0.5673
948157 42878 0.5673
948157 472426 10.8725
472426 948157 10.8725
472426 30604 0.4515
30604 472426 0.4515
30604 470410 0.433
470410 30604 0.433
470410 159968 2.375
159968 470410 2.375
159968 1598809 0.8902
1598809 159968 0.8902
1598809 470689 4.5149
470689 1598809 4.5149
470689 159963 2.4953
159963 470689 2.4953
159963 1461269 4.7129
1461269 159963 4.7129
1461269 470686 0.324
470686 1461269 0.324
470686 472420 0.5883
472420 470686 0.5883
472420 470220 1.8766
470220 472420 1.8766
470220 1461271 0.2988
1461271 470220 0.2988
1461271 2015913 1.1314
2015913 1461271 1.1314
54726 86212 3.3174
86212 54726 3.3174
86212 605677 4.59
605677 86212 4.59
605677 472417 4.668
472417 605677 4.668
472417 42880 0.6132
42880 472417 0.6132
1620381 2015915 28.584
2015915 1620381 28.584
1620381 58252 4.5984
58252 1620381 4.5984
58253 58254 4.3356
58254 58253 4.3356
58254 1620370 0.6828
1620370 58254 0.6828
1620370 2015917 6.5184
2015917 1620370 6.5184
55048 935723 29.7708
935723 55048 29.7708
935723 55049 0.9564
55049 935723 0.9564
107896 824103 5.115
824103 935655 3.7788
935655 935639 18.7152
935639 935633 7.0446
935633 935634 0.8886
935634 935635 1.6488
935635 935640 5.142
58252 304601 16.8372
304601 58252 16.8372
304601 304599 33.786
304599 304601 33.786
304599 58253 5.0544
58253 304599 5.0544
58223 58224 0.7998
58224 58223 0.7998
58224 58225 1.2594
58225 58224 1.2594
58225 58226 1.6548
58226 58225 1.6548
58226 303508 1.8768
303508 58226 1.8768
303508 58227 2.2908
58227 303508 2.2908
58227 1620371 3.4104
1620371 58227 3.4104
1620371 58228 0.3618
58228 1620371 0.3618
58228 58229 0.525
58229 58228 0.525
58229 58230 0.402
58230 58229 0.402
217282 217276 12.0312
217276 217282 12.0312
63937 63938 3.1536
63938 63937 3.1536
58114 614595 2.9304
614595 58049 2.173
63941 63940 3.4745
63940 63941 3.4745
63940 23916 1.1422
23916 63940 1.1422
23916 23917 1.6303
23917 23916 1.6303
23917 156093 1.6545
156093 23917 1.6545
156093 1887388 0.8774
1887388 156093 0.8774
1887388 23918 1.6776
23918 1887388 1.6776
23918 155994 1.4066
155994 23918 1.4066
155994 156067 1.5902
156067 155994 1.5902
156067 60162 2.0278
60162 156067 2.0278
60162 2005760 0.4222
2005760 60162 0.4222
2005760 2005759 1.4251
2005759 2005760 1.4251
2005759 1579254 0.3667
1579254 2005759 0.3667
1579254 31787 0.7596
31787 1579254 0.7596
63943 63942 2.7648
63942 63943 2.7648
63942 258976 0.9062
258976 63942 0.9062
258976 31774 1.0095
31774 258976 1.0095
31774 31775 0.4346
31775 31774 0.4346
31775 259025 0.9242
259025 31775 0.9242
259025 258989 0.4217
258989 259025 0.4217
258989 1890360 1.5789
1890360 258989 1.5789
1890360 31776 1.6215
31776 1890360 1.6215
31776 1350523 0.4983
1350523 31776 0.4983
1350523 258986 0.7905
258986 1350523 0.7905
258986 31777 0.9247
31777 258986 0.9247
63944 593146 1.6877
593146 63944 1.6877
593146 593145 0.7787
593145 593146 0.7787
593145 31744 0.3791
31744 593145 0.3791
31744 593153 0.4486
593153 31744 0.4486
593153 31748 2.2169
31748 593153 2.2169
31748 593140 0.7819
593140 31748 0.7819
593140 1890450 0.1494
1890450 593140 0.1494
1890450 1890453 1.1426
1890453 1890450 1.1426
1890453 1890452 1.5246
1890452 1890453 1.5246
1890452 593177 0.1159
593177 1890452 0.1159
593177 1890455 1.1153
1890455 593177 1.1153
1890455 1011489 0.1325
1011489 1890455 0.1325
262911 1669383 2.058
1669383 262911 2.058
1669383 262924 2.2428
262924 1669383 2.2428
262924 593151 2.1456
593151 262924 2.1456
593151 262829 2.1852
262829 593151 2.1852
262829 593143 1.2552
593143 262829 1.2552
593143 262858 1.3956
262858 593143 1.3956
262858 262838 1.4184
262838 262858 1.4184
262838 262880 5.4156
262880 262838 5.4156
262880 262878 6.1848
262878 262880 6.1848
262878 343171 8.1804
343171 262878 8.1804
343171 262921 2.3436
262921 343171 2.3436
262921 1346047 3.4104
1346047 262921 3.4104
1346047 1499 6.9144
1499 1346047 6.9144
65180 2015962 0.606
2015962 65180 0.606
65180 732762 3.4932
732762 65180 3.4932
732762 111801 1.326
111801 732762 1.326
111801 111791 3.1704
111791 111801 3.1704
111791 1226117 2.652
1226117 111791 2.652
1226117 975849 3.6144
975849 1226117 3.6144
975849 60407 1.2084
60407 975849 1.2084
60407 732756 0.7152
732756 60407 0.7152
732756 823149 8.2224
823149 732756 8.2224
823149 1043971 1.0512
1043971 823149 1.0512
1043971 737363 6.99
737363 1043971 6.99
737363 737364 2.5332
737364 737363 2.5332
737364 60412 0.4584
60412 737364 0.4584
60412 60413 3.6876
60413 60412 3.6876
60413 60414 3.9732
60414 60413 3.9732
60414 727339 0.5544
727339 60414 0.5544
727339 1493061 1.5216
1493061 727339 1.5216
1493061 60415 4.1856
60415 1493061 4.1856
60415 1493068 2.3172
1493068 60415 2.3172
1493068 727338 1.2684
727338 1493068 1.2684
727338 729127 0.5232
729127 727338 0.5232
729127 1493074 0.7008
1493074 729127 0.7008
1493074 60416 2.1036
60416 1493074 2.1036
60416 60417 0.8052
60417 60416 0.8052
65190 65191 17.2422
65191 65190 17.2422
65191 1730836 6.3774
1730836 65191 6.3774
1730836 65192 0.8478
65192 1730836 0.8478
65192 65193 11.4228
65193 65192 11.4228
65193 65194 3.222
65194 65193 3.222
60408 1226097 1.098
1226097 60408 1.098
1226097 975819 2.4912
975819 1226097 2.4912
975819 1226113 6.4872
1226113 975819 6.4872
1226113 60409 12.5208
60409 1226113 12.5208
60409 1226094 0.234
1226094 60409 0.234
1226094 729552 0.4392
729552 1226094 0.4392
729552 111789 2.3184
111789 729552 2.3184
111789 729555 5.9364
729555 111789 5.9364
729555 729371 6.3108
729371 729555 6.3108
729371 1226109 7.0128
1226109 729371 7.0128
1226109 2015964 2.7684
2015964 1226109 2.7684
58291 169469 1.7564
169469 58291 1.7564
58291 73733 1.6542
264011 1497979 2.4325
1497979 264011 2.4325
1497979 264020 1.7399
264020 1497979 1.7399
264020 58267 0.09
58267 264020 0.09
48284 267467 0.2628
267467 48284 0.2628
267467 972398 1.5865
972398 267467 1.5865
972398 58283 1.7615
58283 972398 1.7615
58283 958246 5.2661
958246 73718 1.7186
48281 233303 1.7906
233303 453888 0.5332
453888 19535 4.7416
19535 58275 1.2542
73718 382319 4.257
382319 197894 1.5278
197894 169408 0.2851
169408 958253 0.3535
958253 372913 0.2869
372913 2002488 1.5581
2002488 19534 0.7596
73719 972388 4.2732
972388 972392 1.3043
972392 73721 2.6276
73720 972364 2.2237
972364 398812 0.297
398812 974403 3.7703
73731 1136508 0.221
1136508 1136507 0.2527
1136507 416710 0.2257
416710 416711 0.3614
416711 58291 0.5198
73734 31797 1.9826
747466 972387 0.8287
972387 747478 0.7427
747478 972327 0.4993
972327 58290 0.8503
31798 343623 0.5461
343623 58284 0.936
73731 1136504 0.3038
1136504 416705 0.1224
416705 1136505 0.1548
1136505 73732 0.1771
73732 1136506 0.2293
1136506 73733 0.2448
58286 451559 0.1116
451559 451563 0.3082
451563 343677 0.1728
343677 451566 0.2452
451566 416813 0.297
416813 48283 0.7542
31798 451545 0.1285
451545 132639 0.1235
132639 451549 0.1192
451549 58287 0.131
58287 451553 0.1465
451553 58285 0.1372
58285 58286 0.1159
169192 451536 0.6397
451536 343737 0.9994
343737 416811 0.6343
88755 1389048 0.3334
1389048 88755 0.3334
1389048 1389047 0.3398
1389047 1389048 0.3398
79951 460391 0.7776
460391 79951 0.7776
460391 958165 1.2698
958165 460391 1.2698
958165 958162 0.559
958162 958165 0.559
958162 646281 4.6728
646281 958162 4.6728
646281 953144 5.9256
953144 646281 5.9256
953144 79952 0.4325
79952 953144 0.4325
86212 605671 21.1752
605671 86212 21.1752
605671 1505638 29.5272
1505638 605671 29.5272
1505638 605672 19.2024
605672 1505638 19.2024
605672 1505631 41.7024
1505631 605672 41.7024
1505631 1500360 23.2488
1500360 1505631 23.2488
1500360 560267 19.0512
560267 1500360 19.0512
560267 1505641 6.6456
1505641 560267 6.6456
88761 1389071 0.311
1389071 88761 0.311
1389071 1282507 0.5008
1282507 1389071 0.5008
1282507 1389070 0.1534
1389070 1282507 0.1534
1389070 974355 1.0037
974355 1389070 1.0037
974355 131559 1.2614
131559 974355 1.2614
88761 1389069 0.2167
1389069 489271 0.157
489271 1389074 0.1742
1389074 1389075 0.2923
1389075 1389076 0.2362
1389076 1389077 0.3524
1389077 1389073 0.4651
1389073 461861 0.2556
461861 88768 1.3147
88768 1174834 0.6077
1174834 31801 0.473
31801 1389046 0.4921
1389046 1174833 0.5818
1174833 453884 0.7175
453884 31800 0.783
31800 1389058 0.4144
1389058 1389059 0.4082
1389059 554815 0.4882
554815 88755 0.2992
88762 1389064 0.324
1389064 88763 0.2538
88763 1389043 0.1752
1389043 88764 0.1494
88764 88765 0.2478
88765 1389044 0.1872
1389044 88766 0.1572
88766 88767 0.2202
88767 1389045 0.2088
1389045 88768 0.2592
88761 1389079 0.84
1389079 88761 0.84
1389079 1389078 0.7104
1389078 1389079 0.7104
1389078 489270 0.6228
489270 1389078 0.6228
489270 372765 4.566
372765 489270 4.566
372765 1436339 1.2924
1436339 372765 1.2924
1436339 372764 0.5892
372764 1436339 0.5892
372764 1436340 1.3344
1436340 372764 1.3344
1436340 373165 5.4144
373165 1436340 5.4144
373165 372761 2.9292
372761 373165 2.9292
372761 372759 6.1692
372759 372761 6.1692
372759 265364 3.4128
265364 372759 3.4128
265364 373160 9.9288
373160 265364 9.9288
373160 542513 0.9
542513 373160 0.9
542513 373157 12.7248
373157 542513 12.7248
373157 372750 11.2728
372750 373157 11.2728
372750 88769 1.7052
88769 372750 1.7052
554757 554755 0.8004
554755 554757 0.8004
554755 554751 0.9756
554751 554755 0.9756
554751 59979 17.8164
59979 554751 17.8164
1389112 1389116 0.127
1389116 547951 0.1455
547951 1136184 0.1795
1136184 1136183 0.2777
1136183 1389119 0.2484
1389119 131555 0.2798
131555 1136182 0.3626
1136182 1389118 0.4675
1389118 1389117 0.4747
1389117 99621 0.3914
55375 63939 2.2793
63939 566047 0.5179
566047 566049 0.4346
566049 107897 0.4109
107897 566050 0.4083
566050 566052 0.3785
566052 107898 0.4803
107898 91670 0.3317
91670 566057 0.3117
566057 37758 0.3204
94047 712840 1.1268
712840 94047 1.1268
712840 712841 0.919
712841 712840 0.919
712841 712842 0.8218
712842 712841 0.8218
712842 712843 0.6192
712843 712842 0.6192
712843 93706 0.4418
93706 712843 0.4418
93706 953109 1.4364
953109 93706 1.4364
953109 282757 1.2986
282757 953109 1.2986
282757 566416 1.512
566416 282757 1.512
566416 260016 0.2433
260016 566416 0.2433
260016 347106 3.8669
347106 260016 3.8669
347106 347107 1.7506
347107 347106 1.7506
347107 1302395 8.0583
1302395 347107 8.0583
1302395 93707 1.7681
93707 1302395 1.7681
94046 1930560 19.2996
1930560 94046 19.2996
1930560 1938179 3.5352
1938179 1930560 3.5352
1938179 472074 13.0896
472074 1938179 13.0896
472074 1939028 2.232
1939028 472074 2.232
1939028 1939029 0.2004
1939029 1939028 0.2004
1939029 1202799 13.206
1202799 1939029 13.206
1202799 1202798 1.1028
1202798 1202799 1.1028
1202798 1917062 0.8064
1917062 1202798 0.8064
1917062 1941104 0.2064
1941104 1917062 0.2064
1941104 1202797 0.5232
1202797 1941104 0.5232
1202797 1202796 0.7368
1202796 1202797 0.7368
1202796 1202795 14.082
1202795 1202796 14.082
94052 94053 15.3588
94053 94052 15.3588
1561454 94051 8.8344
94051 1561454 8.8344
1561455 234931 32.9904
234931 1561455 32.9904
234931 1561451 11.2392
1561451 234931 11.2392
1561451 94050 29.2104
94050 1561451 29.2104
93726 1484214 7.2384
1484214 93726 7.2384
1484214 260019 6.7692
260019 1484214 6.7692
260019 94049 15.5808
94049 260019 15.5808
2016388 234939 4.1302
234939 2016388 4.1302
234939 93708 1.3875
93708 234939 1.3875
93708 93726 2.1739
93726 93708 2.1739
93726 94045 4.375
94045 93726 4.375
94045 93432 2.7823
93432 94045 2.7823
93432 93727 6.6081
93727 93432 6.6081
93727 288212 7.2247
288212 93727 7.2247
288212 93707 0.7673
93707 288212 0.7673
1461422 1461421 4.0848
1461421 1592002 0.8604
1592002 1461420 0.7932
1461420 1461419 1.2432
93708 288219 0.9876
288219 93708 0.9876
93731 234928 4.404
234928 93731 4.404
234928 234936 5.7612
234936 234928 5.7612
234936 288216 18.5568
288216 234936 18.5568
288216 94045 1.9272
94045 288216 1.9272
373737 373740 10.6812
373740 373737 10.6812
373740 1353086 0.6336
1353086 373740 0.6336
1353086 1353088 0.7596
1353088 1353086 0.7596
1353088 1353087 0.7272
1353087 1353088 0.7272
1353087 1353072 0.7092
1353072 1353087 0.7092
1353072 1353071 23.4252
1353071 1353072 23.4252
1353071 373742 17.0964
373742 1353071 17.0964
373742 1353093 0.6768
1353093 373742 0.6768
1353093 1353092 2.6856
1353092 1353093 2.6856
1353092 1353073 0.8712
1353073 1353092 0.8712
1353073 1353091 7.8372
1353091 1353073 7.8372
1353091 1353074 1.3932
1353074 1353091 1.3932
1353074 373741 3.06
373741 1353074 3.06
373741 1353090 10.7136
1353090 373741 10.7136
1353090 1353075 1.3032
1353075 1353090 1.3032
1353075 1353089 29.7864
1353089 1353075 29.7864
1353089 373739 1.2348
373739 1353089 1.2348
373739 1353085 6.8436
1353085 373739 6.8436
1353085 373738 0.4284
373738 1353085 0.4284
373738 1353084 0.3852
1353084 373738 0.3852
1353084 373737 2.4732
373737 1353084 2.4732
373737 1353079 6.48
1353079 373737 6.48
1353079 373736 4.68
373736 1353079 4.68
565885 94549 8.37
58230 594313 5.1372
594313 58230 5.1372
594313 472616 4.5504
472616 594313 4.5504
94555 1430516 9.18
1430516 94555 9.18
1430516 1430518 8.8632
1430518 1430516 8.8632
1430518 1430517 10.6128
1430517 1430518 10.6128
1430517 317633 8.7048
317633 1430517 8.7048
317633 2016406 2.0664
2016406 317633 2.0664
95306 594349 0.252
594349 95306 0.252
594349 594348 0.3266
594348 594349 0.3266
594348 594346 1.7727
594346 594348 1.7727
594346 95305 0.4968
95305 594346 0.4968
95305 2004572 2.1291
2004572 95305 2.1291
2004572 361421 1.3675
361421 2004572 1.3675
361421 1309912 1.585
1309912 361421 1.585
1309912 489288 0.0381
489288 1309912 0.0381
489288 489287 4.6651
489287 489288 4.6651
489287 776200 0.6429
776200 489287 0.6429
776200 776233 2.5395
776233 776200 2.5395
776233 776238 0.4387
776238 776233 0.4387
776238 364211 2.4105
364211 776238 2.4105
364211 95304 1.8195
95304 364211 1.8195
95304 251238 3.5151
251238 95304 3.5151
251238 251237 3.7008
251237 251238 3.7008
251237 95303 0.9257
95303 251237 0.9257
95303 131360 1.0491
131360 95303 1.0491
131360 489269 0.809
489269 131360 0.809
489269 43342 0.6043
43342 489269 0.6043
95315 95316 0.8331
95316 95317 0.9705
95306 594352 0.5359
594352 95306 0.5359
594352 95307 5.0935
95307 594352 5.0935
95307 95308 2.9294
95308 95307 2.9294
95308 95309 3.3521
95309 95308 3.3521
95309 95310 2.1888
95310 95309 2.1888
95310 375593 2.807
375593 95310 2.807
375593 95311 0.1934
95311 375593 0.1934
95311 375594 4.9315
375594 95311 4.9315
375594 95312 1.8062
95312 375594 1.8062
95312 95313 7.6958
95313 95312 7.6958
95313 95328 4.2243
95328 95313 4.2243
563709 1629405 4.6923
1629405 563709 4.6923
1629405 95323 0.4896
95323 1629405 0.4896
95323 1629404 0.3981
1629404 95323 0.3981
1629404 286405 0.5091
286405 1629404 0.5091
286405 1629403 0.3585
1629403 286405 0.3585
1629403 1629402 0.3338
1629402 1629403 0.3338
1629402 1629401 0.2613
1629401 1629402 0.2613
1629401 95324 0.2767
95324 1629401 0.2767
95324 1629400 0.3302
1629400 95324 0.3302
1629400 1629399 0.215
1629399 1629400 0.215
1629399 1629398 0.2211
1629398 1629399 0.2211
1629398 95325 0.2973
95325 1629398 0.2973
95325 462487 0.4773
462487 95325 0.4773
462487 95326 1.2225
95326 462487 1.2225
95326 1629397 0.9843
1629397 95326 0.9843
1629397 1629396 0.7791
1629396 1629397 0.7791
1629396 1629395 0.4644
1629395 1629396 0.4644
1629395 451540 0.3487
451540 1629395 0.3487
451540 1629392 0.2561
1629392 451540 0.2561
1629392 1629394 0.3518
1629394 1629392 0.3518
1629394 1629393 0.7128
1629393 1629394 0.7128
1629393 1629383 0.6943
1629383 1629393 0.6943
1629383 1629391 1.1829
1629391 1629383 1.1829
1629391 1629390 0.5194
1629390 1629391 0.5194
1629390 1629384 0.2376
1629384 1629390 0.2376
1629384 563738 0.2505
563738 1629384 0.2505
23448 23449 2.5601
23449 23448 2.5601
23449 113676 2.141
113676 23449 2.141
1710808 364026 2.4012
364026 1710808 2.4012
364026 691694 5.2875
691694 364026 5.2875
691694 904568 2.1807
904568 691694 2.1807
904568 1922913 2.2041
1922913 904568 2.2041
1922913 1710803 1.0503
1710803 1922913 1.0503
1710803 1146249 11.7207
1146249 1710803 11.7207
97501 97502 0.4474
97502 1174838 0.8167
1174838 55137 0.8002
97503 97504 0.793
97504 915686 0.8234
97505 915683 0.5271
915683 915684 0.4788
915684 97506 0.4829
97506 73729 0.9334
55141 97521 1.0018
97521 915692 0.4119
915692 97507 0.3384
97507 972357 0.0735
972357 97508 0.3574
58266 364209 1.485
364209 2008957 4.4176
2008957 547744 2.6478
547744 489262 0.2502
489262 97503 0.4525
55139 915695 0.6778
915695 97511 0.6706
97511 97510 0.8532
55135 915681 0.7334
915681 97512 0.6773
97505 972356 1.4102
972356 97505 1.4102
972356 972355 1.2276
972355 972356 1.2276
972355 904191 1.277
904191 972355 1.277
904191 23466 0.3204
23466 904191 0.3204
55134 130242 0.4346
130242 73730 0.6027
73730 915686 0.6177
23459 97514 1.8108
97514 97515 0.6547
97515 97516 0.6166
97516 97517 1.3695
132633 958809 0.1372
958809 132633 0.1372
958809 1389049 0.1984
1389049 958809 0.1984
1389049 958810 0.2354
958810 1389049 0.2354
958810 554802 0.306
554802 958810 0.306
554802 1934040 3.3376
1934040 554802 3.3376
1934040 554848 0.3298
554848 1934040 0.3298
554848 31799 0.5407
31799 554848 0.5407
59979 59978 17.226
59978 59979 17.226
59978 996305 25.6944
996305 59978 25.6944
996305 99614 1.2696
99614 996305 1.2696
99614 996308 1.3116
996308 99614 1.3116
996308 1526557 12.2892
1526557 996308 12.2892
1526557 1857175 0.798
1857175 1526557 0.798
1857175 1857170 4.3416
1857170 1857175 4.3416
1857170 1694183 7.7268
1694183 1857170 7.7268
1694183 281382 6.906
281382 1694183 6.906
563641 1352515 1.1592
1352515 563641 1.1592
1352515 1940501 27.9864
1940501 1352515 27.9864
1940501 99617 55.3464
99617 1940501 55.3464
99617 1224017 5.6808
1224017 99617 5.6808
19515 309990 0.2448
309990 1590627 0.2426
1590627 1590628 0.2189
1590628 309947 0.2614
309947 915514 0.2974
915514 309982 0.4176
309982 43533 0.4964
131549 131551 0.2279
131551 1389092 0.2549
1389092 1389093 0.279
1389093 1389094 0.203
1389094 1389095 0.2534
1389095 1389096 0.2711
1389096 1389097 0.2167
1389097 1136168 0.2326
1136168 99619 0.2329
99623 132629 0.3344
132629 131553 0.1922
131553 1136176 0.2394
1136176 132632 0.193
132632 1136175 0.1858
1136175 99624 0.2758
99878 462707 0.5432
462707 99878 0.5432
462707 953048 1.5736
953048 462707 1.5736
953048 569979 1.3637
569979 953048 1.3637
569979 569975 2.8404
569975 569979 2.8404
569975 1482629 0.9994
1482629 569975 0.9994
1482629 99613 0.6642
99613 1482629 0.6642
99613 99836 1.5084
99613 1282682 0.373
1282682 99613 0.373
113694 421536 0.4874
421536 113694 0.4874
421536 580863 3.461
580863 421536 3.461
580863 974318 2.9689
974318 580863 2.9689
974318 974317 1.2283
974317 974318 1.2283
974317 59996 0.9277
59996 974317 0.9277
59996 958118 0.7776
958118 59996 0.7776
958118 59997 0.4986
59997 958118 0.4986
59997 953051 0.369
953051 59997 0.369
953051 243333 0.8831
243333 953051 0.8831
243333 374077 1.2535
374077 243333 1.2535
374077 974311 1.6189
974311 374077 1.6189
974311 421533 1.4112
