21389
7682 1692481 2.3729
1692481 7717 2.053
7717 1692482 1.4441
1692482 7718 1.4349
7718 7719 1.2086
7719 1692483 1.2507
1692483 7720 2.0685
18491 18492 10.5768
18492 18491 10.5768
18492 18493 13.2876
18493 18492 13.2876
18493 18494 18.9396
18494 18493 18.9396
18494 411847 3.3012
411847 18494 3.3012
411847 709649 16.4052
709649 411847 16.4052
709649 709648 9.0144
709648 709649 9.0144
709648 18495 7.4592
18495 709648 7.4592
18495 18496 51.7824
18496 18495 51.7824
18496 18497 8.1936
18497 18496 8.1936
18497 18498 48.672
18498 18497 48.672
18498 18499 7.6248
18499 18498 7.6248
18499 18500 47.6064
18500 18499 47.6064
18500 18501 69.0624
18501 18500 69.0624
18502 18503 149.6124
18503 18502 149.6124
18503 709629 43.6068
709629 18503 43.6068
709629 1054607 28.2528
1054607 709629 28.2528
1054607 18504 9.288
18504 1054607 9.288
18504 709630 24.93
709630 18504 24.93
709630 1202632 4.3488
1202632 709630 4.3488
1202632 18505 4.95
18505 1202632 4.95
18519 18520 6.1442
18520 18519 6.1442
18520 628442 1.2945
628442 18520 1.2945
628442 18521 0.269
18521 628442 0.269
18521 1102919 0.251
1102919 18521 0.251
1102919 18522 3.8895
18522 1102919 3.8895
18522 1812520 2.9083
1812520 18522 2.9083
1812520 740256 0.4855
740256 1812520 0.4855
740256 628441 2.3822
628441 740256 2.3822
628441 1970373 1.2883
1970373 628441 1.2883
1970373 1970374 0.3338
1970374 1970373 0.3338
1970374 238932 0.3338
238932 1970374 0.3338
18741 52663 0.968
52663 18741 0.968
18741 18742 0.8348
18742 18741 0.8348
18742 18743 1.6099
18743 18742 1.6099
18743 214598 7.1514
214598 18743 7.1514
214598 2015369 7.1903
2015369 214598 7.1903
18824 1941115 0.8218
1941115 18824 0.8218
1941115 18825 1.3603
18825 1941115 1.3603
18727 239017 0.6768
239017 1656404 0.415
1656404 18826 0.5827
18733 606467 0.6753
606467 239020 0.5935
239020 25838 1.0409
25838 25843 2.8769
25843 25838 2.8769
30834 946681 7.2986
946681 30834 7.2986
2015483 946681 11.2684
946681 2015483 11.2684
7726 1692479 1.9121
1692479 7726 1.9121
1692479 30937 1.1098
30937 1692479 1.1098
30937 449680 0.2998
449680 30937 0.2998
449680 30938 1.5773
30938 449680 1.5773
111541 111545 4.7635
111545 111541 4.7635
111545 1355225 0.8712
1355225 111545 0.8712
1355225 111539 8.8884
111539 1355225 8.8884
111539 111540 11.0866
111540 111539 11.0866
111540 111536 5.0148
111536 111540 5.0148
111536 111535 3.595
111535 111536 3.595
111535 1355226 9.8316
1355226 111535 9.8316
1355226 111538 3.857
111538 1355226 3.857
111538 1355227 2.3861
1355227 111538 2.3861
1355227 1355228 1.5091
1355228 1355227 1.5091
1355228 1355229 2.0441
1355229 1355228 2.0441
1355229 111537 1.4515
111537 1355229 1.4515
111537 111534 9.6631
111534 111537 9.6631
111534 1355230 1.9879
1355230 111534 1.9879
1355230 1355231 1.4609
1355231 1355230 1.4609
1355231 111533 7.501
111533 1355231 7.501
52650 740249 7.3193
740249 52650 7.3193
740249 52652 0.6166
52652 740249 0.6166
52653 540929 0.504
540929 634672 4.4846
634672 410048 0.3405
410048 428272 0.8434
428272 410045 1.4554
410045 1342486 0.4017
1342486 644820 2.9031
644820 1697334 1.5434
1697334 52652 0.8691
52651 410050 0.3178
410050 52651 0.3178
410050 410046 0.3111
410046 410050 0.3111
410046 410051 0.3194
410051 410046 0.3194
410051 1697335 0.5097
1697335 410051 0.5097
1697335 52662 0.8866
52662 1697335 0.8866
155002 52660 2.5956
52660 155002 2.5956
52660 1078367 1.0265
1078367 52660 1.0265
1078367 52659 3.4185
52659 1078367 3.4185
52659 1674899 3.8242
1674899 52659 3.8242
1674899 239010 1.2163
239010 1674899 1.2163
239010 239011 1.7563
239011 239010 1.7563
239011 1078364 1.0589
1078364 239011 1.0589
1078364 239012 0.3945
239012 1078364 0.3945
239012 1805893 4.7638
1805893 239012 4.7638
1805893 239013 0.8496
239013 1805893 0.8496
52662 634674 3.5491
634674 410049 1.5778
410049 410047 2.2978
410047 634675 0.2967
634675 1338122 0.6737
1338122 1697333 2.9669
1697333 540930 0.8265
540930 52661 0.4824
18523 552323 0.9684
552323 18523 0.9684
552323 1338195 0.4927
1338195 552323 0.4927
1338195 238930 1.0445
238930 1338195 1.0445
158175 158176 3.9468
158176 158175 3.9468
158176 158177 2.7216
158177 158176 2.7216
158177 840254 3.0456
840254 158177 3.0456
840254 158178 3.5664
158178 840254 3.5664
158178 303271 6.9756
303271 158178 6.9756
303271 158179 4.878
158179 303271 4.878
158179 840266 1.488
840266 158179 1.488
840266 1524547 9.84
1524547 840266 9.84
1524547 1524541 7.878
1524541 1524547 7.878
1524541 840269 0.2856
840269 1524541 0.2856
840269 840270 2.6964
840270 840269 2.6964
840270 703589 5.7768
703589 840270 5.7768
703589 158180 1.0332
158180 703589 1.0332
158180 819983 2.0292
819983 158180 2.0292
819983 703590 4.7376
703590 819983 4.7376
703590 158181 4.7868
158181 703590 4.7868
158181 158182 9.6612
158182 158181 9.6612
158182 158183 13.4064
158183 158182 13.4064
158183 158184 11.1996
158184 158183 11.1996
158184 158185 9.6996
158185 158184 9.6996
158185 158186 6.0396
158186 158185 6.0396
158186 158187 5.2224
158187 158186 5.2224
158187 158188 2.454
158188 158187 2.454
52663 52670 7.6236
52670 52663 7.6236
52670 52671 13.986
52671 52670 13.986
52671 52672 13.3656
52672 52671 13.3656
52672 703587 11.9256
703587 52672 11.9256
703587 52673 2.4216
52673 703587 2.4216
52673 549029 4.2696
549029 52673 4.2696
549029 549028 4.068
549028 549029 4.068
549028 158175 2.4384
158175 549028 2.4384
52668 52674 0.917
52674 52668 0.917
52677 673640 1.1736
673640 52677 1.1736
673640 846594 14.5152
846594 673640 14.5152
846594 673641 0.2376
673641 846594 0.2376
673641 628448 8.556
628448 673641 8.556
628448 1338144 0.6828
1338144 628448 0.6828
1338144 673642 1.6284
673642 1338144 1.6284
673642 673643 8.7456
673643 673642 8.7456
673643 52678 0.4644
52678 673643 0.4644
52679 1970324 7.3332
1970324 52679 7.3332
1970324 311081 28.548
311081 1970324 28.548
311081 52680 7.4304
52680 311081 7.4304
52680 1642240 22.9608
1642240 52680 22.9608
1642240 52681 14.9364
52681 1642240 14.9364
52681 1921136 8.1288
1921136 52681 8.1288
1921136 1191301 60.7068
1191301 1921136 60.7068
1191301 1191302 32.3136
1191302 1191301 32.3136
1191302 1191299 12.816
1191299 1191302 12.816
1191299 1191300 9.288
1191300 1191299 9.288
1191300 1191303 219.852
1191303 1191300 219.852
1191303 52682 21.9456
52682 1191303 21.9456
53421 2015785 2.16
2015785 53421 2.16
53421 53422 7.2564
53422 53421 7.2564
53422 53423 7.1616
53423 53422 7.1616
2015787 53424 2.076
53424 2015787 2.076
53424 53422 9.2148
53422 53424 9.2148
53422 53425 27.8256
53425 53422 27.8256
53425 53426 1.1148
53426 53425 1.1148
53426 53427 5.1468
53427 53426 5.1468
53427 53428 1.0812
53428 53427 1.0812
53428 53429 11.6544
53429 53428 11.6544
53431 2015789 5.16
2015789 53431 5.16
53431 53449 13.0956
53449 53431 13.0956
2015791 1461102 0.5904
1461102 2015791 0.5904
1461102 1461103 4.728
1461103 1461102 4.728
1461103 53438 1.092
53438 1461103 1.092
53438 53439 1.0368
53439 53438 1.0368
53439 53424 14.5524
53424 53439 14.5524
53421 53447 15.1944
53447 53421 15.1944
53447 53448 15.3036
53448 53447 15.3036
53448 1324146 16.7412
1324146 53448 16.7412
2015799 646475 3.4704
646475 2015799 3.4704
646475 646476 17.2476
646476 646475 17.2476
2015801 646476 45.18
646476 2015801 45.18
55272 55289 1.602
55289 55272 1.602
55289 1810968 9.0914
1810968 55289 9.0914
1810968 111769 1.0267
111769 1810968 1.0267
111769 1379823 30.0139
1379823 111769 30.0139
1379823 1810972 9.1188
1810972 1379823 9.1188
1810972 1810975 3.829
1810975 1810972 3.829
1810975 1656448 0.535
1656448 1810975 0.535
1656448 1810977 6.9502
1810977 1656448 6.9502
1810977 55290 9.7308
55290 1810977 9.7308
55290 416860 4.1299
416860 55290 4.1299
416860 55291 5.958
55291 416860 5.958
55291 55292 3.821
55292 55291 3.821
55292 55293 5.1538
55293 55292 5.1538
55293 55294 8.7955
55294 55293 8.7955
55294 55295 16.7242
55295 55294 16.7242
55295 55296 4.1868
55296 55295 4.1868
55296 1976359 6.8184
1976359 55296 6.8184
1976359 1416157 16.6306
1416157 1976359 16.6306
1416157 110912 3.443
110912 1416157 3.443
31095 55738 12.1006
55738 31095 12.1006
55738 55739 1.3341
55739 55738 1.3341
55739 55740 1.3649
55740 55739 1.3649
55740 55741 9.5292
55741 55740 9.5292
55741 55742 3.4869
55742 55741 3.4869
55742 416419 3.3886
416419 55742 3.3886
416419 55743 1.1309
55743 416419 1.1309
55743 55744 1.1443
55744 55743 1.1443
55744 55745 1.3613
55745 55744 1.3613
55745 55746 1.0641
55746 55745 1.0641
55746 417292 0.342
417292 55746 0.342
417292 55747 0.8635
55747 417292 0.8635
55747 55748 1.1134
55748 55747 1.1134
55748 55749 2.2485
55749 55748 2.2485
55749 55750 1.5017
55750 55749 1.5017
55750 111890 20.8265
111890 55750 20.8265
111890 55751 14.8711
55751 111890 14.8711
55751 1466678 0.5302
1466678 55751 0.5302
1466678 55752 1.5737
55752 1466678 1.5737
55752 55753 1.3078
55753 55752 1.3078
55753 55754 9.2438
55754 55753 9.2438
55754 1611609 7.3173
1611609 55754 7.3173
1611609 55755 4.5874
55755 1611609 4.5874
55759 55760 6.4512
55760 55759 6.4512
55760 417975 13.0464
417975 55760 13.0464
417975 111902 4.626
111902 417975 4.626
111902 111892 20.568
111892 111902 20.568
111892 55761 23.4348
55761 111892 23.4348
55761 55762 10.746
55762 55761 10.746
55762 55763 6.6216
55763 55762 6.6216
55763 83475 3.1776
83475 55763 3.1776
83475 83476 5.6508
83476 83475 5.6508
83476 83477 5.676
83477 83476 5.676
83477 83478 2.6316
83478 83477 2.6316
83478 1866474 7.7244
1866474 83478 7.7244
1866474 112020 0.6432
112020 1866474 0.6432
112020 83479 0.5916
83479 112020 0.5916
55764 1193483 17.5152
1193483 55764 17.5152
1193483 55759 0.2904
55759 1193483 0.2904
55759 55765 22.3632
55765 55759 22.3632
112020 112019 8.754
112019 112020 8.754
112019 112021 1.4424
112021 112019 1.4424
112021 112018 0.8532
112018 112021 0.8532
112018 112017 2.1912
112017 112018 2.1912
112017 112016 4.1928
112016 112017 4.1928
112016 112015 5.7336
112015 112016 5.7336
112015 55766 6.6216
55766 112015 6.6216
55766 55767 24.3516
55767 55766 24.3516
55767 55768 3.5856
55768 55767 3.5856
55768 111891 1.1772
111891 55768 1.1772
111891 111903 19.8156
111903 111891 19.8156
111903 55765 24.642
55765 111903 24.642
55765 811065 9.264
811065 55765 9.264
811065 55769 28.7916
55769 811065 28.7916
55769 55770 3.582
55770 55769 3.582
55770 1425218 0.9569
1425218 55770 0.9569
1425218 55771 8.231
55771 1425218 8.231
417819 1157618 5.8421
1157618 417819 5.8421
1157618 55772 3.6029
55772 1157618 3.6029
55772 55773 0.715
55773 55772 0.715
55773 55774 0.8244
55774 55773 0.8244
55774 55775 0.9065
55775 55774 0.9065
55775 55776 8.1374
55776 55775 8.1374
55776 55771 6.6506
55771 55776 6.6506
31102 55782 1.4825
55782 31102 1.4825
55782 55783 4.0831
55783 55782 4.0831
55783 55784 5.13
55784 55783 5.13
55784 55785 2.4113
55785 55784 2.4113
55785 55786 12.6317
55786 55785 12.6317
55786 55787 11.3918
55787 55786 11.3918
55787 417313 2.8915
417313 55787 2.8915
417313 417309 5.9717
417309 417313 5.9717
417309 417305 2.2241
417305 417309 2.2241
55788 55789 2.7259
55789 55788 2.7259
55789 55790 1.8151
55790 55789 1.8151
55790 55791 7.5247
55791 55790 7.5247
31104 55782 1.1794
55782 31104 1.1794
55782 55792 8.3844
55792 55782 8.3844
55792 1656572 0.882
1656572 55792 0.882
1656572 55793 0.7747
55793 1656572 0.7747
55793 1656571 1.1887
1656571 55793 1.1887
1656571 55794 3.0802
55794 1656571 3.0802
55794 76405 4.8226
76405 55794 4.8226
76405 76406 2.6791
76406 76405 2.6791
76406 842367 0.8719
842367 76406 0.8719
842367 76407 3.2767
76407 842367 3.2767
76407 417378 0.6012
417378 76407 0.6012
417378 76408 1.3414
76408 417378 1.3414
76408 76409 4.8686
76409 76408 4.8686
76409 76410 4.9219
76410 76409 4.9219
76410 76411 5.3683
76411 76410 5.3683
76411 76412 1.4256
76412 76411 1.4256
76412 76413 0.6617
76413 76412 0.6617
76413 76414 1.2823
76414 76413 1.2823
76414 76415 1.71
76415 76414 1.71
76415 76416 1.6711
76416 76415 1.6711
76416 76417 1.7158
76417 76416 1.7158
55796 55797 1.8972
55797 55796 1.8972
55797 55798 8.4982
55798 55797 8.4982
55798 55799 1.4155
55799 55798 1.4155
55799 55800 0.936
55800 55799 0.936
55800 417233 7.4902
417233 55800 7.4902
417233 1324312 16.6702
1324312 417233 16.6702
1324312 55807 4.0529
55807 1324312 4.0529
55807 1324310 6.9415
1324310 55807 6.9415
1324310 417216 4.5202
417216 1324310 4.5202
417216 1324306 3.1471
1324306 417216 3.1471
1324306 1324307 7.6406
1324307 1324306 7.6406
1324307 55808 2.2903
55808 1324307 2.2903
55808 55809 2.147
55809 55808 2.147
55809 417044 2.0275
417044 55809 2.0275
417044 55810 0.6574
55810 417044 0.6574
55810 55811 2.0131
55811 55810 2.0131
55811 55812 2.1694
55812 55811 2.1694
55812 55813 1.6524
55813 55812 1.6524
55813 55814 3.8592
55814 55813 3.8592
55814 55815 2.6114
55815 55814 2.6114
55795 55801 2.9923
55801 55795 2.9923
55801 55802 4.2898
55802 55801 4.2898
55802 1323720 1.3565
1323720 55802 1.3565
1323720 1127256 1.9973
1127256 1323720 1.9973
1127256 55803 3.253
55803 1127256 3.253
55803 55804 3.3307
55804 55803 3.3307
55804 1127249 4.8838
1127249 55804 4.8838
1127249 1127228 9.3082
1127228 1127249 9.3082
1127228 55805 7.8005
55805 1127228 7.8005
55805 1815756 5.1084
1815756 55805 5.1084
1815756 1127242 5.2164
1127242 1815756 5.2164
1127242 55806 0.2354
55806 1127242 0.2354
55806 1700323 8.617
1700323 55806 8.617
1700323 1815755 1.1686
1815755 1700323 1.1686
1815755 533803 0.1973
533803 1815755 0.1973
533803 1324316 1.278
1324316 533803 1.278
1324316 1242466 2.5214
1242466 1324316 2.5214
1242466 55796 4.0514
55796 1242466 4.0514
55814 55816 22.2912
55816 55814 22.2912
55816 55817 0.9948
55817 55816 0.9948
55817 55818 4.4808
55818 55817 4.4808
55818 1639252 13.3884
1639252 55818 13.3884
1639252 55819 8.106
55819 1639252 8.106
55819 1639253 0.5832
1639253 55819 0.5832
1639253 55815 0.8952
55815 1639253 0.8952
55781 56673 22.3704
56673 55781 22.3704
56673 56674 8.514
56674 56673 8.514
112702 1927221 53.5356
1927221 112702 53.5356
1927221 112701 7.0056
112701 1927221 7.0056
112701 1927222 11.286
1927222 112701 11.286
1927222 1927223 4.9428
1927223 1927222 4.9428
1927223 112703 7.4124
112703 1927223 7.4124
112703 112700 16.5852
112700 112703 16.5852
112700 112699 18.9648
112699 112700 18.9648
112699 71027 5.5296
71027 112699 5.5296
75413 414089 13.5216
414089 75413 13.5216
414089 75414 54.2592
75414 414089 54.2592
75414 155039 35.0856
155039 75414 35.0856
155039 75415 67.968
75415 155039 67.968
75415 75416 34.9488
75416 75415 34.9488
75416 948050 40.9032
948050 75416 40.9032
948050 75417 18.216
75417 948050 18.216
75417 75418 66.5352
75418 75417 66.5352
75418 1908316 33.984
1908316 75418 33.984
1908316 75419 21.4704
75419 1908316 21.4704
75419 1908479 22.752
1908479 75419 22.752
1908479 75420 15.3144
75420 1908479 15.3144
75420 75421 26.3304
75421 75420 26.3304
75421 1908458 21.5352
1908458 75421 21.5352
1908458 75422 11.7144
75422 1908458 11.7144
75422 75423 55.1808
75423 75422 55.1808
75423 1908334 30.6
1908334 75423 30.6
1908334 1908307 36.072
1908307 1908334 36.072
1908307 75424 15.7392
75424 1908307 15.7392
75424 75425 11.1096
75425 75424 11.1096
75425 75426 24.2568
75426 75425 24.2568
75426 2016072 10.7784
2016072 75426 10.7784
75430 2016074 2.0448
2016074 75430 2.0448
75430 1908380 21.4416
1908380 75430 21.4416
1908380 1908398 35.3376
1908398 1908380 35.3376
1908398 75431 17.1648
75431 1908398 17.1648
75431 75432 45.9288
75432 75431 45.9288
75432 1908413 29.5056
1908413 75432 29.5056
1908413 75433 32.2272
75433 1908413 32.2272
75433 903595 24.9264
903595 75433 24.9264
903595 75434 28.008
75434 903595 28.008
75434 75435 89.172
75435 75434 89.172
75435 75436 84.0096
75436 75435 84.0096
75436 75437 31.536
75437 75436 31.536
75437 75438 31.356
75438 75437 31.356
75438 75439 8.964
75439 75438 8.964
75439 75440 10.4184
75440 75439 10.4184
75440 1235883 93.4056
1235883 75440 93.4056
1235883 75441 8.3664
75441 1235883 8.3664
75441 791169 12.3408
791169 75441 12.3408
791169 75442 14.9256
75442 791169 14.9256
75442 75443 36.1368
75443 75442 36.1368
75443 75444 25.0056
75444 75443 25.0056
31079 76357 7.3104
76357 31079 7.3104
76357 416896 8.7756
416896 76357 8.7756
416896 76358 0.9264
76358 416896 0.9264
76358 76359 9.8208
76359 76358 9.8208
76359 83466 1.5516
83466 76359 1.5516
83466 83467 3.4452
83467 83466 3.4452
83467 83468 4.6404
83468 83467 4.6404
83468 83469 1.956
83469 83468 1.956
83469 83470 2.886
83470 83469 2.886
31080 76360 9.288
76360 31080 9.288
76360 76361 7.4028
76361 76360 7.4028
31089 76362 1.1182
76362 31089 1.1182
76362 598831 8.4629
598831 76362 8.4629
598831 76381 7.4758
76381 598831 7.4758
76381 76382 4.5295
76382 76381 4.5295
76356 76383 3.3246
76383 76356 3.3246
76383 76384 6.4206
76384 76383 6.4206
76384 76385 6.57
76385 76384 6.57
76385 1810887 3.2904
1810887 76385 3.2904
1810887 76386 4.0662
76386 1810887 4.0662
76386 76387 11.4516
76387 76386 11.4516
76387 76388 5.7456
76388 76387 5.7456
76388 90392 4.7088
90392 76388 4.7088
90392 1810886 4.9986
1810886 90392 4.9986
1810886 1610203 6.2856
1610203 1810886 6.2856
1610203 1610167 3.3858
1610167 1610203 3.3858
1610167 76389 14.3316
76389 1610167 14.3316
76389 76390 7.3206
76390 76389 7.3206
76388 76396 4.2516
76396 76395 13.9212
76395 76394 11.466
76394 76393 9.513
76393 417207 4.0482
417207 1462867 5.3874
1462867 76392 26.1036
76392 1462866 4.6296
1462866 1610169 5.0832
1610169 76391 11.5722
76391 1462865 9.3762
1462865 76355 4.7844
76354 76397 5.8644
76397 76354 5.8644
76397 76398 5.0886
76398 76397 5.0886
76398 76399 1.5012
76399 76398 1.5012
76399 76400 3.051
76400 76399 3.051
76400 76401 3.4002
76401 76400 3.4002
76401 76402 7.4754
76402 76401 7.4754
76402 76403 6.6168
76403 76402 6.6168
76403 76404 24.1398
76404 76403 24.1398
76418 76419 1.9166
76419 76418 1.9166
76419 76420 2.7878
76420 76419 2.7878
76420 76421 3.785
76421 76420 3.785
76421 55794 4.5094
55794 76421 4.5094
55794 76422 2.7432
76422 55794 2.7432
76422 76423 4.5662
76423 76422 4.5662
76423 76424 6.5779
76424 76423 6.5779
76424 76425 5.8457
76425 76424 5.8457
76425 76426 6.223
76426 76425 6.223
76426 76427 2.1506
76427 76426 2.1506
76409 76428 2.4775
76428 76409 2.4775
76428 76429 5.2423
76429 76428 5.2423
76429 76430 7.825
76430 76429 7.825
31098 1127247 1.499
1127247 31098 1.499
1127247 76431 0.5976
76431 1127247 0.5976
76431 76432 4.1602
76432 76431 4.1602
76432 76433 9.1505
76433 76432 9.1505
76433 76434 6.4246
76434 76433 6.4246
76434 533828 5.0969
533828 76434 5.0969
533828 533826 2.101
533826 533828 2.101
533826 533827 2.0347
533827 533826 2.0347
533827 533830 2.394
533830 533827 2.394
77585 77586 6.5786
77586 77585 6.5786
77586 1810893 6.485
1810893 77586 6.485
1810893 1483408 0.2304
1483408 1810893 0.2304
1483408 77587 1.517
77587 1483408 1.517
77587 417198 1.8245
417198 77587 1.8245
417198 417196 1.6265
417196 417198 1.6265
417196 77588 1.3795
77588 417196 1.3795
77588 417192 5.3402
417192 77588 5.3402
417192 77589 0.7625
77589 417192 0.7625
77589 417182 6.6485
417182 77589 6.6485
76389 291621 2.3706
291621 76389 2.3706
291621 1610170 1.449
1610170 291621 1.449
1610170 77590 2.313
77590 1610170 2.313
77590 291628 2.565
291628 77590 2.565
291628 77591 17.649
77591 291628 17.649
77591 417213 5.157
417213 77591 5.157
417213 1483442 6.327
1483442 417213 6.327
1483442 77592 45.5058
77592 1483442 45.5058
78432 1692470 1.7592
1692470 144551 1.0926
144551 1692471 0.7602
1692471 78433 0.8442
78433 144553 0.7686
144553 78434 1.1004
78438 1692469 1.5198
1692469 78438 1.5198
1692469 144549 0.8652
144549 1692469 0.8652
144549 78439 0.6366
78439 144549 0.6366
78439 1692468 0.543
1692468 78439 0.543
1692468 144550 0.6168
144550 1692468 0.6168
78434 1692474 1.2072
1692474 78440 0.8802
78440 1692473 0.732
1692473 1692472 0.801
1692472 144554 0.5982
144554 1692475 0.9288
1692475 78441 1.4022
83429 417016 2.3448
417016 83429 2.3448
417016 417015 7.8708
417015 417016 7.8708
417015 417014 9.564
417014 417015 9.564
417014 31574 13.626
31574 417014 13.626
31574 1589983 7.7268
1589983 31574 7.7268
1589983 31575 1.7688
31575 1589983 1.7688
112114 112121 1.3272
112121 112114 1.3272
112121 112120 1.392
112120 112121 1.392
112120 112124 1.9788
112124 112120 1.9788
112124 112123 3.9984
112123 112124 3.9984
112123 112122 4.7616
112122 112123 4.7616
112122 83440 5.964
83440 112122 5.964
83440 83439 9.426
83439 83440 9.426
83439 417032 2.9184
417032 83439 2.9184
417032 83438 5.0604
83438 417032 5.0604
83438 83437 8.2836
83437 83438 8.2836
83437 83436 3.3648
83436 83437 3.3648
83436 83435 3.1356
83435 83436 3.1356
83435 417020 2.7444
417020 83435 2.7444
417020 83434 2.5416
83434 417020 2.5416
83434 83433 4.1256
83433 83434 4.1256
83433 83432 4.8612
83432 83433 4.8612
83432 31575 6.2664
31575 83432 6.2664
83453 83454 9.0084
83454 83453 9.0084
83460 83461 10.4364
83461 83460 10.4364
83461 417168 10.9332
417168 83461 10.9332
417168 83462 0.5052
83462 417168 0.5052
83459 83460 1.9056
83460 83459 1.9056
90392 90409 5.334
90409 90392 5.334
90409 90402 4.836
90402 90409 4.836
90402 90393 16.7508
90393 90402 16.7508
90393 1610166 2.2889
1610166 90393 2.2889
1610166 90394 5.8975
90394 1610166 5.8975
90394 90395 1.5898
90395 90394 1.5898
90395 416470 8.1518
416470 90395 8.1518
416470 90396 1.2938
90396 416470 1.2938
90396 90397 21.384
90397 90396 21.384
90397 90398 55.3896
90398 90397 55.3896
90398 90399 53.0784
90399 90398 53.0784
90399 90400 47.592
90400 90399 47.592
90400 90401 19.5696
90401 90400 19.5696
90402 90403 21.816
90403 90402 21.816
90403 90404 7.4628
90404 90403 7.4628
90404 1610172 1.2888
1610172 90404 1.2888
1610172 1610171 1.3248
1610171 1610172 1.3248
1610171 1610164 7.4952
1610164 1610171 7.4952
1610164 90405 11.358
90405 1610164 11.358
90405 90406 16.7328
90406 90405 16.7328
90406 1610168 13.0824
1610168 90406 13.0824
1610168 90407 6.9696
90407 1610168 6.9696
90407 1610174 5.094
1610174 90407 5.094
1610174 1610173 1.3068
1610173 1610174 1.3068
1610173 90408 1.0872
90408 1610173 1.0872
90408 90409 19.2276
90409 90408 19.2276
105429 2016548 6.0696
2016548 105429 6.0696
105429 1908769 11.1096
1908769 105429 11.1096
1908769 1908790 12.1032
1908790 1908769 12.1032
1908790 1908786 8.9712
1908786 1908790 8.9712
1908786 105430 24.696
105430 1908786 24.696
110820 110821 42.4008
110821 110820 42.4008
110821 110822 58.3992
110822 110821 58.3992
110822 110818 36.0792
110818 110822 36.0792
110818 110819 65.0088
110819 110818 65.0088
110819 110813 52.6464
110813 110819 52.6464
110813 110814 48.6072
110814 110813 48.6072
110814 110815 63.2376
110815 110814 63.2376
110815 110816 92.484
110816 110815 92.484
110816 110817 74.6568
110817 110816 74.6568
110817 110803 87.6456
110803 110817 87.6456
110803 110804 71.1864
110804 110803 71.1864
110804 110805 52.6176
110805 110804 52.6176
110805 110806 40.0824
110806 110805 40.0824
110806 110823 32.58
110823 110806 32.58
110823 110824 25.7328
110824 110823 25.7328
110824 110825 16.1856
110825 110824 16.1856
110825 110826 16.1784
110826 110825 16.1784
110826 110827 28.1232
110827 110826 28.1232
110827 110828 9.1944
110828 110827 9.1944
110828 110807 22.1544
110807 110828 22.1544
110807 110808 35.9856
110808 110807 35.9856
110808 849753 27.9936
849753 110808 27.9936
849753 110809 22.0896
110809 849753 22.0896
110809 110810 25.3872
110810 110809 25.3872
110810 110811 38.7072
110811 110810 38.7072
110811 2016590 20.4408
2016590 110811 20.4408
1094670 2016592 1.7345
2016592 1094670 1.7345
1094670 1564438 1.7892
1564438 1094670 1.7892
1564438 110913 5.4144
110913 1564438 5.4144
110913 110910 13.9471
110910 110913 13.9471
110910 1440991 0.9137
1440991 110910 0.9137
1440991 1927205 0.5458
1927205 1440991 0.5458
1927205 1927208 0.5645
1927208 1927205 0.5645
1927208 568238 5.2178
568238 1927208 5.2178
568238 83452 3.9254
83452 568238 3.9254
83452 1092465 25.9013
1092465 83452 25.9013
1092465 83451 13.9759
83451 1092465 13.9759
83451 83450 8.4492
83450 83451 8.4492
83450 83449 12.0053
83449 83450 12.0053
83449 843467 4.1299
843467 83449 4.1299
843467 83448 1.7993
83448 843467 1.7993
83448 83447 5.2034
83447 83448 5.2034
83447 83446 6.503
83446 83447 6.503
83446 83445 7.3202
83445 83446 7.3202
83445 83444 9.1325
83444 83445 9.1325
83444 1976362 6.9854
1976362 83444 6.9854
1976362 83443 1.2967
83443 1976362 1.2967
83443 83442 1.8396
83442 83443 1.8396
83442 83441 8.1518
83441 83442 8.1518
83441 31573 5.0702
31573 83441 5.0702
110913 110914 31.9248
110914 110913 31.9248
110914 110915 51.4728
110915 110914 51.4728
110915 110916 53.496
110916 110915 53.496
110916 1191051 35.3376
1191051 110916 35.3376
1191051 110911 37.1736
110911 1191051 37.1736
111545 914413 12.7224
914413 111545 12.7224
914413 914414 22.3344
914414 914413 22.3344
914414 111546 20.0808
111546 914414 20.0808
111546 914415 12.1608
914415 111546 12.1608
914415 914416 11.4624
914416 914415 11.4624
914416 914417 28.5984
914417 914416 28.5984
914417 111547 14.9112
111547 914417 14.9112
111547 914426 29.9736
914426 111547 29.9736
914426 914418 8.784
914418 914426 8.784
914418 914419 22.2624
914419 914418 22.2624
914419 914420 14.3496
914420 914419 14.3496
914420 914421 21.5568
914421 914420 21.5568
914421 111548 9.36
111548 914421 9.36
111548 914422 24.2856
914422 111548 24.2856
914422 111549 63.9
111549 914422 63.9
111549 914423 30.8664
914423 111549 30.8664
914423 914424 35.8056
914424 914423 35.8056
914424 111550 25.1064
111550 914424 25.1064
111550 111551 35.8632
111551 111550 35.8632
111551 914425 10.0008
914425 111551 10.0008
914425 111544 206.1576
111544 914425 206.1576
111586 914459 7.3512
914459 111586 7.3512
914459 914460 10.4328
914460 914459 10.4328
914460 914461 40.6872
914461 914460 40.6872
914461 914462 111.5352
914462 914461 111.5352
914462 111544 55.1592
111544 914462 55.1592
111544 111585 51.2928
111585 111544 51.2928
111585 914463 44.4384
914463 111585 44.4384
914463 111584 63.864
111584 914463 63.864
111584 914464 60.1632
914464 111584 60.1632
914464 914465 26.5176
914465 914464 26.5176
914465 111583 20.592
111583 914465 20.592
111583 914466 34.3296
914466 111583 34.3296
914466 914467 43.6968
914467 914466 43.6968
914467 111582 30.0816
111582 914467 30.0816
111582 914468 30.0384
914468 111582 30.0384
914468 914469 24.1128
914469 914468 24.1128
914469 111581 5.6952
111581 914469 5.6952
111581 914470 9.9504
914470 111581 9.9504
914470 914471 10.7208
914471 914470 10.7208
914471 111579 30.7152
111579 914471 30.7152
111579 914472 13.4928
914472 111579 13.4928
914472 111580 20.1816
111580 914472 20.1816
111580 914473 52.992
914473 111580 52.992
914473 111578 115.0848
111578 914473 115.0848
111578 914474 40.86
914474 111578 40.86
914474 111577 34.4448
111577 914474 34.4448
111577 914475 7.2288
914475 111577 7.2288
914475 914476 37.1736
914476 914475 37.1736
914476 914477 23.688
914477 914476 23.688
914477 111576 38.7288
111576 914477 38.7288
111576 914478 7.848
914478 111576 7.848
914478 111574 20.8008
111574 914478 20.8008
111574 914479 7.9056
914479 111574 7.9056
914479 914480 22.284
914480 914479 22.284
914480 111575 42.2928
111575 914480 42.2928
111575 914481 25.0704
914481 111575 25.0704
914481 914482 39.4992
914482 914481 39.4992
914482 111572 101.1888
111572 914482 101.1888
111572 914483 21.5352
914483 111572 21.5352
914483 914484 30.1392
914484 914483 30.1392
914484 111573 190.7208
111573 914484 190.7208
111573 914485 12.9024
914485 111573 12.9024
914485 111570 73.7784
111570 914485 73.7784
111570 111571 84.636
111571 111570 84.636
111571 914486 49.4208
914486 111571 49.4208
914486 111569 32.2632
111569 914486 32.2632
111569 333123 42.9696
333123 111569 42.9696
333123 914488 72.7704
914488 333123 72.7704
914488 914487 74.7792
914487 914488 74.7792
914487 111568 20.0808
111568 914487 20.0808
111568 914489 10.4112
914489 111568 10.4112
914489 111566 9.2736
111566 914489 9.2736
111566 914490 38.7792
914490 111566 38.7792
111776 111777 16.7832
111777 111776 16.7832
111777 111764 48.528
111764 111777 48.528
111764 111765 21.8952
111765 111764 21.8952
111765 111766 48.1392
111766 111765 48.1392
111766 111767 82.6272
111767 111766 82.6272
111767 111768 35.8704
111768 111767 35.8704
1810958 111770 4.7952
111770 1810958 4.7952
111770 111771 63.7488
111771 111770 63.7488
111771 111772 30.2976
111772 111771 30.2976
111772 111773 46.5408
111773 111772 46.5408
111773 1927180 52.2576
1927180 111773 52.2576
1927180 111778 136.62
111778 1927180 136.62
111778 111779 44.0136
111779 111778 44.0136
111779 111780 19.0368
111780 111779 19.0368
111780 111781 17.0856
111781 111780 17.0856
111781 111782 19.8216
111782 111781 19.8216
111782 111774 421.8336
111774 111782 421.8336
111774 111775 71.8128
111775 111774 71.8128
111775 111776 39.7368
111776 111775 39.7368
2016604 111861 9.1728
111861 2016604 9.1728
111861 111862 11.6712
111862 111861 11.6712
111862 111863 26.4744
111863 111862 26.4744
111863 111864 9.828
111864 111863 9.828
111864 646500 3.4272
646500 111864 3.4272
646500 417415 3.8808
417415 646500 3.8808
111888 111889 12.3336
111889 111888 12.3336
111889 111882 37.2096
111882 111889 37.2096
111882 111883 75.1032
111883 111882 75.1032
111883 111884 118.764
111884 111883 118.764
111884 111885 90.7992
111885 111884 90.7992
111885 111886 62.4456
111886 111885 62.4456
111886 111887 19.152
111887 111886 19.152
111887 646529 27.9792
646529 111887 27.9792
55781 111891 17.2044
111891 55781 17.2044
111891 111892 17.568
111892 111891 17.568
111892 111893 17.8044
111893 111892 17.8044
111893 111894 2.6652
111894 111893 2.6652
111894 111895 2.5716
111895 111894 2.5716
111895 111896 2.7912
111896 111895 2.7912
111896 111897 4.4532
111897 111896 4.4532
111897 111898 15.39
111898 111897 15.39
111898 111899 8.6484
111899 111898 8.6484
111899 111900 3.144
111900 111899 3.144
111900 1666124 6.6276
1666124 111900 6.6276
1666124 111901 5.8704
111901 1666124 5.8704
111901 83476 1.1964
83476 111901 1.1964
111903 111902 59.0112
111902 111903 59.0112
111935 111936 47.4408
111936 111935 47.4408
111936 111944 55.548
111944 111936 55.548
111944 111945 29.124
111945 111944 29.124
111945 111946 20.8224
111946 111945 20.8224
111946 111947 32.3424
111947 111946 32.3424
111947 111937 66.3048
111937 111947 66.3048
111937 111938 56.1456
111938 111937 56.1456
111938 111939 36.324
111939 111938 36.324
111939 111940 47.808
111940 111939 47.808
111940 111941 38.1096
111941 111940 38.1096
111941 111942 48.4488
111942 111941 48.4488
111942 111943 25.7544
111943 111942 25.7544
111943 111952 69.3864
111952 111943 69.3864
111952 111950 85.4352
111950 111952 85.4352
111950 111951 98.4528
111951 111950 98.4528
111951 111953 100.7496
111953 111951 100.7496
111953 111948 87.1344
111948 111953 87.1344
111948 111949 53.2944
111949 111948 53.2944
111949 111964 77.6448
111964 111949 77.6448
111964 111965 86.7888
111965 111964 86.7888
111965 111970 84.132
111970 111965 84.132
111970 111966 50.6952
111966 111970 50.6952
111966 111967 61.4304
111967 111966 61.4304
111967 111968 56.9232
111968 111967 56.9232
111968 111969 60.3288
111969 111968 60.3288
111969 111955 92.6784
111955 111969 92.6784
111955 111956 62.3952
111956 111955 62.3952
111956 111957 31.4064
111957 111956 31.4064
111957 111958 37.872
111958 111957 37.872
111958 111959 56.0232
111959 111958 56.0232
111959 111960 66.7512
111960 111959 66.7512
111960 111961 45.36
111961 111960 45.36
111961 111962 48.1752
111962 111961 48.1752
111962 111963 24.444
111963 111962 24.444
111963 111954 15.9408
111954 111963 15.9408
83479 111971 38.8152
111971 83479 38.8152
111864 646538 11.628
646538 111864 11.628
646538 646502 16.9704
646502 646538 16.9704
646502 646503 28.368
646503 646502 28.368
646503 112044 25.8264
112044 646503 25.8264
112044 646539 40.4928
646539 112044 40.4928
646539 112045 67.644
112045 646539 67.644
112045 112046 90.2376
112046 112045 90.2376
112046 112047 89.5536
112047 112046 89.5536
112047 1193446 32.4864
1193446 112047 32.4864
1193446 112048 37.0656
112048 1193446 37.0656
1466530 112116 2.813
112116 1466530 2.813
112116 1466417 1.0008
1466417 112116 1.0008
1466417 1483781 2.1226
1483781 1466417 2.1226
1483781 1483816 2.7929
1483816 1483781 2.7929
1483816 1483809 3.6454
1483809 1483816 3.6454
1483809 1483827 1.0066
1483827 1483809 1.0066
1483827 1483810 1.1419
1483810 1483827 1.1419
1483810 1483826 3.3689
1483826 1483810 3.3689
1483826 112117 2.4322
112117 1483826 2.4322
112117 1466462 2.3314
1466462 112117 2.3314
1466462 112118 1.4105
112118 1466462 1.4105
112100 112260 32.5296
112260 112100 32.5296
112260 112258 44.5824
112258 112260 44.5824
112258 112259 47.1096
112259 112258 47.1096
112259 112257 127.944
112257 112259 127.944
112257 112256 97.3944
112256 112257 97.3944
112256 112252 92.3616
112252 112256 92.3616
112252 112253 50.8392
112253 112252 50.8392
112253 112254 52.9776
112254 112253 52.9776
112254 112255 49.3272
112255 112254 49.3272
112255 112248 86.7816
112248 112255 86.7816
112248 112249 37.3536
112249 112248 37.3536
112249 112250 85.3272
112250 112249 85.3272
112250 977761 44.0784
977761 112250 44.0784
977761 112251 13.0968
112251 977761 13.0968
112251 112245 47.8512
112245 112251 47.8512
112245 112246 63.3312
112246 112245 63.3312
112246 1505550 35.9136
1505550 112246 35.9136
1505550 112247 138.96
112247 1505550 138.96
112247 112241 38.4048
112241 112247 38.4048
112241 112242 118.3248
112242 112241 118.3248
112242 112243 36.0432
112243 112242 36.0432
112243 112244 62.3592
112244 112243 62.3592
112244 112235 82.3608
112235 112244 82.3608
112235 112236 36.2376
112236 112235 36.2376
112236 112237 61.9632
112237 112236 61.9632
112237 112238 61.1712
112238 112237 61.1712
112238 112239 31.1544
112239 112238 31.1544
112271 946583 68.9832
946583 112271 68.9832
946583 112272 25.0848
112272 946583 25.0848
112272 112273 29.4696
112273 112272 29.4696
112273 946584 14.3352
946584 112273 14.3352
946584 946585 17.1072
946585 946584 17.1072
946585 946578 25.02
946578 946585 25.02
946578 112274 26.1288
112274 946578 26.1288
112274 946580 30.0456
946580 112274 30.0456
946580 112275 13.5936
112275 946580 13.5936
112275 112268 21.276
112268 112275 21.276
112268 112269 17.0928
112269 112268 17.0928
112269 946581 31.5576
946581 112269 31.5576
946581 946579 9.3024
946579 946581 9.3024
946579 112270 11.484
112270 946579 11.484
112270 946582 11.5128
946582 112270 11.5128
946582 112261 51.7896
112261 946582 51.7896
112261 946595 31.6512
946595 112261 31.6512
946595 112295 12.2256
112295 946595 12.2256
112295 946596 58.212
946596 112295 58.212
946596 112290 27.4032
112290 946596 27.4032
112290 946597 11.3112
946597 112290 11.3112
946597 946616 6.4224
946616 946597 6.4224
946616 946598 7.7616
946598 946616 7.7616
946598 112291 6.4224
112291 946598 6.4224
112291 946599 11.4336
946599 112291 11.4336
946599 946600 14.328
946600 946599 14.328
946600 112292 50.3496
112292 946600 50.3496
112292 112293 67.5648
112293 112292 67.5648
112293 112294 119.4552
112294 112293 119.4552
112294 112287 101.4336
112287 112294 101.4336
112287 112288 13.6656
112288 112287 13.6656
112288 946601 42.4008
946601 112288 42.4008
946601 112289 9.3168
112289 946601 9.3168
112289 946602 12.2184
946602 112289 12.2184
946602 946603 12.1248
946603 946602 12.1248
946603 112282 8.5752
112282 946603 8.5752
112282 946617 17.2296
946617 112282 17.2296
946617 946604 120.7008
946604 946617 120.7008
946604 946618 45.1584
946618 946604 45.1584
946618 112283 25.7688
112283 946618 25.7688
112283 112284 45.2448
112284 112283 45.2448
112284 946619 13.6008
946619 112284 13.6008
946619 112285 10.0944
112285 946619 10.0944
112285 112286 22.9392
112286 112285 22.9392
112286 112296 47.412
112296 112286 47.412
112296 946605 9.3096
946605 112296 9.3096
946605 112297 7.776
112297 946605 7.776
112297 112298 6.372
112298 112297 6.372
112298 946606 9.288
946606 112298 9.288
946606 946607 25.1712
946607 946606 25.1712
946607 112299 43.1136
112299 946607 43.1136
112299 946608 11.2896
946608 112299 11.2896
946608 112300 17.2368
112300 946608 17.2368
112300 946609 49.5288
946609 112300 49.5288
946609 946610 45.8064
946610 946609 45.8064
946610 112301 31.5576
112301 946610 31.5576
112301 946620 30.096
946620 112301 30.096
946620 946611 58.0392
946611 946620 58.0392
946611 946621 25.0704
946621 946611 25.0704
946621 112302 54.4032
112302 946621 54.4032
112302 946612 12.7008
946612 112302 12.7008
946612 112303 5.76
112303 946612 5.76
112303 946622 14.9328
946622 112303 14.9328
946622 946613 12.0744
946613 946622 12.0744
946613 1307610 13.8312
1307610 946613 13.8312
1307610 112304 41.94
112304 1307610 41.94
112304 946614 32.3208
946614 112304 32.3208
946614 946615 12.8232
946615 946614 12.8232
946615 112305 35.9136
112305 946615 35.9136
112305 946625 39.6144
946625 112305 39.6144
946625 112312 20.4408
112312 946625 20.4408
112312 112313 22.0824
112313 112312 22.0824
112313 112309 25.1496
112309 112313 25.1496
112309 112310 32.2992
112310 112309 32.2992
417055 417057 1.8137
417057 417055 1.8137
417057 1815758 2.5466
1815758 417057 2.5466
1815758 112508 2.3494
112508 1815758 2.3494
112508 1815762 0.2873
1815762 112508 0.2873
1815762 112510 27.6458
112510 1815762 27.6458
112510 112509 14.1307
112509 112510 14.1307
112509 533857 4.325
533857 112509 4.325
533857 31094 2.803
31094 533857 2.803
112511 533746 9.9216
533746 112511 9.9216
533746 1514639 30.7368
1514639 533746 30.7368
1514639 112523 25.092
112523 1514639 25.092
112523 112524 32.6952
112524 112523 32.6952
112524 533749 42.2352
533749 112524 42.2352
533749 112525 104.3208
112525 533749 104.3208
112525 112500 30.9888
112500 112525 30.9888
112231 112532 40.7952
112532 112231 40.7952
112532 1514632 30.348
1514632 112532 30.348
1514632 112527 70.9704
112527 1514632 70.9704
112527 1514631 29.268
1514631 112527 29.268
1514631 112528 28.6128
112528 1514631 28.6128
112528 112529 28.8648
112529 112528 28.8648
112529 112530 46.7064
112530 112529 46.7064
112530 112531 53.4456
112531 112530 53.4456
112514 1514594 1.8475
1514594 112514 1.8475
1514594 1514593 0.7531
1514593 1514594 0.7531
1514593 112533 1.4998
112533 1514593 1.4998
112533 1639264 2.1528
1639264 112533 2.1528
1639264 112534 1.1016
112534 1639264 1.1016
112534 1639265 0.9806
1639265 112534 0.9806
1639265 112535 1.0505
112535 1639265 1.0505
112535 112536 4.9522
112536 112535 4.9522
112536 1694176 1.4378
1694176 112536 1.4378
1694176 112537 0.391
112537 1694176 0.391
112537 112542 15.096
112542 112537 15.096
112542 446098 5.8944
446098 112542 5.8944
446098 112543 1.4268
112543 446098 1.4268
112543 112544 8.8824
112544 112543 8.8824
112544 1692498 0.9504
1692498 112544 0.9504
1692498 1339114 2.6328
1339114 1692498 2.6328
1339114 112545 3.492
112545 1339114 3.492
112545 446104 9.1344
446104 112545 9.1344
446104 112546 1.2996
112546 446104 1.2996
2016608 112546 6.6792
112546 2016608 6.6792
112518 1514602 89.7912
1514602 112518 89.7912
1514602 1514628 3.2976
1514628 1514602 3.2976
1514628 446161 29.1024
446161 1514628 29.1024
446161 112573 31.5
112573 446161 31.5
112573 1514630 6.696
1514630 112573 6.696
1514630 446160 10.476
446160 1514630 10.476
446160 446158 36.5904
446158 446160 36.5904
446158 446156 38.9304
446156 446158 38.9304
2016610 446156 4.2192
446156 2016610 4.2192
112518 1514601 15.5016
1514601 112518 15.5016
1514601 1514595 14.4792
1514595 1514601 14.4792
1514595 112519 30.6288
112519 1514595 30.6288
112519 112520 36.2088
112520 112519 36.2088
112520 112521 19.3752
112521 112520 19.3752
112521 112522 52.092
112522 112521 52.092
112522 112516 45.072
112516 112522 45.072
112516 112517 80.0208
112517 112516 80.0208
112517 112515 29.2896
112515 112517 29.2896
112515 446131 74.88
446131 112515 74.88
446131 446128 103.7304
446128 446131 103.7304
446128 1984513 95.5224
1984513 446128 95.5224
1984513 112526 26.352
112526 1984513 26.352
112588 112589 39.6216
112589 112588 39.6216
112589 112590 89.7408
112590 112589 89.7408
112590 112591 73.7424
112591 112590 73.7424
112591 112592 79.9704
112592 112591 79.9704
112592 112593 58.1904
112593 112592 58.1904
112593 112594 56.8368
112594 112593 56.8368
112594 112595 28.2744
112595 112594 28.2744
112595 112596 25.0776
112596 112595 25.0776
112596 112597 42.9912
112597 112596 42.9912
112597 112598 22.6296
112598 112597 22.6296
112598 112599 38.9088
112599 112598 38.9088
112599 112600 32.6664
112600 112599 32.6664
112600 112601 33.5016
112601 112600 33.5016
112601 112602 27.4248
112602 112601 27.4248
112602 849684 15.3072
849684 112602 15.3072
849684 112603 15.7032
112603 849684 15.7032
112603 849686 15.588
