55148
1013709 2015371 0.7664
2015371 1013709 0.7664
157769 2009941 0.6361
2009941 977491 5.3402
977491 1458151 2.4134
1458151 38004 0.4507
7082 1341403 1.5648
1341403 7082 1.5648
1341403 797057 2.31
797057 1341403 2.31
797057 1309991 4.3428
1309991 797057 4.3428
1309991 117706 11.0664
117706 1309991 11.0664
25112 281306 1.0162
281306 25112 1.0162
281306 132900 1.3706
132900 281306 1.3706
132900 680693 4.4763
680693 132900 4.4763
680693 181510 4.1457
181510 680693 4.1457
181510 376277 1.6334
376277 181510 1.6334
376277 680692 0.4243
680692 376277 0.4243
680692 132902 3.115
132902 680692 3.115
132902 376289 6.6471
376289 132902 6.6471
376289 537454 1.0697
537454 376289 1.0697
537454 108101 9.1162
108101 537454 9.1162
108101 108098 1.5367
108098 108101 1.5367
108098 104538 1.4662
104538 108098 1.4662
104538 680691 1.8087
680691 104538 1.8087
680691 104522 17.9949
104522 680691 17.9949
104522 1393811 1.4719
1393811 104522 1.4719
1393811 104652 0.6094
104652 1393811 0.6094
104652 108109 9.5529
108109 104652 9.5529
108109 132904 4.3884
132904 108109 4.3884
132904 114359 6.5237
114359 132904 6.5237
114359 25113 0.2638
25113 114359 0.2638
25113 114360 0.3708
114360 25113 0.3708
114360 508462 0.7745
508462 114360 0.7745
508462 25121 1.1217
25121 508462 1.1217
61198 1542822 0.3477
1542822 61198 0.3477
1542822 1542823 0.7293
1542823 1542822 0.7293
1542823 61197 5.4381
61197 1542823 5.4381
61197 1542825 1.4138
1542825 61197 1.4138
1542825 61196 4.1529
61196 1542825 4.1529
61196 1542824 0.3451
1542824 61196 0.3451
1542824 61195 1.2785
61195 1542824 1.2785
61195 61194 4.1271
61194 61195 4.1271
61194 262855 0.4166
262855 61194 0.4166
262855 262809 4.104
262809 262855 4.104
262809 61193 1.1906
61193 262809 1.1906
61193 262828 14.562
262828 61193 14.562
262828 178258 5.4766
178258 262828 5.4766
178258 376388 1.3711
376388 178258 1.3711
376388 132762 0.3723
132762 376388 0.3723
132762 177537 1.4981
177537 132762 1.4981
177537 25117 6.3036
25117 177537 6.3036
25117 25118 6.6538
25118 25117 6.6538
25118 61217 3.0507
61217 25118 3.0507
17638 2009414 0.3272
2009414 2009415 0.2005
2009415 2009422 0.1714
2009422 311553 0.612
311553 975786 0.8053
975786 55180 0.3215
55180 2010396 0.7474
2010396 525450 4.6915
525450 737467 0.2254
737467 525438 6.8436
525438 737470 0.167
737470 525426 6.1751
525426 42890 0.1681
42890 975784 1.3262
975784 525413 4.4863
525413 42889 0.3571
42889 42884 0.2966
42884 525411 0.0983
525411 525400 5.6189
525400 156949 0.1858
156949 977516 0.5256
977516 525389 6.4336
525389 156946 0.1343
156946 1496751 1.0627
1496751 208833 4.5468
208833 156948 1.318
156948 17637 1.5012
33252 728636 0.4685
728636 33252 0.4685
728636 1797930 6.6276
1797930 728636 6.6276
1797930 299170 0.9154
299170 1797930 0.9154
299170 722625 0.2551
722625 299170 0.2551
722625 1758079 0.3996
1758079 722625 0.3996
1758079 710828 1.2857
710828 1758079 1.2857
710828 722619 0.5415
722619 710828 0.5415
722619 710827 0.5102
710827 722619 0.5102
710827 33253 1.0836
33253 710827 1.0836
33253 80981 1.3778
80981 33253 1.3778
80981 33254 1.4421
33254 80981 1.4421
33254 1013759 0.971
1013759 33254 0.971
1013759 1758116 0.3965
1758116 1013759 0.3965
1758116 734824 0.8851
734824 1758116 0.8851
734824 33255 0.251
33255 734824 0.251
33255 1013737 0.3615
1013737 33255 0.3615
1013737 734820 0.1785
734820 1013737 0.1785
734820 734815 0.7452
734815 734820 0.7452
734815 734812 1.0101
734812 734815 1.0101
734812 734807 1.4503
734807 734812 1.4503
734807 83066 0.9926
83066 734807 0.9926
83066 488587 4.1241
488587 83066 4.1241
488587 711076 4.0017
711076 488587 4.0017
711076 33256 1.3212
33256 711076 1.3212
33256 711075 0.1718
711075 33256 0.1718
711075 83062 0.5616
83062 711075 0.5616
83062 80304 1.1016
80304 83062 1.1016
80304 771121 4.1194
771121 80304 4.1194
771121 1013670 2.0391
1013670 771121 2.0391
1013670 734792 0.3785
734792 1013670 0.3785
734792 33257 0.5575
33257 734792 0.5575
33267 1080543 1.6368
1080543 310452 1.4184
310452 1080520 0.639
1080520 310475 0.7578
310475 1080542 0.4038
1080542 1080519 0.3894
1080519 33268 0.8592
33268 301403 6.048
301403 33275 4.1382
756408 756406 1.9332
756406 1080538 0.4326
1080538 756405 0.4746
756405 1080537 0.258
1080537 1080539 0.2346
1080539 33277 0.396
33277 33278 1.098
33278 33288 1.1256
33288 310483 0.9138
310483 33279 0.7566
33279 1080527 0.2802
1080527 1080526 0.237
1080526 1080528 0.21
1080528 33289 0.2874
33289 33270 5.2872
33270 1080521 0.513
1080521 33271 0.4476
33271 1080522 0.3528
1080522 310487 0.3162
310487 1080523 0.3462
1080523 33272 0.285
33272 1080524 0.2088
1080524 33273 0.183
33273 1080525 0.2112
1080525 43256 0.1848
43256 33274 0.618
33280 1080533 0.4566
1080533 310458 0.3666
310458 1080534 0.2562
1080534 1080541 0.2526
1080541 1080535 0.2592
1080535 33281 0.2616
33281 1080536 0.2352
1080536 1080540 0.243
1080540 33287 0.4134
33287 33278 0.5622
33278 310444 0.7356
310444 1080532 0.2484
1080532 33282 0.2664
33282 1080531 0.2514
1080531 1080530 0.1896
1080530 33290 0.2514
33290 1080529 0.3792
1080529 33275 0.381
33269 33283 1.0362
33283 1080517 0.2484
1080517 310436 0.18
310436 1080516 0.234
1080516 33284 0.261
33284 33285 0.2496
33285 1080515 0.252
1080515 33286 0.4398
18932 18933 3.5363
18933 1341398 1.1059
1341398 310451 1.849
33292 552041 1.171
552041 33292 1.171
552041 1229810 1.6503
1229810 552041 1.6503
1229810 552581 3.8499
552581 1229810 3.8499
552581 33293 3.8787
33293 552581 3.8787
33293 291525 2.2104
291525 33293 2.2104
291525 291545 6.1174
291545 291525 6.1174
291545 291515 5.6901
291515 291545 5.6901
291515 33300 0.7046
33300 291515 0.7046
33300 33297 2.142
33297 33300 2.142
33297 1310074 5.7158
1310074 33297 5.7158
1310074 1310079 12.2827
1310079 1310074 12.2827
1310079 278556 1.9913
278556 1310079 1.9913
278556 1307992 2.2011
1307992 278556 2.2011
1307992 439602 6.9794
439602 1307992 6.9794
439602 33301 4.8024
33301 439602 4.8024
33301 1787746 2.1513
1787746 33301 2.1513
1787746 1307991 0.1106
1307991 1787746 0.1106
1307991 61263 1.5619
61263 1307991 1.5619
61263 278542 0.8959
278542 61263 0.8959
278542 1649286 2.1343
1649286 278542 2.1343
1649286 499914 0.9818
499914 1649286 0.9818
499914 1307990 1.063
1307990 499914 1.063
1307990 1649244 3.4195
1649244 1307990 3.4195
1649244 33298 5.1737
33298 1649244 5.1737
33298 33302 3.6406
33302 33298 3.6406
33302 33294 4.7592
33294 33302 4.7592
33294 891852 4.1498
891852 33294 4.1498
891852 839136 4.231
839136 891852 4.231
839136 33295 3.744
33295 839136 3.744
33295 491050 1.8165
491050 33295 1.8165
491050 278526 3.1443
278526 491050 3.1443
278526 278608 1.3202
278608 278526 1.3202
278608 61262 1.4657
61262 278608 1.4657
61262 33296 1.1962
33296 61262 1.1962
33296 491051 4.3041
491051 33296 4.3041
491051 33299 4.159
33299 491051 4.159
33299 1577109 4.7916
1577109 33299 4.7916
1577109 891854 1.0558
891854 1577109 1.0558
891854 891855 3.365
891855 891854 3.365
891855 182293 2.7519
182293 891855 2.7519
182293 62412 0.2829
62412 182293 0.2829
62412 62413 2.0649
62413 62412 2.0649
1542206 33394 7.5518
33394 1542206 7.5518
33394 1542881 2.8707
1542881 33394 2.8707
1542881 1542207 1.9255
1542207 1542881 1.9255
1542207 1542208 2.1996
1542208 1542207 2.1996
1542208 1542209 1.0661
1542209 1542208 1.0661
1542209 33307 0.8002
33307 1542209 0.8002
33307 33314 0.4413
33314 33307 0.4413
33314 1581287 6.2877
1581287 33314 6.2877
1581287 1581290 3.1006
1581290 1581287 3.1006
1581290 1549704 0.1116
1549704 1581290 0.1116
1549704 1581293 1.6915
1581293 1549704 1.6915
1581293 33308 4.3066
33308 1581293 4.3066
33308 1549583 0.3477
1549583 33308 0.3477
1549583 278400 0.8342
278400 1549583 0.8342
33309 468961 0.546
468961 33309 0.546
468961 1542222 1.2792
1542222 468961 1.2792
1542222 33358 1.4028
33358 1542222 1.4028
33358 1542223 1.3368
1542223 33358 1.3368
1542223 33320 1.8396
33320 1542223 1.8396
33320 33359 1.266
33359 33320 1.266
33359 1556011 3.0948
1556011 33359 3.0948
1556011 278399 17.9796
278399 1556011 17.9796
278399 33321 4.434
33321 278399 4.434
33321 398273 6.006
398273 33321 6.006
398273 468960 6.3408
468960 398273 6.3408
468960 244332 3.75
244332 468960 3.75
33369 33367 4.3908
61224 1577451 0.6672
1577451 61224 0.6672
1577451 33377 3.1056
33377 1577451 3.1056
33377 33385 44.0064
33385 33377 44.0064
33385 33378 38.7072
33378 33385 38.7072
33379 33384 32.586
33384 33379 32.586
33384 33381 36.1128
33381 33384 36.1128
61250 33383 22.1832
33383 61250 22.1832
33383 33380 34.1532
33380 33383 34.1532
67838 1649190 61.1568
1649190 67838 61.1568
1649190 1649132 25.92
1649132 1649190 25.92
33380 33387 5.1696
33387 33380 5.1696
33387 33381 4.8338
33381 33387 4.8338
33381 1549373 8.9429
1549373 33381 8.9429
1549373 33378 1.421
33378 1549373 1.421
33378 1547061 4.6702
1547061 33378 4.6702
1547061 33311 5.4468
33311 1547061 5.4468
63936 162706 3.1908
162706 63936 3.1908
162706 612754 3.6978
612754 162706 3.6978
612754 162709 0.7626
162709 612754 0.7626
162709 37768 7.8204
37768 162709 7.8204
37769 63838 3.4872
63838 37769 3.4872
63838 37770 4.4346
37770 63838 4.4346
37770 63839 3.8772
63839 37770 3.8772
63839 1260345 1.083
1260345 63839 1.083
1260345 180827 0.6408
180827 1260345 0.6408
180827 1574718 1.4148
1574718 180827 1.4148
1574718 1260343 1.2948
1260343 1574718 1.2948
1260343 180820 5.2596
180820 1260343 5.2596
180820 37771 0.7092
37771 180820 0.7092
37771 1260344 3.2226
1260344 37771 3.2226
1260344 63840 0.9636
63840 1260344 0.9636
63840 63841 1.7874
63841 63840 1.7874
63841 2009438 1.7022
2009438 63841 1.7022
2009438 37772 0.4698
37772 2009438 0.4698
37772 2009439 0.5094
2009439 37772 0.5094
2009439 1574723 0.5718
1574723 2009439 0.5718
1574723 2009440 0.4986
2009440 1574723 0.4986
2009440 2009441 0.5898
2009441 2009440 0.5898
2009441 37773 0.63
37773 2009441 0.63
37773 994243 3.021
994243 37773 3.021
994243 994241 0.867
994241 994243 0.867
37777 975900 0.3918
975900 233118 0.3774
233118 975895 0.3402
975895 233121 0.4578
233121 975891 0.2826
975891 975892 0.1236
975892 37778 0.1872
37778 975890 0.2322
975890 233120 0.2118
233120 975893 0.1674
975893 233116 0.1266
233116 1582036 0.222
1582036 233115 0.3198
233115 37774 1.6206
37788 975858 1.356
975858 975855 1.5648
30591 345884 0.4314
345884 30591 0.4314
345884 1498749 2.2314
1498749 345884 2.2314
1498749 1498752 7.1082
1498752 1498749 7.1082
1498752 59958 3.0018
59958 1498752 3.0018
977482 63843 1.2045
63843 977482 1.2045
63843 382244 0.7005
382244 63843 0.7005
382244 617262 0.7514
617262 382244 0.7514
617262 38000 0.5626
38000 617262 0.5626
38000 276047 10.746
276047 38000 10.746
276047 38001 4.9711
38001 276047 4.9711
25106 180836 0.2434
180836 25106 0.2434
180836 63845 0.643
63845 180836 0.643
63845 53405 0.9076
53405 63845 0.9076
56617 56626 4.194
56626 56617 4.194
56626 56625 16.8732
56625 56626 16.8732
56625 56624 1.9332
56624 56625 1.9332
56624 56623 2.1384
56623 56624 2.1384
56623 56622 1.44
56622 56623 1.44
56622 56621 1.638
56621 56622 1.638
56621 56620 2.1312
56620 56621 2.1312
56620 56619 4.6296
56619 56620 4.6296
56619 56618 13.3812
56618 56619 13.3812
56618 56617 3.9312
56617 56618 3.9312
56617 56616 20.844
56616 56617 20.844
56616 65244 3.5064
65244 56616 3.5064
65244 56615 21.636
56615 65244 21.636
56615 2009939 3.3696
2009939 56615 3.3696
2009939 38004 3.2976
38004 2009939 3.2976
756950 67350 4.267
67350 756950 4.267
67350 38637 12.492
38637 67350 12.492
38637 164436 0.2294
164436 38637 0.2294
164436 146916 8.6091
146916 164436 8.6091
146916 164447 8.1982
164447 146916 8.1982
164447 88711 2.6907
88711 164447 2.6907
88711 38638 0.8295
38638 88711 0.8295
38638 147009 30.84
147009 38638 30.84
124294 44100 9.912
44100 124294 9.912
44100 38641 4.9188
38641 44100 4.9188
38641 44098 5.4468
44098 38641 5.4468
30609 560429 0.2777
560429 1498727 5.8526
1498727 245884 3.1623
245884 1496757 3.1227
1496757 1496754 2.5174
1496754 65200 2.1996
2015627 65200 1.908
30611 1412358 1.0188
1412358 30611 1.0188
1412358 729207 9.1104
729207 1412358 9.1104
729207 383018 1.7892
383018 729207 1.7892
383018 387693 3.642
387693 383018 3.642
387693 245883 6.0168
245883 387693 6.0168
245883 65201 13.8936
65201 245883 13.8936
65201 65199 5.2476
65199 65201 5.2476
65199 345913 10.2552
345913 65199 10.2552
345913 30590 1.1244
30590 345913 1.1244
1702469 42882 22.737
42882 1702469 22.737
42882 42883 1.9362
42883 42882 1.9362
42883 1042761 1.9848
1042761 42883 1.9848
1042761 1042756 9.3078
1042756 1042761 9.3078
1042756 55119 9.4416
55119 1042756 9.4416
55119 30594 0.9408
30594 55119 0.9408
30595 55113 0.1552
55113 30595 0.1552
42882 1497848 0.2858
1497848 42882 0.2858
1497848 59963 1.4695
59963 1497848 1.4695
59963 1497841 9.9094
1497841 59963 9.9094
1497841 59960 1.3298
59960 1497841 1.3298
59960 59959 5.5166
59959 59960 5.5166
59959 1497837 0.445
1497837 59959 0.445
1497837 1340157 2.8735
1340157 1497837 2.8735
1340157 727433 1.4472
727433 1340157 1.4472
727433 535557 6.2719
535557 727433 6.2719
535557 727426 0.3528
727426 535557 0.3528
727426 948158 1.4652
948158 727426 1.4652
948158 42885 2.3076
42885 948158 2.3076
42885 535563 2.8469
535563 42885 2.8469
535563 535564 4.7117
535564 535563 4.7117
535564 58464 5.3424
58464 535564 5.3424
58464 53691 0.3362
53691 58464 0.3362
42888 749695 4.3692
749695 42888 4.3692
749695 729395 3.9876
729395 749695 3.9876
729395 725185 8.4732
725185 729395 8.4732
725185 767283 1.7592
767283 725185 1.7592
767283 725404 3.4008
725404 767283 3.4008
725404 729384 3.4344
729384 725404 3.4344
729384 725407 3.2892
725407 729384 3.2892
725407 725193 4.9848
725193 725407 4.9848
725193 725418 1.7496
725418 725193 1.7496
725418 725428 0.5652
725428 725418 0.5652
725428 857988 1.6404
857988 725428 1.6404
857988 729376 4.968
729376 857988 4.968
729376 725419 3.0732
725419 729376 3.0732
725419 345896 0.8052
345896 725419 0.8052
345896 30593 2.3088
30593 345896 2.3088
42885 1702369 1.3284
1702369 42885 1.3284
1702369 1043983 1.2012
1043983 1702369 1.2012
1043983 749694 7.6596
749694 1043983 7.6596
749694 1043973 4.152
1043973 749694 4.152
1043973 727600 4.0308
727600 1043973 4.0308
727600 767276 1.338
767276 727600 1.338
767276 727598 7.8624
727598 767276 7.8624
727598 725399 3.3636
725399 727598 3.3636
725399 58462 3.9288
58462 725399 3.9288
58462 725414 6.2064
725414 58462 6.2064
725414 725423 4.4796
725423 725414 4.4796
725423 345885 4.68
345885 725423 4.68
345885 42886 1.278
42886 345885 1.278
42886 1496750 3.0348
1496750 42886 3.0348
1496750 42889 1.1112
42889 1496750 1.1112
42889 482314 0.822
482314 42889 0.822
482314 137067 4.014
137067 482314 4.014
42890 482317 6.264
482317 42890 6.264
482317 737464 23.7168
737464 482317 23.7168
737464 816185 26.9856
816185 737464 26.9856
816185 61178 85.428
61178 816185 85.428
61178 948197 3.8016
948197 61178 3.8016
948197 61192 45.5616
61192 948197 45.5616
61192 70930 88.6752
70930 61192 88.6752
44099 44100 13.5756
44100 44099 13.5756
47903 47904 5.7312
47904 47903 5.7312
47904 2015699 6.2424
2015699 47904 6.2424
47903 2015701 0.3929
2015701 47903 0.3929
47903 954953 1.693
954953 47903 1.693
954953 63947 0.6562
63947 954953 0.6562
63947 47915 1.3294
47915 63947 1.3294
47915 63946 1.3536
63946 47915 1.3536
63946 47916 1.3227
47916 63946 1.3227
47916 47917 3.2297
47917 47916 3.2297
47917 63945 1.4858
63945 47917 1.4858
63945 223838 0.7858
223838 63945 0.7858
223838 81789 0.917
81789 223838 0.917
81789 729929 0.9638
729929 81789 0.9638
47927 728649 0.9057
728649 47927 0.9057
728649 1013779 0.2278
1013779 728649 0.2278
1013779 1012273 0.1702
1012273 1013779 0.1702
1012273 1012272 0.4598
1012272 1012273 0.4598
1012272 47928 1.0044
47928 1012272 1.0044
18962 1013629 0.5313
1013629 18962 0.5313
1013629 1013609 0.4382
1013609 1013629 0.4382
1013609 47930 5.2421
47930 1013609 5.2421
47930 83023 2.177
83023 47930 2.177
83023 1012263 3.7034
1012263 83023 3.7034
1012263 80493 1.6678
80493 1012263 1.6678
80493 83004 1.2754
83004 80493 1.2754
83004 80315 1.7589
80315 83004 1.7589
30591 345902 5.076
345902 30591 5.076
345902 48702 42.0948
48702 345902 42.0948
48702 65205 27.4752
65205 48702 27.4752
65205 48703 31.4316
48703 65205 31.4316
48703 156957 9.5184
156957 48703 9.5184
156957 156958 3.8088
156958 156957 3.8088
156958 48704 4.9716
48704 156958 4.9716
48704 48705 47.142
48705 48704 47.142
49786 53395 0.6289
53395 2009413 0.229
2009413 2009412 0.2099
2009412 2009411 0.2106
2009411 53396 0.4543
53405 1334757 1.152
1334757 53405 1.152
1334757 132740 1.403
132740 1334757 1.403
132740 1681924 1.331
1681924 132740 1.331
1681924 1334758 0.1131
1334758 1681924 0.1131
1334758 53406 2.1281
53406 1334758 2.1281
994241 37777 1.3658
162591 157044 1.5018
157044 162591 1.5018
157044 53830 3.6678
53830 157044 3.6678
53830 1407129 0.576
1407129 53830 0.576
1407129 53829 5.4762
53829 1407129 5.4762
53829 30612 7.0698
30612 53829 7.0698
30612 472428 6.165
472428 30612 6.165
472428 1461278 1.2804
1461278 472428 1.2804
1461278 1407102 0.7746
1407102 1461278 0.7746
1407102 157094 4.8216
157094 1407102 4.8216
157094 1461279 0.4578
1461279 157094 0.4578
1461279 1295192 1.0194
1295192 1461279 1.0194
53686 472419 0.8328
472419 53686 0.8328
472419 157104 11.4846
157104 472419 11.4846
157104 157093 1.146
157093 157104 1.146
157093 156984 5.7192
156984 157093 5.7192
1702472 535473 0.2228
535473 535474 0.3737
535474 977505 1.1077
977505 525374 0.3553
525374 53946 2.8271
53946 54834 1.4443
54834 53947 1.4458
53947 53948 2.0171
53948 243240 2.4563
243240 345924 0.212
345924 53949 2.6118
53949 560262 5.2823
560262 38008 0.3208
25110 948363 0.9561
948363 25110 0.9561
948363 107545 1.3407
107545 948363 1.3407
107545 311344 2.1662
311344 107545 2.1662
311344 107879 1.3305
107879 311344 1.3305
107879 118362 4.9042
118362 107879 4.9042
118362 948359 1.0353
948359 118362 1.0353
948359 107538 1.0275
107538 948359 1.0275
107538 118356 0.5827
118356 107538 0.5827
118356 55185 3.8299
55185 118356 3.8299
55185 311372 1.5809
311372 55185 1.5809
311372 311538 2.9448
311538 311372 2.9448
311538 54090 1.4678
54090 311538 1.4678
54090 948274 0.4459
948274 54090 0.4459
948274 53696 1.2261
53696 948274 1.2261
53696 55026 2.9371
55026 53696 2.9371
55026 311690 1.1654
311690 55026 1.1654
311690 55174 5.9523
55174 311690 5.9523
948221 1425998 10.2912
1425998 133248 19.5672
133248 948231 2.2236
948231 133250 2.7276
133250 53696 10.4232
38002 232869 3.2374
232869 38002 3.2374
232869 38003 3.8705
38003 232869 3.8705
38003 56853 3.6195
56853 38003 3.6195
56853 162694 1.6462
162694 56853 1.6462
162694 53700 4.1086
53700 162694 4.1086
53700 53701 4.9778
53701 53700 4.9778
1561477 1594564 0.2531
1594564 53743 0.2401
53743 1594563 0.2804
1594563 1572534 0.2635
1572534 236932 1.1873
236932 53766 1.6765
53766 53767 2.2928
53765 499395 1.8302
499395 22577 0.4432
22566 200088 1.1796
200088 22566 1.1796
200088 335411 5.3016
335411 200088 5.3016
335411 53928 1.536
53928 335411 1.536
53928 53927 4.2912
53927 53928 4.2912
53927 53926 4.0308
53926 53927 4.0308
53926 335413 1.9032
335413 53926 1.9032
335413 53925 1.764
53925 335413 1.764
53925 53924 2.772
53924 53925 2.772
53924 174067 9.5916
174067 53924 9.5916
174067 174066 4.2912
174066 174067 4.2912
174066 174068 5.4168
174068 174066 5.4168
54618 54617 81.2484
54617 54618 81.2484
54617 643092 103.0032
643092 54617 103.0032
53938 560249 1.3884
560249 53938 1.3884
560249 157622 3.3888
157622 560249 3.3888
157622 157614 4.0932
157614 157622 4.0932
157614 1704059 10.8948
1704059 157614 10.8948
1704059 1584172 5.7048
1584172 1704059 5.7048
1584172 53939 4.968
53939 1584172 4.968
53939 856960 6.1464
856960 53939 6.1464
856960 856967 3.6624
856967 856960 3.6624
856967 976380 12.4728
976380 856967 12.4728
976380 54106 0.5844
54106 976380 0.5844
49786 345870 0.6656
345870 482296 0.9914
482296 975782 2.4401
975782 535575 2.8404
535575 560286 3.0791
560286 53941 0.5868
67896 53970 2.946
37774 1582038 1.517
1582038 37775 1.332
37775 975870 1.5167
975870 37776 1.4699
37776 233117 0.981
233117 948207 2.8483
53397 1582031 1.4155
1582031 53971 1.6682
53971 1582029 1.228
1582029 54145 1.3788
53404 53408 1.26
53394 2009420 4.3914
2009420 67896 2.4066
38001 55194 8.9832
55194 38001 8.9832
55194 55195 5.3676
55195 55194 5.3676
55195 1444808 4.944
1444808 55195 4.944
1444808 55196 6.3144
55196 1444808 6.3144
55196 435843 3.2748
435843 55196 3.2748
435843 55197 4.4892
55197 435843 4.4892
55197 63837 6.2472
63837 55197 6.2472
63837 55198 6.4152
55198 63837 6.4152
55198 617251 3.876
617251 55198 3.876
617251 617252 3.804
617252 617251 3.804
617252 617253 4.3416
617253 617252 4.3416
617253 617254 6.4344
617254 617253 6.4344
53988 176705 3.1706
176705 53988 3.1706
176705 975882 0.2011
975882 176705 0.2011
975882 55192 1.3896
55192 975882 1.3896
55192 975873 0.8239
975873 55192 0.8239
975873 975867 3.0564
975867 975873 3.0564
975867 54102 0.2073
54102 975867 0.2073
54102 311318 0.2505
311318 54102 0.2505
311318 113129 0.4279
113129 311318 0.4279
113129 54101 0.7997
54101 113129 0.7997
54101 54100 0.8172
54100 54101 0.8172
54100 175153 1.4739
175153 54100 1.4739
175153 54099 3.4113
54099 175153 3.4113
54099 54098 5.9292
54098 54099 5.9292
54098 201842 0.9031
201842 54098 0.9031
201842 54097 1.315
54097 201842 1.315
54097 177059 3.6972
177059 54097 3.6972
177059 54096 1.7825
54096 177059 1.7825
53993 129667 10.2986
129667 53993 10.2986
129667 2000595 9.269
2000595 129667 9.269
2000595 129669 0.7164
129669 2000595 0.7164
129669 2000594 1.4333
2000594 129669 1.4333
2000594 325327 1.6817
325327 2000594 1.6817
325327 121206 5.0364
121206 325327 5.0364
121206 114203 7.3939
114203 121206 7.3939
114203 104548 2.9577
104548 114203 2.9577
104548 181557 0.8553
181557 104548 0.8553
181557 585574 0.8306
585574 181557 0.8306
585574 114207 0.7359
114207 585574 0.7359
114207 114208 0.7935
114208 114207 0.7935
114208 114206 3.6391
114206 114208 3.6391
104548 181554 5.4948
181554 104548 5.4948
181554 114385 2.358
114385 181554 2.358
114385 114386 1.7796
114386 114385 1.7796
114386 181546 8.1696
181546 114386 8.1696
181546 181539 7.4148
181539 181546 7.4148
181539 181537 4.7964
181537 181539 4.7964
181537 114716 9.4896
114716 181537 9.4896
114716 25114 1.9752
25114 114716 1.9752
25114 111802 1.9476
111802 25114 1.9476
111802 1828469 3.7236
1828469 111802 3.7236
1828469 104537 8.2224
104537 1828469 8.2224
104537 108068 13.4196
108068 104537 13.4196
108068 108170 6.3816
108170 108068 6.3816
108170 108065 3.7404
108065 108170 3.7404
108065 104639 8.5464
104639 108065 8.5464
104639 118358 1.4148
118358 104639 1.4148
118358 53994 6.282
53994 118358 6.282
53994 108069 1.1928
108069 53994 1.1928
108069 1402693 10.752
1402693 108069 10.752
1402693 110598 0.852
110598 1402693 0.852
110598 114704 0.3324
114704 110598 0.3324
114704 114236 0.396
114236 114704 0.396
114236 114705 0.3036
114705 114236 0.3036
114705 114237 0.306
114237 114705 0.306
114237 114706 0.3504
114706 114237 0.3504
114706 114238 0.3432
114238 114706 0.3432
114238 108052 3.9804
108052 114238 3.9804
108052 104533 11.6628
104533 108052 11.6628
55230 1703244 3.1176
1703244 484206 1.0416
484206 1561545 2.082
53397 53763 1.076
53763 2009410 0.3582
2009410 2009409 0.3834
2009409 2009408 0.3596
2009408 525490 0.3643
525490 2009407 0.3409
2009407 1582030 0.445
1582030 2009406 0.419
2009406 2009405 0.5483
2009405 53764 0.5972
53764 2009404 0.5594
2009404 22579 0.5188
54090 54091 2.9832
54091 311367 1.1712
311367 54092 5.1816
54092 54093 6.2544
54093 311354 6.8592
311354 311383 9.8124
311383 54094 4.4532
54094 311346 8.1468
311346 54095 0.102
54095 948263 1.3536
948263 54095 1.3536
948263 948226 1.248
948226 948263 1.248
948226 948221 1.2732
948221 948226 1.2732
948221 948216 0.2736
948216 948221 0.2736
948216 311718 1.3596
311718 948216 1.3596
311718 53699 1.578
53699 311718 1.578
53699 311740 8.928
311740 53699 8.928
311740 311728 13.7292
311728 311740 13.7292
311728 311739 1.8396
311739 311728 1.8396
311739 437823 15.3156
437823 311739 15.3156
437823 589038 1.5288
589038 437823 1.5288
589038 53698 1.7436
53698 589038 1.7436
53698 1761469 7.0296
1761469 53698 7.0296
1761469 1761466 5.5572
1761466 1761469 5.5572
1761466 108377 2.1504
108377 1761466 2.1504
108377 1761462 2.2248
1761462 108377 2.2248
1761462 108375 6.402
108375 1761462 6.402
108375 513257 9.9372
513257 108375 9.9372
513257 621542 1.1796
621542 513257 1.1796
621542 54830 5.394
54830 621542 5.394
22577 1561476 0.9979
1561476 1572475 0.6671
1572475 1561475 1.4915
1561475 1561811 4.64
1561811 1561474 0.4054
1561474 1561473 0.8989
1561473 1561465 0.9907
1561465 1561472 3.1583
1561472 1561469 2.695
1561469 1561471 1.2413
1561471 2010401 1.1084
2010401 54109 2.8429
54109 1572381 0.2999
1572381 975781 0.283
975781 560325 0.4446
560325 54110 0.3812
54110 1572380 0.3953
1572380 54112 0.4086
54112 1561815 0.2113
1561815 1561814 0.2092
1561814 1561813 0.2131
1561813 1572379 0.2164
1572379 541493 0.7747
541493 54119 0.3978
54119 541494 0.3265
541494 54118 0.23
54118 1561535 0.2664
1561535 54117 0.2333
54117 1561534 0.2336
1561534 1561533 0.2275
1561533 54111 0.2167
977473 178454 0.8507
178454 1643522 0.7783
1643522 560407 0.3838
560407 178450 0.3074
178450 1584173 4.2224
1584173 560415 1.5696
560415 178462 0.356
178462 547581 2.0844
547581 1572532 1.7777
1572532 2009427 0.2678
2009427 857204 0.2722
857204 178455 0.2873
178455 2009426 0.2578
2009426 2009425 0.2311
2009425 571987 0.6451
977472 178452 3.4186
178452 560377 0.742
560377 1572376 1.4544
1572376 54108 0.3175
54108 157761 0.3398
157761 157752 0.2628
157752 157760 0.2117
157760 54115 0.2642
899444 54140 1.5582
54140 1582032 0.5694
1582032 54141 0.5568
54141 54142 0.7494
54142 1582034 0.5712
1582034 1582035 0.5244
1582035 525492 0.396
525492 54143 0.3492
54143 1582033 0.3732
1582033 54144 0.3192
54144 2007768 0.2754
2007768 54351 0.3036
54351 54145 1.7526
355277 948283 0.7061
948283 315553 0.306
315553 315541 1.3047
315541 121160 1.9378
121160 315545 0.2849
315545 121157 0.3533
121157 476438 7.7909
476438 107883 0.665
54345 118354 1.8972
118354 54345 1.8972
118354 114235 1.5475
114235 118354 1.5475
114235 55033 1.0322
55033 114235 1.0322
55033 55034 0.2926
55034 55033 0.2926
53398 54349 1.1221
54349 53399 0.652
53399 975800 0.6624
975800 53400 0.8568
53400 53401 1.7867
54350 1702463 0.5724
1702449 707399 4.7304
707399 977486 2.5758
977486 1702450 17.9424
1561467 55219 0.3481
55219 1573066 0.1606
1573066 54581 0.3769
54581 55220 0.3449
55220 54582 0.4867
54582 55218 0.549
54437 54588 9.2292
54588 54437 9.2292
54588 643058 25.8228
643058 54588 25.8228
643058 471469 2.9532
471469 643058 2.9532
471469 1443913 10.0632
1443913 471469 10.0632
1443913 2006694 11.886
2006694 1443913 11.886
2006694 2006695 0.954
2006695 2006694 0.954
2006695 1443915 1.1496
1443915 2006695 1.1496
1443915 54592 2.8968
54592 1443915 2.8968
54592 2006697 7.2492
2006697 54592 7.2492
54592 471459 162.9432
471459 54592 162.9432
471459 54593 56.1492
54593 471459 56.1492
54593 471457 22.3056
471457 54593 22.3056
471457 471458 56.6532
471458 471457 56.6532
471458 471459 22.4064
471459 471458 22.4064
54594 643098 1.6834
643098 54594 1.6834
643098 54595 4.0572
54595 643098 4.0572
54595 1469157 0.9943
1469157 54595 0.9943
1469157 54596 1.1088
54596 1469157 1.1088
54596 643082 4.505
643082 54596 4.505
643082 1469158 8.3909
1469158 643082 8.3909
1469158 54597 4.1234
54597 1469158 4.1234
54597 1469159 9.6725
1469159 54597 9.6725
1469159 54598 1.6128
54598 1469159 1.6128
54598 1469162 0.9641
1469162 54598 0.9641
1469162 54599 0.7121
54599 1469162 0.7121
54599 1469160 2.502
1469160 54599 2.502
1469160 1469161 0.8287
1469161 1469160 0.8287
1469161 54600 0.7517
54600 1469161 0.7517
54600 54601 0.6113
54601 54600 0.6113
54601 1469163 2.4005
1469163 54601 2.4005
1469163 54602 0.6646
54602 1469163 0.6646
54602 54603 0.7445
54603 54602 0.7445
54603 25085 1.2139
25085 54603 1.2139
25085 54604 3.2573
54604 25085 3.2573
54604 1469169 2.3206
1469169 54604 2.3206
1469169 54605 0.7092
54605 1469169 0.7092
54605 1469170 0.715
1469170 54605 0.715
1469170 54606 1.1059
54606 1469170 1.1059
54606 643023 3.2522
643023 54606 3.2522
22573 66918 27.684
66918 22573 27.684
66918 114188 24.2328
114188 66918 24.2328
114188 114187 1.8684
114187 114188 1.8684
114187 471500 16.7004
471500 114187 16.7004
471500 471499 16.1016
471499 471500 16.1016
471499 58437 41.8176
58437 471499 41.8176
58437 65171 24.8472
65171 58437 24.8472
65171 54610 4.83
54610 65171 4.83
54610 54609 3.9228
54609 54610 3.9228
54609 1584568 1.23
1584568 54609 1.23
1584568 54608 1.2816
54608 1584568 1.2816
54608 643107 3.912
643107 54608 3.912
643107 54594 11.9712
54594 643107 11.9712
54594 67336 13.1508
67336 54594 13.1508
67336 1568948 4.164
1568948 67336 4.164
1568948 54442 3.9564
54442 1568948 3.9564
54442 66937 1.524
66937 54442 1.524
66937 54441 1.1796
54441 66937 1.1796
54441 1568947 0.8184
1568947 54441 0.8184
1568947 1568944 3.7608
1568944 1568947 3.7608
1568944 1568946 0.822
1568946 1568944 0.822
1568946 1568945 1.2768
1568945 1568946 1.2768
1568945 54440 1.5588
54440 1568945 1.5588
54440 484345 1.5636
484345 54440 1.5636
484345 54439 3.0576
54439 484345 3.0576
54439 484343 1.6488
484343 54439 1.6488
484343 484344 1.6032
484344 484343 1.6032
484344 54438 2.9136
54438 484344 2.9136
54438 1568953 9.8736
1568953 54438 9.8736
1568953 54437 0.6588
54437 1568953 0.6588
54437 67592 5.4612
67592 54437 5.4612
67592 1568954 9.9828
1568954 67592 9.9828
1568954 54436 1.7964
54436 1568954 1.7964
54436 1563557 1.6572
1563557 54436 1.6572
1563557 484270 1.908
484270 1563557 1.908
484270 1560834 3.678
1560834 484270 3.678
1560834 232120 2.6712
232120 1560834 2.6712
232120 54435 2.7396
54435 232120 2.7396
54435 1560835 5.9664
1560835 54435 5.9664
1560835 1568903 1.2132
1568903 1560835 1.2132
1568903 1568904 2.6592
1568904 1568903 2.6592
1568904 53995 4.8744
53995 1568904 4.8744
56382 56381 11.8956
56381 56382 11.8956
56381 56380 7.662
56380 56381 7.662
25092 1574716 2.6388
1574716 25092 2.6388
1574716 54691 6.535
54691 1574716 6.535
54691 1574717 8.7382
1574717 54691 8.7382
1574717 54692 3.7131
54692 1574717 3.7131
25095 175339 3.8851
175339 25095 3.8851
175339 1336697 12.091
1336697 175339 12.091
1336697 1336699 13.3783
1336699 1336697 13.3783
1336699 174774 1.165
174774 1336699 1.165
174774 1336698 6.8256
1336698 174774 6.8256
1336698 54709 6.7853
54709 1336698 6.7853
54709 1336724 2.8296
1336724 54709 2.8296
1336724 54710 2.3184
54710 1336724 2.3184
54710 54711 1.5545
54711 54710 1.5545
54711 54712 1.5012
54712 54711 1.5012
54712 54713 2.9995
54713 54712 2.9995
54713 1647728 3.8146
1647728 54713 3.8146
1647728 54714 0.427
54714 1647728 0.427
54714 181208 28.0361
181208 54714 28.0361
181208 400769 1.3774
400769 181208 1.3774
400769 1336726 10.2737
1336726 400769 10.2737
1336726 320861 9.3247
320861 1336726 9.3247
320861 338874 3.0067
338874 320861 3.0067
338874 54715 10.6042
54715 338874 10.6042
54715 320843 3.793
320843 54715 3.793
320843 54716 1.0332
54716 320843 1.0332
53394 2009387 0.9978
2009387 54719 0.9978
54719 2009388 0.282
2009388 1582042 0.2418
1582042 2009389 0.2448
2009389 2009390 0.2358
2009390 1582043 0.2886
1582043 54720 0.3168
54720 2009391 0.2658
2009391 55177 0.258
55177 54721 0.2982
54721 1679680 0.2718
1679680 2009386 0.267
2009386 53966 0.4224
1704061 157585 5.7084
157585 1704061 5.7084
157585 948146 6.9672
948146 157585 6.9672
948146 53692 0.972
53692 948146 0.972
53692 1458132 0.9336
1458132 53692 0.9336
1458132 1353820 2.9688
1353820 1458132 2.9688
1353820 1458140 1.2228
1458140 1353820 1.2228
1458140 1458133 3.81
1458133 1458140 3.81
1458133 485066 2.0868
485066 1458133 2.0868
485066 1704031 4.9464
1704031 485066 4.9464
1704031 1704029 6.1932
1704029 1704031 6.1932
1704029 53693 0.8376
53693 1704029 0.8376
54725 1405131 0.5136
1405131 54725 0.5136
1405131 1496733 2.6406
1496733 1405131 2.6406
1496733 560300 9.9474
560300 1496733 9.9474
560300 30590 0.528
30590 560300 0.528
2009937 1574183 0.7761
1574183 2009937 0.7761
1574183 65243 2.9145
65243 1574183 2.9145
65243 1702327 0.3708
1702327 65243 0.3708
1702327 70963 0.9087
70963 1702327 0.9087
70963 709039 2.6918
709039 70963 2.6918
709039 1584038 0.6146
1584038 709039 0.6146
1584038 710783 2.3313
710783 1584038 2.3313
710783 709002 0.5421
709002 710783 0.5421
709002 709001 0.397
709001 709002 0.397
709001 54731 1.351
54731 709001 1.351
54731 708991 0.4958
708991 54731 0.4958
708991 54732 0.3225
54732 708991 0.3225
54732 54733 0.379
54733 54732 0.379
54748 54755 44.46
54755 54748 44.46
54755 54756 2.1852
54756 54755 2.1852
54756 54757 15.9948
54757 54756 15.9948
54767 1561196 0.4397
1561196 54767 0.4397
1561196 1561198 0.4711
1561198 1561196 0.4711
1561198 340626 1.5043
340626 1561198 1.5043
340626 60194 2.2125
60194 340626 2.2125
60194 303631 1.4014
303631 60194 1.4014
303631 303623 0.9139
303623 303631 0.9139
303623 1756726 0.6876
1756726 303623 0.6876
1756726 303672 3.9482
303672 1756726 3.9482
303672 1756724 1.1592
1756724 303672 1.1592
1756724 1756725 1.2399
1756725 1756724 1.2399
1756725 874069 1.5953
874069 1756725 1.5953
874069 355361 2.5164
355361 874069 2.5164
2015817 355361 3.1485
355361 2015817 3.1485
2015819 54778 6.6588
54778 2015819 6.6588
54730 70930 125.4096
70930 54730 125.4096
70930 948199 4.0608
948199 70930 4.0608
948199 1340243 110.4696
1340243 948199 110.4696
1340243 1340245 3.0456
1340245 1340243 3.0456
54832 54833 1.3956
54833 1583990 1.1316
1583990 54834 0.9192
53697 179060 1.23
179060 53697 1.23
179060 55018 1.848
55018 179060 1.848
55018 55019 3.1812
55019 55018 3.1812
55019 311411 4.6176
311411 55019 4.6176
311411 311325 2.0004
311325 311411 2.0004
311325 55020 3.87
55020 311325 3.87
55020 55021 2.5608
55021 55020 2.5608
55021 55022 1.4604
55022 55021 1.4604
55022 55172 5.2404
55172 55022 5.2404
55172 55023 4.032
55023 55172 4.032
55023 55024 5.136
55024 55023 5.136
55024 55025 1.3164
55025 55024 1.3164
55025 311511 1.3092
311511 55025 1.3092
311511 55026 0.9072
55026 311511 0.9072
54095 55032 1.4352
55032 54095 1.4352
55032 114228 4.344
114228 55032 4.344
114228 55033 10.8996
55033 114228 10.8996
55043 55036 42.0336
55036 55043 42.0336
55036 948366 8.0352
948366 55036 8.0352
948366 55044 1.9296
55044 948366 1.9296
55031 55092 14.2056
55092 55031 14.2056
55092 55037 4.8168
55037 55092 4.8168
55037 55038 16.5096
55038 55037 16.5096
55038 55039 13.6584
55039 55038 13.6584
55039 1528167 11.6064
1528167 55039 11.6064
1528167 55040 12.2076
55040 1528167 12.2076
55040 948364 10.7172
948364 55040 10.7172
948364 55041 2.7468
55041 948364 2.7468
55043 948365 16.2864
948365 55043 16.2864
948365 55042 4.0032
55042 948365 4.0032
55041 55042 4.2738
55042 55041 4.2738
55042 119906 5.8182
119906 55042 5.8182
119906 55044 1.179
55044 119906 1.179
55044 125739 5.112
125739 55044 5.112
125739 116295 6.4902
116295 125739 6.4902
116295 55035 4.1898
55035 116295 4.1898
55035 175151 3.4308
175151 55035 3.4308
175151 948368 0.7194
948368 175151 0.7194
948368 55034 0.4788
55034 948368 0.4788
55031 55043 11.6784
55043 55031 11.6784
30611 749692 5.2404
749692 30611 5.2404
749692 472412 16.8684
472412 749692 16.8684
472412 1295285 2.4912
1295285 472412 2.4912
1295285 729183 0.762
729183 1295285 0.762
729183 48705 2.406
48705 729183 2.406
48705 58534 5.436
58534 48705 5.436
975948 179038 2.2046
179038 975948 2.2046
179038 2000600 1.8547
2000600 179038 1.8547
2000600 2000598 0.4457
2000598 2000600 0.4457
2000598 2000599 0.8215
2000599 2000598 0.8215
2000599 114213 2.6863
114213 2000599 2.6863
114213 114210 2.1092
114210 114213 2.1092
114210 53992 8.0222
53992 114210 8.0222
55108 55109 0.4809
55109 55110 0.3569
55110 55111 0.2253
55111 55112 0.27
30591 977512 0.499
977512 30591 0.499
977512 1498747 3.5993
1498747 977512 3.5993
1498747 1498744 4.5882
1498744 1498747 4.5882
1498744 977514 2.0322
977514 1498744 2.0322
977514 977515 3.1774
977515 977514 3.1774
977515 560304 0.6631
560304 977515 0.6631
560304 30590 0.2149
30590 560304 0.2149
55113 55114 1.0631
55114 55113 1.0631
55116 276056 91.2528
276056 55116 91.2528
276056 59949 112.7808
59949 276056 112.7808
59949 1503892 48.6576
1503892 59949 48.6576
1503892 1042809 17.6616
1042809 1503892 17.6616
1042809 55117 303.4296
55117 1042809 303.4296
55117 60206 3.8376
60206 55117 3.8376
55116 560293 20.9088
560293 55116 20.9088
560293 55119 7.5672
55119 560293 7.5672
55121 345874 3.96
345874 55121 3.96
345874 55122 1.5264
55122 345874 1.5264
176533 176537 87.948
176537 176533 87.948
176537 176532 8.244
176532 176537 8.244
176532 176539 41.256
176539 176532 41.256
176539 1644242 28.1592
1644242 176539 28.1592
55123 355281 0.5385
355281 311397 8.1597
311397 107882 2.0515
1231455 1231476 0.2767
1231476 1231455 0.2767
1231476 355274 3.0981
355274 1231476 3.0981
355274 54345 1.9224
54345 355274 1.9224
55144 880531 17.9424
880531 55144 17.9424
880531 55145 3.6996
55145 880531 3.6996
55145 1340246 1.4904
1340246 55145 1.4904
1340246 55146 1.614
55146 1340246 1.614
55146 1582041 1.3764
1582041 55146 1.3764
1582041 2009403 1.2672
2009403 1582041 1.2672
2009403 55147 0.9624
55147 2009403 0.9624
55147 55143 4.0488
61288 1341397 0.2473
1341397 61288 0.2473
1341397 2015823 1.5577
2015823 1341397 1.5577
55171 289887 0.9228
289887 55171 0.9228
289887 948286 5.1108
948286 289887 5.1108
55172 319562 19.4544
319562 55172 19.4544
319562 311334 62.6544
311334 319562 62.6544
311334 311333 14.8824
311333 311334 14.8824
311333 311426 41.5008
311426 311333 41.5008
311426 311330 17.5824
311330 311426 17.5824
311330 311332 14.9328
311332 311330 14.9328
311332 948344 18.4176
948344 311332 18.4176
948344 55173 6.084
55173 948344 6.084
55174 55175 2.0515
55175 55174 2.0515
55175 179040 3.8834
179040 55175 3.8834
179040 311726 1.0296
311726 179040 1.0296
311726 53697 1.4431
53697 311726 1.4431
53966 2009384 0.2376
2009384 2009383 0.1512
2009383 2009385 0.2526
2009385 1679681 0.2436
1679681 53967 0.3516
53967 311554 1.3284
311554 1582044 1.341
1582044 53968 1.2384
53968 53969 0.9
53969 53970 2.4738
37787 37788 2.9028
37788 37789 0.3834
37789 37788 0.3834
37789 321918 11.9766
321918 37789 11.9766
321918 975878 1.8912
975878 321918 1.8912
975878 975885 0.9954
975885 975878 0.9954
975885 535592 0.9186
535592 975885 0.9186
535592 37790 2.3508
37790 535592 2.3508
37790 975898 1.2816
975898 37790 1.2816
975898 37791 1.1814
37791 975898 1.1814
37778 37779 0.753
37779 37778 0.753
37779 975881 3.237
975881 37779 3.237
975881 975875 2.0922
975875 975881 2.0922
975875 975872 2.0754
975872 975875 2.0754
975872 177065 2.0502
177065 975872 2.0502
177065 975864 1.5522
975864 177065 1.5522
975864 975863 0.8298
975863 975864 0.8298
975863 37780 0.7656
37780 975863 0.7656
37780 37781 4.4136
37781 37780 4.4136
37781 975857 3.1878
975857 37781 3.1878
975857 975856 0.3564
975856 975857 0.3564
975856 975854 0.237
975854 975856 0.237
975854 37782 0.2004
37782 975854 0.2004
37782 975853 0.2526
975853 37782 0.2526
975853 975851 0.2484
975851 975853 0.2484
975851 37783 0.3888
37783 975851 0.3888
37783 37784 0.4512
37784 37783 0.4512
62930 157644 12.666
157644 62930 12.666
157644 485091 9.972
485091 157644 9.972
485091 1583956 1.6308
1583956 485091 1.6308
1583956 1581300 0.4644
1581300 1583956 0.4644
1581300 1583960 1.4508
1583960 1581300 1.4508
1583960 1580966 11.5056
1580966 1583960 11.5056
1580966 60140 0.6588
60140 1580966 0.6588
60140 54583 2.1756
54583 60140 2.1756
55181 484788 12.9708
484788 55181 12.9708
484788 55182 8.8092
55182 484788 8.8092
55182 1583799 6.8472
1583799 55182 6.8472
55185 175154 3.2976
175154 55185 3.2976
175154 948356 7.0992
948356 175154 7.0992
948356 319555 23.9832
319555 948356 23.9832
319555 319556 13.1976
319556 319555 13.1976
319556 176701 18.648
176701 319556 18.648
176701 55191 2.8656
55191 176701 2.8656
55191 55186 17.5968
55186 55191 17.5968
55186 118357 17.1792
118357 55186 17.1792
118357 311504 7.7544
311504 118357 7.7544
311504 311534 14.7096
311534 311504 14.7096
311534 643668 22.2264
643668 311534 22.2264
643668 643669 11.9448
643669 643668 11.9448
643669 311526 24.0552
311526 643669 24.0552
311526 311517 16.3152
311517 311526 16.3152
311517 948352 16.524
948352 311517 16.524
948352 53990 4.8744
53990 948352 4.8744
55187 948354 2.8116
948354 55187 2.8116
948354 55188 11.3184
55188 948354 11.3184
55188 55189 34.47
55189 55188 34.47
55189 55190 46.5552
55190 55189 46.5552
55190 55191 33.984
