112726
8766 15882 2.3358
15882 1800 1.593
1800 15883 1.0086
15883 15884 1.4592
15884 1801 4.9854
1801 8765 3.7224
8765 15886 1.6548
15886 15885 1.3848
15885 29 2.052
3065 5034 1.9572
5034 3064 1.125
3064 226441 1.2108
226441 5033 1.2324
5033 3063 0.5184
3063 226415 1.1448
226415 5032 0.9804
5032 5031 3.7704
5031 5030 0.7452
5030 226423 0.57
226423 5029 0.5424
5029 5028 0.8364
5028 226452 0.7116
226452 226499 1.011
226499 226459 1.104
5035 2006223 4.3434
2006223 226494 2.777
226494 226495 2.0192
226495 226496 1.4944
226496 226497 1.0876
5767 330673 0.3163
330673 330466 0.3749
330466 332237 0.4161
332237 397563 0.5369
5769 196434 1.5468
196434 5769 1.5468
196434 1771155 0.7224
1771155 196434 0.7224
1771155 148168 1.1676
148168 1771155 1.1676
148168 1232639 21.0456
1232639 148168 21.0456
1232639 83942 1.3524
83942 1232639 1.3524
83942 1232641 2.964
1232641 83942 2.964
16201 16203 1.4065
16056 202832 0.4675
202832 16056 0.4675
202832 1954744 0.5374
1954744 202832 0.5374
1954744 101556 1.2399
101556 1954744 1.2399
101556 72992 1.4559
72992 101556 1.4559
72992 1954743 3.2066
1954743 72992 3.2066
1954743 101537 0.9242
101537 1954743 0.9242
101537 101557 0.2967
101557 101537 0.2967
101557 540785 6.643
540785 101557 6.643
540785 151434 0.6434
151434 540785 0.6434
151434 1954731 3.2899
1954731 151434 3.2899
2015229 1954731 0.0118
1954731 2015229 0.0118
16061 1872371 1.8648
1872371 1872370 0.642
1872370 287463 0.744
287463 486418 1.9104
248151 271139 0.6282
271139 252625 0.4838
252625 252626 0.2398
252626 485378 0.2092
485378 6164 0.1955
6440 736766 0.9036
736766 6440 0.9036
736766 1694670 0.984
1694670 736766 0.984
1694670 985076 1.7892
985076 1694670 1.7892
985076 1102572 5.7408
1102572 985076 5.7408
1102572 985075 1.3584
985075 1102572 1.3584
985075 971556 3.5256
971556 985075 3.5256
971556 200041 5.8248
200041 971556 5.8248
200041 882310 10.2468
882310 200041 10.2468
882310 6441 0.9396
6441 882310 0.9396
220276 753627 0.9954
753627 220276 0.9954
753627 220283 0.651
220283 753627 0.651
220283 220287 0.9276
220287 220283 0.9276
220287 391002 5.0604
391002 220287 5.0604
4407 882311 0.4146
882311 4407 0.4146
882311 903287 2.0394
903287 882311 2.0394
903287 971451 1.9386
971451 903287 1.9386
971451 988647 3.7464
988647 971451 3.7464
988647 971311 3.9486
971311 988647 3.9486
971311 971252 3.9588
971252 971311 3.9588
971252 1998 0.5064
1998 971252 0.5064
8766 1201755 2.758
1201755 1969 5.4292
2721 818932 3.0906
818932 818933 1.2234
818933 275284 1.437
275284 11409 5.9496
11409 11410 3.3966
11410 275319 2.4618
275319 197575 2.0142
197575 275255 1.6452
275255 197576 1.5438
197576 197577 1.4724
197577 818937 3.3906
818937 818938 4.6104
11946 17977 2.5459
1643193 275243 1.3488
275243 11361 0.5244
11361 11362 0.477
11362 275309 0.4248
275309 11363 0.4386
11363 275278 0.495
275278 11364 0.6882
11364 1703773 8.2518
1703773 1643185 3.3762
1643185 1643186 1.1622
1643186 1643187 0.9012
1643187 1643188 0.5748
1643188 1643189 0.5562
1643189 1643190 0.5754
1643190 1643194 0.327
1643194 1643191 0.3636
1643191 11360 1.2888
197578 11379 1.5498
11379 275247 0.528
275247 11380 0.7188
11380 11381 5.8488
11381 11382 0.675
11382 11383 0.5352
11383 275261 0.4956
275261 11384 0.4674
11384 275289 0.417
275289 11385 0.4914
11385 275275 0.5058
275275 11386 0.4632
11386 548253 0.3516
548253 54297 1.0692
1649444 548252 1.4796
548252 635851 4.2018
635851 635850 0.231
635850 1649445 0.7992
1649445 11395 0.9168
11395 11394 0.7668
11394 275262 0.6876
275262 11393 0.8514
11393 11392 4.5354
11392 275314 0.5784
275314 275241 0.4848
275241 11391 0.465
11391 275305 0.4662
275305 11390 0.5064
11390 1703775 0.2826
1703775 11389 0.3924
11389 11388 0.6528
11388 11387 1.0866
11420 548254 1.3122
548254 11408 0.45
11408 11407 0.6708
11407 275311 0.8508
275311 275321 0.8616
275321 275296 0.8592
275296 11406 0.7818
11406 11405 0.7236
11405 11404 0.6678
11404 11403 0.7758
11403 11402 0.7362
11402 11401 0.7248
11401 275239 0.6834
275239 275258 0.786
275258 11400 0.7122
11400 275322 0.831
275322 11399 0.9174
11399 11398 0.7194
11398 11397 0.729
11397 275297 0.6696
275297 11396 0.7824
11396 197579 1.9668
11414 11413 3.2736
11413 11412 1.2528
11412 11411 10.8444
11411 392098 1.5168
392098 11419 1.554
11419 392092 1.1682
392092 392090 1.089
392090 11418 2.2374
11418 11417 1.5132
11417 392087 1.2468
392087 392085 1.2642
392085 392084 1.3968
392084 11416 1.8078
11416 392083 2.9412
392083 11415 3.9
11415 441380 2.9688
441380 1634783 1.8276
1634783 441375 1.5096
11420 372905 11.8786
372905 275236 2.3299
12775 1741413 0.9252
1741413 404016 0.4367
404016 12785 0.4298
12785 1954734 0.2189
1954734 101529 1.2013
101529 101536 0.8082
12877 12800 1.9919
12800 12799 1.3709
12799 226443 1.5332
226443 12798 0.9864
226504 226501 2.5916
226505 54296 3.1846
54296 1474972 0.653
1474972 12793 3.6767
12793 12801 2.4224
54406 1545052 0.5724
1545052 12802 0.4236
12802 12803 0.9648
12803 12804 0.8484
12804 12805 0.8664
12805 12806 0.9264
12806 226440 0.9054
226440 12807 0.7692
12807 12808 0.8034
12808 12809 0.8358
12809 192033 0.7752
192033 692704 0.4524
692704 12810 0.3852
12810 12811 0.8532
12811 12812 0.8628
12812 226451 0.909
226451 12813 0.7164
12813 12814 1.0152
12814 226467 1.6296
226465 226466 1.4868
226466 12823 1.1058
12823 12824 0.747
12824 12825 0.6246
12825 12826 0.63
12826 12827 0.66
12827 12828 0.6966
12828 12815 0.8628
12815 12816 1.0656
12816 12817 0.7404
12817 12818 0.675
12818 226414 0.6498
226414 12819 0.5988
12819 12820 0.6828
12820 12821 0.6684
12821 12822 0.6708
12822 192064 0.6174
192064 12801 1.0896
12794 12834 1.926
12834 12835 0.9348
12835 12829 1.0758
12829 12830 6.4032
12830 12831 1.155
12831 12832 0.7062
12832 12833 0.7998
12833 226468 1.4454
226468 226469 1.995
226474 226475 2.631
226475 12842 1.7178
12842 12843 1.8048
12843 12836 1.7094
12836 12837 2.874
12837 12838 1.1688
12838 192040 0.8682
192040 12839 0.8478
12839 192031 0.7992
192031 12840 0.8496
12840 192058 0.8904
192058 12841 0.7452
12841 12780 2.2416
12847 12846 2.6658
12846 12845 2.0646
12845 12844 1.6176
12844 226476 1.2774
226476 226477 1.2516
226477 226478 1.5378
226478 226479 1.71
226462 226463 1.995
226463 12864 1.1076
12864 12863 0.7164
12863 12862 0.777
12862 12861 0.5862
12861 12860 0.7098
12860 12859 0.8712
12859 12858 1.1262
12858 12857 1.248
12857 12856 1.38
12856 12855 2.463
12855 12854 1.326
12854 12853 0.9234
12853 12852 1.1598
12852 12851 1.4058
12851 12850 3.4512
12850 505915 1.3296
505915 922893 0.3276
922893 226503 0.8178
226503 1236368 0.8436
1236368 12789 0.3198
12779 12865 1.1322
12865 12866 0.7158
12866 226429 0.486
226429 12867 0.5178
12867 12868 0.5178
12868 12798 0.7986
12794 12869 1.0134
12869 12870 0.5736
12870 12871 0.4806
12871 12872 0.5058
12872 12873 0.5424
12873 226436 0.4926
226436 12780 0.5496
12878 12879 1.6935
12879 12878 1.6935
12879 987765 3.5511
987765 12879 3.5511
13094 188785 2.1841
188785 738847 1.1765
738847 13093 0.7751
13093 13092 2.3051
13092 188786 3.1612
188786 15828 2.5074
15828 738894 1.8659
738894 1962510 1.1275
1962510 738896 2.6525
738896 13091 3.5888
13091 13090 3.1414
13090 114290 1.7618
107856 1032900 1.1729
1032900 107856 1.1729
1032900 107855 1.2125
107855 1032900 1.2125
107855 107854 2.1053
107854 107855 2.1053
107854 107853 2.808
107853 107854 2.808
107853 107852 6.8724
107852 107853 6.8724
107852 12914 7.7371
12914 107852 7.7371
12899 629802 1.0589
629802 12899 1.0589
629802 1962476 2.1677
1962476 629802 2.1677
1962476 1114233 0.9653
1114233 1962476 0.9653
1114233 262039 4.4208
262039 1114233 4.4208
262039 1114210 0.9715
1114210 262039 0.9715
1114210 1685601 0.0602
1685601 1114210 0.0602
1685601 261997 2.1435
261997 1685601 2.1435
261997 1501822 3.5887
1501822 261997 3.5887
1501822 12894 1.1525
12894 1501822 1.1525
12894 261989 0.7791
261989 12894 0.7791
261989 1962474 1.6935
1962474 261989 1.6935
1962474 629804 1.6473
629804 1962474 1.6473
629804 13025 0.738
13025 629804 0.738
12899 193960 4.4049
193960 12899 4.4049
12901 2005573 0.78
2005573 12901 0.78
2005573 12902 2.4516
12902 2005573 2.4516
12902 12903 2.1276
12903 12902 2.1276
12903 12904 5.1912
12904 12903 5.1912
12904 12905 13.026
12905 12904 13.026
12905 262773 0.9528
262773 12905 0.9528
262773 12906 1.8996
12906 262773 1.8996
12906 12907 4.5468
12907 12906 4.5468
12907 262766 4.2612
262766 12907 4.2612
262766 1082307 2.8212
1082307 262766 2.8212
1082307 12908 8.4192
12908 1082307 8.4192
12908 1082306 2.4984
1082306 12908 2.4984
1082306 12909 6.0948
12909 1082306 6.0948
12909 1082305 13.5384
1082305 12909 13.5384
1082305 892333 7.8744
892333 1082305 7.8744
892333 1395702 0.7068
1395702 892333 0.7068
1395702 522754 20.5728
522754 1395702 20.5728
522754 12910 8.3796
12910 522754 8.3796
12910 1956195 0.6288
1956195 12910 0.6288
1956195 12911 3.7452
12911 1956195 3.7452
12911 1032881 2.9844
1032881 12911 2.9844
1032881 12912 2.1036
12912 1032881 2.1036
12912 1696554 6.348
1696554 12912 6.348
1696554 1382460 1.7064
1382460 1696554 1.7064
1382460 12913 2.1516
12913 1382460 2.1516
12897 732545 2.2632
732545 12897 2.2632
732545 261994 2.604
261994 732545 2.604
261994 1962485 11.4132
1962485 261994 11.4132
1962485 262020 0.2328
262020 1962485 0.2328
262020 1962486 3.4068
1962486 262020 3.4068
1962486 897206 4.4988
897206 1962486 4.4988
897206 13168 1.7772
13168 897206 1.7772
13035 252622 0.4659
252622 13035 0.4659
252622 396102 0.3816
396102 252622 0.3816
396102 252623 0.342
252623 396102 0.342
252623 74183 0.4526
74183 252623 0.4526
74183 396119 0.4917
396119 74183 0.4917
396119 396129 1.3644
396129 396119 1.3644
396129 1962525 1.0317
1962525 396129 1.0317
1962525 1003315 0.9725
1003315 1962525 0.9725
1003315 1962524 1.3742
1962524 1003315 1.3742
1962524 396196 3.5434
396196 1962524 3.5434
13056 247292 0.6167
247292 13056 0.6167
247292 1955444 1.6661
1955444 247292 1.6661
1955444 1954798 0.5458
1954798 1955444 0.5458
987772 1962772 3.5232
1962772 987772 3.5232
1962772 226023 4.308
226023 1962772 4.308
226023 81336 2.6796
81336 226023 2.6796
81336 226572 4.446
226572 81336 4.446
226572 929301 18.054
929301 226572 18.054
929301 88010 4.2864
88010 929301 4.2864
88010 1677927 0.3996
1677927 88010 0.3996
1677927 795771 1.956
795771 1677927 1.956
795771 1677928 1.2396
1677928 795771 1.2396
1677928 245764 4.4628
245764 1677928 4.4628
245764 244559 8.3772
244559 245764 8.3772
244559 1955451 4.2516
1955451 244559 4.2516
1955451 137606 4.8072
137606 1955451 4.8072
137606 13057 3.474
13057 137606 3.474
13089 13088 0.4819
13088 410689 0.2247
410689 221347 0.1795
221347 221345 0.2443
221345 410692 0.2618
410692 231175 0.9998
13075 444110 1.0882
444110 13075 1.0882
444110 84955 1.0646
84955 444110 1.0646
84955 161041 4.5123
161041 84955 4.5123
161041 991288 12.1207
991288 161041 12.1207
991288 161040 2.2659
161040 991288 2.2659
161040 991283 1.0147
991283 161040 1.0147
991283 244924 1.9538
244924 991283 1.9538
244924 991278 1.2065
991278 244924 1.2065
991278 244919 0.6398
244919 991278 0.6398
244919 991270 1.4539
991270 244919 1.4539
991270 991261 1.7722
991261 991270 1.7722
991261 824272 3.4781
824272 991261 3.4781
824272 1673380 0.6295
1673380 824272 0.6295
1673380 13082 0.6295
13082 1673380 0.6295
13149 552362 0.7293
552362 13149 0.7293
552362 236506 1.0821
236506 552362 1.0821
13078 221320 2.7921
221320 13078 2.7921
13082 221362 0.9031
221362 13082 0.9031
221362 824269 0.5889
824269 221362 0.5889
824269 824278 1.7259
824278 824269 1.7259
824278 221323 0.3811
221323 824278 0.3811
13084 1739942 0.1018
1739942 13084 0.1018
1739942 410653 1.205
410653 1739942 1.205
410653 1023116 1.0034
1023116 410653 1.0034
1023116 410651 0.1821
410651 1023116 0.1821
410651 410649 0.8851
410649 410651 0.8851
410649 410647 0.7308
410647 410649 0.7308
410647 161035 0.8249
161035 410647 0.8249
161035 410645 0.6881
410645 161035 0.6881
410645 410642 0.6161
410642 410645 0.6161
13069 410719 0.1743
410719 410716 0.1687
410716 410712 0.2011
410712 231177 0.9633
13069 1961921 2.9669
1961921 13069 2.9669
1961921 410735 1.8103
410735 1961921 1.8103
410735 846570 0.7755
846570 410735 0.7755
846570 1961920 0.7807
1961920 846570 0.7807
1961920 1961923 7.9359
1961923 1961920 7.9359
1961923 525039 1.1134
525039 1961923 1.1134
525039 1961922 1.3454
1961922 525039 1.3454
1961922 81338 0.9386
81338 1961922 0.9386
81338 410783 1.4781
410783 81338 1.4781
410783 13066 1.6606
13066 410783 1.6606
13094 12893 7.1199
12893 13094 7.1199
12893 1962508 2.4345
1962508 12893 2.4345
1962508 803393 4.6629
803393 1962508 4.6629
803393 12898 1.2627
12898 803393 1.2627
114290 188787 12.1122
188787 13096 9.2871
13096 738890 8.9325
738890 15829 4.4424
15829 1962509 3.7557
1962509 188788 9.9864
188788 13095 6.5817
13095 188789 4.3281
188789 13094 5.157
53374 290412 0.1044
290412 53374 0.1044
290412 342475 0.4886
342475 290412 0.4886
342475 1736425 0.0813
1736425 342475 0.0813
1736425 1693096 0.1599
1693096 1736425 0.1599
1693096 424352 0.2417
424352 1693096 0.2417
13103 238722 0.7653
238722 13103 0.7653
238722 1642548 4.4902
1642548 238722 4.4902
1642548 673970 0.6465
673970 1642548 0.6465
673970 590793 0.3739
590793 673970 0.3739
590793 1681860 3.6771
1681860 590793 3.6771
1681860 673971 2.5637
673971 1681860 2.5637
673971 1681863 1.4935
1681863 673971 1.4935
1681863 13097 1.3253
13097 1681863 1.3253
13097 590796 0.4526
590796 13097 0.4526
590796 82827 0.6624
82827 590796 0.6624
82827 1702020 3.5671
1702020 82827 3.5671
1702020 79644 0.1779
79644 1702020 0.1779
79644 1655627 0.7956
1655627 79644 0.7956
1655627 590797 0.6238
590797 1655627 0.6238
590797 79613 1.1083
79613 590797 1.1083
79613 1655623 2.5642
1655623 79613 2.5642
1655623 78933 0.6552
78933 1655623 0.6552
78933 1224571 1.3973
1224571 78933 1.3973
1224571 79616 3.1927
79616 1224571 3.1927
79616 566370 2.0685
566370 79616 2.0685
566370 1095453 3.6869
1095453 566370 3.6869
1095453 79577 1.3546
79577 1095453 1.3546
79577 79575 1.4817
79575 79577 1.4817
79575 82838 5.1213
82838 79575 5.1213
82838 631645 2.0577
631645 82838 2.0577
631645 79570 0.5986
79570 631645 0.5986
79570 1018759 1.1175
1018759 79570 1.1175
1018759 78934 0.6691
78934 1018759 0.6691
78934 82828 0.918
82828 78934 0.918
82828 424368 3.6607
424368 82828 3.6607
424368 424369 1.4205
424369 424368 1.4205
2006221 5040 3.8945
5040 451514 2.4707
231176 13085 0.6063
13085 410708 0.3127
410708 410709 0.2515
410709 410711 0.2294
410711 410714 0.2273
410714 410717 0.199
410717 410720 0.144
410720 13069 0.1779
13149 236503 4.4717
236503 13149 4.4717
274705 803367 1.6267
803367 236766 0.8239
236766 1671970 1.1859
1671970 13074 0.5251
261889 1608879 0.4176
1608879 261889 0.4176
1608879 307959 1.0507
307959 1608879 1.0507
307959 1608881 1.3608
1608881 307959 1.3608
1608881 575509 0.3379
575509 1608881 0.3379
575509 1690928 0.5138
1690928 575509 0.5138
1690928 1500711 0.7329
1500711 1690928 0.7329
1500711 307935 2.0602
307935 1500711 2.0602
307935 575429 4.5818
575429 307935 4.5818
575429 13161 0.4443
13161 575429 0.4443
13161 1668623 0.8131
1668623 13161 0.8131
1668623 575396 2.1281
575396 1668623 2.1281
575396 575393 0.6372
575393 575396 0.6372
575393 575392 0.2134
575392 575393 0.2134
575392 575381 2.3338
575381 575392 2.3338
575381 1962470 0.6146
1962470 575381 0.6146
1962470 121075 0.3862
121075 1962470 0.3862
121075 575374 0.5811
575374 121075 0.5811
575374 575372 0.4243
575372 575374 0.4243
575372 1690922 0.0751
1690922 575372 0.0751
1690922 1962471 1.0862
1962471 1690922 1.0862
1962471 575370 0.2499
575370 1962471 0.2499
575370 1500714 0.2726
1500714 575370 0.2726
1500714 13162 1.2441
13162 1500714 1.2441
13162 575375 1.3932
575375 13162 1.3932
575375 575379 1.1309
575379 575375 1.1309
575379 575384 1.0029
575384 575379 1.0029
575384 121076 0.6022
121076 575384 0.6022
121076 1500725 0.4387
1500725 121076 0.4387
1500725 575391 0.1435
575391 1500725 0.1435
575391 1690926 0.3358
1690926 575391 0.3358
1690926 575401 0.9982
575401 1690926 0.9982
575401 13163 1.3011
13163 575401 1.3011
13163 1962493 1.0538
1962493 13163 1.0538
1962493 575437 0.3327
575437 1962493 0.3327
575437 575467 1.8355
575467 575437 1.8355
575467 1675729 0.7277
1675729 575467 0.7277
1675729 13171 0.7617
13171 1675729 0.7617
261678 261883 10.9836
261883 261678 10.9836
261883 261623 0.4752
261623 261883 0.4752
261623 261636 14.8284
261636 261623 14.8284
261636 803377 0.822
803377 261636 0.822
803377 261901 0.8208
261901 803377 0.8208
261901 384697 6.51
384697 261901 6.51
384697 261673 8.0724
261673 384697 8.0724
261673 575473 4.716
575473 261673 4.716
575473 13161 2.7036
13161 575473 2.7036
13166 629811 1.2821
629811 1209425 1.8648
13157 575705 0.936
575705 13157 0.936
575705 575710 0.2633
575710 575705 0.2633
575710 575717 0.2731
575717 575710 0.2731
575717 1962501 3.2102
1962501 575717 3.2102
1962501 1962502 0.6747
1962502 1962501 0.6747
1962502 987334 1.8201
987334 1962502 1.8201
13179 629816 1.6332
629816 13179 1.6332
629816 1696555 0.7044
1696555 629816 0.7044
1696555 948599 8.2272
948599 1696555 8.2272
948599 13180 4.9524
13180 948599 4.9524
13180 132842 2.3652
132842 13180 2.3652
132842 132841 2.1216
132841 132842 2.1216
132841 13181 2.1048
13181 132841 2.1048
13181 262359 0.2472
262359 13181 0.2472
262359 132843 2.3124
132843 262359 2.3124
132843 1081636 0.5508
1081636 132843 0.5508
1081636 13182 1.3392
13182 1081636 1.3392
13182 480557 1.3944
480557 13182 1.3944
480557 132840 1.494
132840 480557 1.494
132840 480558 1.3248
480558 132840 1.3248
480558 132839 1.4088
132839 480558 1.4088
132839 480561 3.99
480561 132839 3.99
480561 132836 6.5496
132836 480561 6.5496
132836 480562 2.9724
480562 132836 2.9724
480562 738328 1.9356
738328 480562 1.9356
738328 193940 0.8052
193940 738328 0.8052
193940 629815 2.2536
629815 193940 2.2536
629815 738327 1.4544
738327 629815 1.4544
738327 132837 1.2372
132837 738327 1.2372
132837 480564 2.1
480564 132837 2.1
480564 132838 2.1972
132838 480564 2.1972
132838 480563 2.1036
480563 132838 2.1036
480563 13183 2.214
13183 480563 2.214
13183 193926 7.1208
193926 13183 7.1208
193926 13184 3.282
13184 193926 3.282
13184 480559 1.5288
480559 13184 1.5288
480559 132835 1.6356
132835 480559 1.6356
132835 13185 1.8048
13185 132835 1.8048
13185 480560 1.3692
480560 13185 1.3692
480560 1685510 1.3692
1685510 480560 1.3692
1685510 262334 0.6168
262334 1685510 0.6168
262334 1685508 0.8064
1685508 262334 0.8064
1685508 1685509 1.6308
1685509 1685508 1.6308
1685509 738325 1.6044
738325 1685509 1.6044
738325 13186 0.1032
13186 738325 0.1032
13186 629814 1.4556
629814 13186 1.4556
629814 738326 0.9804
738326 629814 0.9804
738326 13187 3.24
13187 738326 3.24
13187 738809 0.9996
738809 13187 0.9996
738809 132834 5.4564
132834 738809 5.4564
132834 1685507 3.7896
1685507 132834 3.7896
1685507 13188 0.9828
13188 1685507 0.9828
13188 629813 2.0736
629813 13188 2.0736
629813 1685506 1.3788
1685506 629813 1.3788
1685506 132832 1.0524
132832 1685506 1.0524
132832 13189 2.3496
13189 132832 2.3496
13189 1685577 3.2964
1685577 13189 3.2964
1685577 132833 3.6432
132833 1685577 3.6432
132833 13190 5.6544
13190 132833 5.6544
13190 983256 14.4216
983256 13190 14.4216
983256 13191 3.1116
13191 983256 3.1116
13191 1128353 2.5116
1128353 13191 2.5116
1128353 13192 1.698
13192 1128353 1.698
13192 13193 3.8148
13193 13192 3.8148
13193 738330 0.7956
738330 13193 0.7956
738330 1685575 2.1876
1685575 738330 2.1876
1685575 262327 0.564
262327 1685575 0.564
262327 738329 1.2852
738329 262327 1.2852
738329 13174 8.6472
13174 738329 8.6472
13174 132830 2.7336
132830 13174 2.7336
132830 13175 2.0784
13175 132830 2.0784
13175 132829 2.286
132829 13175 2.286
132829 121064 1.9956
121064 132829 1.9956
121064 132831 2.184
132831 121064 2.184
132831 738856 1.4112
738856 132831 1.4112
738856 13176 0.8088
13176 738856 0.8088
13176 262354 1.7808
262354 13176 1.7808
262354 132828 0.774
132828 262354 0.774
132828 13177 2.3412
13177 132828 2.3412
13177 1751215 2.7864
1751215 13177 2.7864
1751215 738331 14.3052
738331 1751215 14.3052
738331 13178 1.6656
13178 738331 1.6656
15662 630530 0.4325
630530 15662 0.4325
630530 1695163 0.1358
1695163 630530 0.1358
1695163 815743 3.0934
815743 1695163 3.0934
14658 606733 30.9744
606733 14658 30.9744
606733 14659 2.4264
14659 606733 2.4264
14660 14659 14.7528
14659 14660 14.7528
14662 14658 13.14
14658 14662 13.14
15661 1012986 0.1697
1012986 15661 0.1697
1012986 1224255 4.8626
1224255 1012986 4.8626
1224255 1224254 1.9029
1224254 1224255 1.9029
1224254 12886 1.7558
12886 1224254 1.7558
12886 1548357 4.5622
1548357 12886 4.5622
1548357 1612902 2.3858
1612902 1548357 2.3858
1612902 1289624 4.3498
1289624 1612902 4.3498
1289624 15668 2.915
15668 1289624 2.915
15668 1569756 0.6094
1569756 15668 0.6094
1569756 823983 4.1652
823983 1569756 4.1652
823983 823986 0.521
823986 823983 0.521
823986 1569750 2.2675
1569750 823986 2.2675
1569750 1058429 1.7573
1058429 1569750 1.7573
1058429 15667 0.3461
15667 1058429 0.3461
15686 722167 1.9995
722167 406771 0.5122
406771 1962432 0.3559
1962432 15808 2.5714
15808 15807 12.4483
15807 785077 7.0154
785077 15809 4.2192
15809 1962429 2.6306
1962429 198995 13.9572
198995 198997 0.8573
198997 720625 1.2225
720625 169017 0.9247
169017 15806 0.9453
12880 803374 1.0728
803374 12880 1.0728
803374 576933 2.1698
576933 803374 2.1698
575747 691110 0.4649
691110 575747 0.4649
691110 1224763 0.4325
1224763 691110 0.4325
1224763 1962539 1.0378
1962539 1224763 1.0378
1962539 575749 1.7023
575749 1962539 1.7023
575749 575750 1.2559
575750 575749 1.2559
575750 256899 4.3719
256899 575750 4.3719
256899 575753 0.6105
575753 256899 0.6105
575753 575754 2.4315
575754 575753 2.4315
575754 15698 1.4215
15698 575754 1.4215
12878 191852 5.2653
191852 12878 5.2653
191852 406810 6.0254
406810 191852 6.0254
406810 15699 1.2168
15699 406810 1.2168
15704 1962422 5.0676
1962422 15704 5.0676
1962422 1962423 3.8844
1962423 1962422 3.8844
1962423 15705 23.7408
15705 1962423 23.7408
15705 15796 10.3932
15796 15705 10.3932
15796 969344 2.5668
969344 15796 2.5668
969344 1962439 0.6624
1962439 969344 0.6624
1962439 969343 1.878
969343 1962439 1.878
969343 969342 0.7428
969342 969343 0.7428
969342 1962438 3.0168
1962438 969342 3.0168
1962438 1962436 21.3228
1962436 1962438 21.3228
1962436 15706 1.6524
15706 1962436 1.6524
15706 272355 1.3092
272355 15706 1.3092
272355 1962437 0.8076
1962437 272355 0.8076
1962437 406775 4.1376
406775 1962437 4.1376
406775 15707 1.3296
15707 406775 1.3296
15715 503372 0.7123
503372 503373 0.7262
503373 1962426 0.0941
1962426 15716 12.7605
15716 1962424 4.807
1962424 15795 1.3387
15795 15717 5.1501
15717 15718 8.2193
15718 272350 3.2498
272350 406772 3.3429
406772 1962434 1.9692
1962434 737230 0.4191
737230 406773 0.9206
406773 15719 1.3212
15720 1299553 0.7056
1299553 15720 0.7056
1299553 724382 1.6992
724382 1299553 1.6992
724382 846579 2.259
846579 724382 2.259
846579 743700 7.8066
743700 846579 7.8066
743700 15721 12.9537
15721 743700 12.9537
15721 263898 17.6517
263898 15721 17.6517
263898 265730 1.3797
265730 263898 1.3797
265730 15722 12.9771
15722 265730 12.9771
15722 15725 5.3541
15725 15722 5.3541
15725 2014286 0.2547
2014286 15725 0.2547
2014286 15724 12.8628
15724 2014286 12.8628
15724 1697355 1.0896
1697355 15724 1.0896
1697355 1309876 23.334
1309876 1697355 23.334
1309876 724379 10.716
724379 1309876 10.716
724379 1697354 0.7356
1697354 724379 0.7356
1697354 12887 0.7356
12887 1697354 0.7356
15725 1697352 0.4644
1697352 15725 0.4644
1697352 15726 14.5344
15726 1697352 14.5344
15726 1697353 12.258
1697353 15726 12.258
1697353 1569754 0.9948
1569754 1697353 0.9948
1569754 15727 1.098
15727 1569754 1.098
1998424 15768 4.032
15768 1998424 4.032
15781 15770 16.8432
15770 15781 16.8432
15770 263899 17.1732
263899 15770 17.1732
263899 15769 4.71
15769 263899 4.71
15784 49798 7.5072
49798 15784 7.5072
49798 15785 13.992
15785 49798 13.992
15785 15770 23.6508
15770 15785 23.6508
15770 15771 14.6856
15771 15770 14.6856
15771 724345 2.058
724345 15771 2.058
724345 15776 1.6896
15776 724345 1.6896
15776 724346 1.2096
724346 15776 1.2096
724346 724348 1.182
724348 724346 1.182
724348 15797 16.8564
15797 724348 16.8564
15797 1808748 23.2116
1808748 15797 23.2116
1808748 15772 1.7208
15772 1808748 1.7208
15773 15774 14.052
15774 15773 14.052
15774 1808745 14.5104
1808745 15774 14.5104
1808745 15775 2.13
15775 1808745 2.13
15809 15795 16.6896
15795 15809 16.6896
15795 724343 1.7016
724343 15795 1.7016
724343 724344 2.1816
724344 724343 2.1816
724344 272354 8.7432
272354 724344 8.7432
272354 15796 10.6332
15796 272354 10.6332
15796 263901 12.5232
263901 15796 12.5232
263901 15797 11.9808
15797 263901 11.9808
709944 15811 3.408
15811 709944 3.408
15811 492535 0.42
492535 15811 0.42
492535 256817 0.5244
256817 492535 0.5244
256817 704546 1.7436
704546 256817 1.7436
704546 256841 3.3864
256841 704546 3.3864
256841 256809 4.992
256809 256841 4.992
256809 256911 6.1584
256911 256809 6.1584
256911 15814 3.924
15814 256911 3.924
15816 1217168 1.4904
1217168 847508 0.6113
847508 15815 0.7351
15829 1696521 0.96
1696521 15829 0.96
1696521 1688893 0.864
1688893 1696521 0.864
1688893 15828 0.828
15828 1688893 0.828
15829 1689326 0.6192
1689326 15829 0.6192
1689326 1689327 0.0876
1689327 1689326 0.0876
1689327 709938 0.5316
709938 1689327 0.5316
709938 15830 1.038
15830 709938 1.038
15833 233158 1.7664
233158 15833 1.7664
233158 15847 17.1576
15847 233158 17.1576
15847 692740 9.036
692740 15847 9.036
692740 691977 2.6196
691977 692740 2.6196
691977 261245 1.9068
261245 691977 1.9068
261245 261246 10.0908
261246 261245 10.0908
261246 850409 6.9288
850409 261246 6.9288
850409 1264075 9.9624
1264075 850409 9.9624
1264075 694030 1.1976
694030 1264075 1.1976
694030 15834 1.3548
15834 694030 1.3548
233159 15843 0.6058
767610 847505 23.1192
847505 767610 23.1192
847505 15873 23.7312
15873 847505 23.7312
51192 890358 6.948
890358 51192 6.948
890358 1688945 4.2048
1688945 890358 4.2048
1688945 256822 34.2504
256822 1688945 34.2504
256822 691114 7.3728
691114 256822 7.3728
691114 15848 40.356
15848 691114 40.356
265163 934015 0.87
934015 265163 0.87
934015 887860 1.3812
887860 934015 1.3812
887860 15852 4.7832
15852 887860 4.7832
15852 15853 9.4296
15853 15852 9.4296
15853 256831 1.5876
256831 15853 1.5876
256831 51193 0.9732
51193 256831 0.9732
51193 1428647 1.4844
1428647 51193 1.4844
1428647 1487483 0.1572
1487483 1428647 0.1572
1487483 823029 1.1364
823029 1487483 1.1364
823029 1487488 2.3436
1487488 823029 2.3436
1487488 256916 0.3468
256916 1487488 0.3468
256916 51194 5.6796
51194 256916 5.6796
51194 823028 4.5156
823028 51194 4.5156
823028 51195 5.6916
51195 823028 5.6916
51195 816773 4.7424
816773 51195 4.7424
816773 51196 4.1808
51196 816773 4.1808
51196 172199 1.2684
172199 51196 1.2684
15866 1022197 0.7445
1022197 15866 0.7445
1022197 1689332 0.1591
1689332 1022197 0.1591
1689332 15867 8.5622
15867 1689332 8.5622
15867 406837 2.5942
406837 15867 2.5942
406837 691123 2.965
691123 406837 2.965
691123 406836 2.9628
406836 691123 2.9628
406836 760373 5.7571
760373 406836 5.7571
760373 727150 9.7085
727150 760373 9.7085
727150 15868 3.9528
15868 727150 3.9528
15868 15869 3.5215
15869 15868 3.5215
15869 15870 2.214
15870 15869 2.214
15870 1165028 7.47
1165028 15870 7.47
1165028 15871 2.1874
15871 1165028 2.1874
15871 15872 9.8575
15872 15871 9.8575
15872 256837 2.9693
256837 15872 2.9693
256837 256871 9.2592
256871 256837 9.2592
256871 1112786 11.1182
1112786 256871 11.1182
1112786 1112787 1.8396
1112787 1112786 1.8396
1112787 15850 5.4194
15850 1112787 5.4194
15850 160742 1.4126
160742 15850 1.4126
160742 15851 1.0555
15851 160742 1.0555
15851 575619 1.0944
575619 15851 1.0944
575619 575600 2.3033
575600 575619 2.3033
575600 15862 0.437
15862 575600 0.437
15862 575590 0.3247
575590 15862 0.3247
575590 575586 0.2981
575586 575590 0.2981
575586 575585 0.3132
575585 575586 0.3132
575585 160740 0.337
160740 575585 0.337
160740 15863 0.3888
15863 160740 0.3888
15863 575593 0.437
575593 15863 0.437
575593 15864 0.653
15864 575593 0.653
15864 575601 0.2491
575601 15864 0.2491
575601 575606 0.7934
575606 575601 0.7934
575606 575612 1.7856
575612 575606 1.7856
575612 15865 1.2542
15865 575612 1.2542
15865 15859 5.2013
15859 15865 5.2013
15859 575713 0.9353
575713 15859 0.9353
575713 575723 0.8842
575723 575713 0.8842
575723 575728 0.9994
575728 575723 0.9994
575728 575734 1.3644
575734 575728 1.3644
575734 1866523 1.1225
1866523 575734 1.1225
1866523 1866550 0.1958
1866550 1866523 0.1958
1866550 1866520 3.7613
1866520 1866550 3.7613
1866520 1662639 0.0828
1662639 1866520 0.0828
1662639 15858 5.7305
15858 1662639 5.7305
15858 575760 0.4104
575760 15858 0.4104
575760 575761 0.27
575761 575760 0.27
575761 575762 0.1793
575762 575761 0.1793
575762 575763 0.2261
575763 575762 0.2261
575763 1688947 0.2729
1688947 575763 0.2729
1688947 15857 1.0901
15857 1688947 1.0901
15833 630502 63.3492
630502 15833 63.3492
630502 233156 17.2368
233156 630502 17.2368
233156 15874 2.4984
15874 233156 2.4984
15874 1290152 45.2664
1290152 15874 45.2664
1290152 692960 7.5456
692960 1290152 7.5456
692960 1290151 8.532
1290151 692960 8.532
1290151 256852 44.2296
256852 1290151 44.2296
690505 887850 0.8364
887850 690505 0.8364
887850 1689322 0.312
1689322 887850 0.312
1689322 847491 3.8964
847491 1689322 3.8964
15723 686816 1.3824
686816 15723 1.3824
686816 535646 0.9156
535646 686816 0.9156
535646 1695210 0.6972
1695210 535646 0.6972
1695210 1316719 10.3152
1316719 1695210 10.3152
1316719 1706795 2.7192
1706795 1316719 2.7192
1706795 1316722 4.086
1316722 1706795 4.086
1316722 1567799 1.656
1567799 1316722 1.656
1567799 1706798 1.4436
1706798 1567799 1.4436
1706798 1502042 1.4436
1502042 1706798 1.4436
1502042 1706799 0.6084
1706799 1502042 0.6084
1706799 1309916 9.8784
1309916 1706799 9.8784
1309916 786257 2.6808
786257 1309916 2.6808
786257 754479 2.3256
754479 786257 2.3256
754479 1569724 0.8676
1569724 754479 0.8676
1569724 1501024 4.4148
1501024 1569724 4.4148
1501024 1501025 8.046
1501025 1501024 8.046
1501025 1501028 3.7656
1501028 1501025 3.7656
1501028 754478 1.0188
754478 1501028 1.0188
754478 826660 11.4552
826660 754478 11.4552
826660 15880 0.8496
15880 826660 0.8496
49802 15880 5.868
15880 49802 5.868
15880 683678 5.3112
683678 15880 5.3112
683678 1501047 7.6896
1501047 683678 7.6896
1501047 754480 1.0092
754480 1501047 1.0092
754480 1501053 1.2852
1501053 754480 1.2852
1501053 1501115 8.4828
1501115 1501053 8.4828
1501115 1501065 4.356
1501065 1501115 4.356
1501065 1501104 1.2684
1501104 1501065 1.2684
1501104 826661 4.5144
826661 1501104 4.5144
826661 15881 1.11
15881 826661 1.11
15881 826663 0.9084
826663 15881 0.9084
826663 1501093 3.1656
1501093 826663 3.1656
1501093 815746 1.7028
815746 1501093 1.7028
815746 1014787 2.6712
1014787 815746 2.6712
1014787 815747 1.3008
815747 1014787 1.3008
815747 1014789 17.8224
1014789 815747 17.8224
1014789 1695190 2.6652
1695190 1014789 2.6652
1695190 49803 1.3488
49803 1695190 1.3488
86889 1225715 10.3008
1225715 15889 2.0814
15889 1201758 1.1688
1201758 1201759 1.017
1201759 15890 1.1646
15890 15891 1.1346
15891 1225726 0.6006
1225726 1225693 0.8898
1225693 282778 0.441
282778 15892 0.2358
101871 486425 1.434
486425 190157 1.1136
190157 16051 1.1052
16051 190158 1.1544
190158 271167 1.2732
271167 271140 1.188
271140 16052 1.2012
16052 16053 1.44
16053 16054 1.2516
16054 486428 0.9552
486428 486427 1.0188
486427 190159 0.7764
16056 404024 0.3374
404024 252632 0.4022
252632 252633 0.7879
252633 252634 0.6665
252634 252628 0.6974
328178 190996 0.9468
190996 190997 0.5847
190997 252635 0.7642
252635 404010 0.3235
404010 16056 0.3991
328181 190998 0.5706
190998 190999 0.5764
190999 16057 0.5047
16057 252627 0.3136
252627 271182 0.3334
271182 190995 0.4622
190995 328179 0.6973
1771153 441364 0.2966
441364 1649443 0.2941
1649443 441366 0.3222
441366 1649442 0.3442
1649442 1649441 0.3229
1649441 1649440 0.1843
1649440 441369 0.7841
441369 441370 1.0861
441370 441367 3.1198
441367 377073 1.481
377073 8954 1.9451
8954 1649444 0.4543
1649444 54297 4.8049
2015349 753629 1.4514
753629 2015349 1.4514
753629 1121509 0.1026
1121509 753629 0.1026
1121509 753628 0.252
753628 1121509 0.252
5899 202816 0.8125
202816 203291 0.1732
203291 1954758 0.8154
1954758 396194 1.1902
396194 490300 0.1973
490300 16106 1.1776
16106 16107 2.1071
16107 56040 1.6499
56040 16102 0.3809
16102 16103 1.5865
16103 2006189 0.3593
2006189 73269 0.351
73269 16109 0.6559
16109 203288 0.4262
316329 1954115 1.4664
1954115 316329 1.4664
1954115 16130 4.9962
16130 1954115 4.9962
16130 329111 4.362
329111 16130 4.362
329111 635839 0.2274
635839 329111 0.2274
635839 17780 4.137
17780 635839 4.137
17780 1252822 0.4176
1252822 17780 0.4176
1252822 657644 0.1542
657644 1252822 0.1542
657644 1954112 6.7836
1954112 657644 6.7836
1954112 791444 1.0308
791444 1954112 1.0308
791444 728922 3.3336
728922 791444 3.3336
728922 116397 0.7674
116397 728922 0.7674
116397 1954113 1.0254
1954113 116397 1.0254
1954113 329096 1.2024
329096 1954113 1.2024
329096 728696 1.5852
728696 329096 1.5852
728696 728926 0.4512
728926 728696 0.4512
728926 728936 1.1178
728936 728926 1.1178
728936 1954110 2.9604
1954110 728936 2.9604
1954110 1639139 1.0968
1639139 1954110 1.0968
1639139 1997830 0.4458
1997830 1639139 0.4458
1997830 329171 3.1824
329171 1997830 3.1824
329171 635838 0.7332
635838 329171 0.7332
635838 1954111 1.1622
1954111 635838 1.1622
1954111 1639144 8.4906
1639144 1954111 8.4906
1639144 1639140 0.8718
1639140 1639144 0.8718
1639140 572446 0.3984
572446 1639140 0.3984
572446 329150 0.7278
329150 572446 0.7278
329150 1639153 3.8928
1639153 329150 3.8928
1639153 572447 2.6028
572447 1639153 2.6028
572447 383832 0.4026
383832 572447 0.4026
16132 151021 0.8256
151021 16132 0.8256
151021 16133 0.8466
16133 151021 0.8466
925419 834824 0.9564
834824 834827 0.2994
834827 834829 0.1986
834829 925422 0.1758
925422 834833 0.6768
834833 834835 0.429
834835 834842 0.6708
231183 16179 0.2844
16179 331968 0.2549
331968 16178 0.2308
16178 332084 0.1768
332084 282790 0.1649
282790 5773 0.3704
5773 282792 0.3715
282792 332204 0.2524
332204 332230 0.2052
332230 16180 0.1998
16180 331989 0.2232
331989 5832 0.1951
231191 332118 0.1112
332118 332001 0.1354
332001 87262 0.1433
87262 16182 0.1447
16182 331946 2.232
331946 54330 0.9058
5833 332039 0.1872
332039 332107 0.274
332107 87261 0.3269
87261 16184 0.3258
16184 16183 0.3661
16183 332192 0.4838
332192 16185 0.2912
16185 87260 0.2459
87260 332186 0.2146
332186 332145 0.068
16186 331948 1.017
331948 332133 0.6102
332133 16187 0.3486
16187 16188 0.3732
16188 5836 2.6022
5838 332215 0.4032
332215 332059 0.2898
332059 16190 0.2916
16190 16189 0.2628
16189 332180 0.3816
332180 331973 0.84
331973 16186 1.0386
5839 332227 0.8592
332227 332146 0.693
332146 331954 0.4632
331954 332124 0.519
332124 16195 3.4476
16202 332134 0.4649
332134 332012 0.4202
332012 332172 0.3497
332172 332054 0.378
332054 5767 0.36
16203 472645 0.1328
472645 330668 0.1994
330668 330491 0.212
330491 472646 0.175
472646 472647 0.18
472647 230586 0.157
16240 383740 0.756
383740 16240 0.756
383740 490278 0.7566
490278 383740 0.7566
490278 16241 2.8938
16241 490278 2.8938
16241 1530271 12.3768
1530271 16241 12.3768
1530271 16253 1.2852
16253 1530271 1.2852
9746 16247 0.4756
16247 9746 0.4756
45224 288199 0.8433
288199 45224 0.8433
288199 1101920 1.1934
1101920 288199 1.1934
1101920 223715 2.2023
223715 1101920 2.2023
223715 231373 1.6371
231373 223715 1.6371
231373 16255 8.3052
16255 231373 8.3052
16255 225873 5.0166
225873 16255 5.0166
225873 16256 1.1529
16256 225873 1.1529
16256 231358 4.9104
231358 16256 4.9104
231358 1101935 2.6757
1101935 231358 2.6757
1101935 231659 1.3509
231659 1101935 1.3509
231659 16257 3.753
16257 231659 3.753
45239 152464 0.6954
152464 45239 0.6954
152464 1818468 2.0856
1818468 152464 2.0856
1818468 1818461 2.2014
1818461 1818468 2.2014
1818461 16259 3.8712
16259 1818461 3.8712
16259 1955640 0.3234
1955640 16259 0.3234
1955640 1814303 0.5592
1814303 1955640 0.5592
1814303 1493436 0.6648
1493436 1814303 0.6648
1493436 1493435 0.504
1493435 1493436 0.504
1493435 1955641 0.816
1955641 1493435 0.816
1955641 1955672 3.5658
1955672 1955641 3.5658
1955672 144433 0.4614
144433 1955672 0.4614
144433 144434 3.1764
144434 144433 3.1764
144434 16260 0.9498
16260 144434 0.9498
16260 16274 0.7176
16274 16260 0.7176
45239 1003105 1.2264
1003105 45239 1.2264
1003105 720600 3.0612
720600 1003105 3.0612
720600 720601 10.3152
720601 720600 10.3152
720601 1524903 10.4304
1524903 720601 10.4304
1524903 117817 4.392
117817 1524903 4.392
117817 1094684 2.424
1094684 117817 2.424
1094684 1094688 1.7172
1094688 1094684 1.7172
1094688 117816 5.0568
117816 1094688 5.0568
117816 1960686 0.3036
1960686 117816 0.3036
1960686 1094691 4.1412
1094691 1960686 4.1412
1094691 1955751 0.9192
1955751 1094691 0.9192
1955751 16265 10.05
16265 1955751 10.05
2015351 16265 0.6396
16265 2015351 0.6396
45226 288200 0.9067
288200 1955639 0.8625
1955639 925956 0.2299
925956 1955728 1.2523
1955728 1309428 5.3023
1309428 925955 1.0065
925955 839309 5.4072
2015353 839309 1.9301
48270 288207 0.6702
288207 48270 0.6702
288207 1715445 0.2094
1715445 288207 0.2094
1715445 116285 9.0654
116285 1715445 9.0654
116285 16268 1.005
16268 116285 1.005
16268 1955670 2.9382
1955670 16268 2.9382
1955670 1038059 2.8662
1038059 1955670 2.8662
1038059 1818472 2.22
1818472 1038059 2.22
1818472 16269 2.6394
16269 1818472 2.6394
16269 1038072 1.2516
1038072 16269 1.2516
1038072 16270 1.1106
16270 1038072 1.1106
16270 136981 1.1766
136981 16270 1.1766
16711 472661 0.8928
472661 26657 0.6151
16695 16696 1.7088
16696 472714 0.5634
472714 472716 0.3942
472716 472717 0.3264
472717 16697 0.321
16697 472719 0.3372
472719 16698 0.318
16698 472720 0.3186
472720 16687 0.378
16687 472718 0.3402
472718 16688 0.4356
16688 472715 0.4596
472715 472713 0.4332
472713 16689 0.603
16682 572987 1.9398
572987 572986 0.9354
572986 332166 1.1196
332166 331969 0.6822
331969 16683 0.4992
16683 16684 0.6192
16684 332089 0.6552
332089 332182 1.8672
332182 331992 0.7098
331992 16685 0.6936
16685 332112 0.6594
332112 16686 0.6012
16686 332229 0.57
332229 332070 0.6588
332070 332213 0.9252
16705 16704 2.2927
16704 16703 1.116
16703 332160 1.0995
332160 16702 0.9576
16702 331964 0.7827
331964 16701 0.7365
16701 332055 0.9021
332055 16700 0.9309
16700 332173 0.9751
332173 54324 1.0008
54324 331980 1.1489
331980 16699 1.1325
16711 1955186 0.4911
1955186 16711 0.4911
1955186 573220 0.5595
573220 1955186 0.5595
573220 1955187 1.0203
1955187 573220 1.0203
1955187 680004 0.8357
680004 1955187 0.8357
680004 1976012 1.2199
1976012 680004 1.2199
1976012 54055 0.1013
54055 1976012 0.1013
16967 1694252 1.7826
1694252 16967 1.7826
1694252 1398360 2.9886
1398360 1694252 2.9886
1398360 1398348 8.5722
1398348 1398360 8.5722
1398348 1051740 10.0824
1051740 1398348 10.0824
1051740 16966 3.4764
16966 1051740 3.4764
16967 917210 1.7628
917210 16967 1.7628
917210 16960 5.334
16960 917210 5.334
16960 18838 1.1616
18838 16960 1.1616
18838 16961 1.452
16961 18838 1.452
16961 16962 2.5776
16962 16961 2.5776
16972 617940 1.0935
617940 16972 1.0935
617940 719980 0.6714
719980 617940 0.6714
719980 614442 4.4208
614442 719980 4.4208
614442 326770 0.8649
326770 614442 0.8649
326770 323912 3.2085
323912 326770 3.2085
323912 672461 1.6272
672461 323912 1.6272
672461 1522952 0.4311
1522952 672461 0.4311
1522952 611087 0.5814
611087 1522952 0.5814
611087 16973 0.8946
16973 611087 0.8946
16973 614384 3.375
614384 16973 3.375
614384 614383 0.2691
614383 614384 0.2691
614383 1529001 2.9457
1529001 614383 2.9457
1529001 326767 2.5245
326767 1529001 2.5245
326767 16974 2.4849
16974 326767 2.4849
16974 647669 1.5966
647669 16974 1.5966
647669 1528338 0.9225
1528338 647669 0.9225
1528338 647672 1.5831
647672 1528338 1.5831
647672 16975 0.4941
16975 647672 0.4941
26657 472672 3.2604
472672 1562265 1.2768
795326 795971 2.439
795971 795339 0.8042
17781 882298 2.097
882298 17781 2.097
17782 882303 2.1168
882303 17782 2.1168
882303 1255416 4.0212
1255416 882303 4.0212
1255416 1252850 3.132
1252850 1255416 3.132
1252850 1255423 6.1812
1255423 1252850 6.1812
1255423 1255420 5.5764
1255420 1255423 5.5764
1255420 1255411 1.5732
