31775
333986 98981 4.8071
98981 333986 4.8071
98981 967763 0.4115
967763 98981 0.4115
967763 485165 0.6192
485165 967763 0.6192
485165 967785 0.6559
967785 485165 0.6559
967785 1598322 0.1469
1598322 967785 0.1469
1598322 1953963 0.8734
1953963 1598322 0.8734
1953963 967788 1.2499
967788 1953963 1.2499
967788 1809635 0.8842
1809635 967788 0.8842
1809635 1414516 0.2736
1414516 1809635 0.2736
1414516 1809636 0.2419
1809636 1414516 0.2419
1809636 967779 1.5991
967779 1809636 1.5991
967779 1953962 0.5188
1953962 967779 0.5188
1953962 1414514 0.7934
1414514 1953962 0.7934
1414514 479 0.3928
479 1414514 0.3928
2015175 4406 0.0846
4564 1536950 0.432
1536950 1536951 0.257
1536951 1536953 0.211
1536953 1536952 0.1915
1536952 139808 0.2318
221138 220842 2.6406
220842 4572 1.422
4572 220848 0.7056
220848 4573 1.083
4573 4574 0.9378
4574 4575 1.0248
4575 220838 0.8154
220838 4576 1.101
4576 4577 0.9114
4577 4578 1.1058
4578 4579 0.9438
4579 220860 0.8736
220860 4580 0.984
4580 4581 0.9858
4581 4582 0.8838
4582 357881 1.4994
357886 220852 1.377
220852 4583 0.9084
4583 4584 1.1814
4584 220853 1.3062
220853 4585 1.1088
4585 4586 1.0512
4586 4587 1.0056
4587 4588 1.047
4588 4589 0.9936
4589 220850 1.0854
220850 4590 0.9984
4590 220867 1.0674
220867 4591 1.0674
4591 4592 0.9858
4592 220861 0.9114
220861 4593 0.9816
4593 1994198 0.4236
1994198 220869 0.6606
220869 221139 2.0658
221143 4594 3.714
4594 4595 1.4106
4595 4596 1.191
4596 220837 1.0092
220837 4597 1.1472
4597 4598 1.2504
4598 105311 1.1226
105311 4599 1.149
4599 4600 1.1544
4600 220844 1.161
220844 4601 1.1712
4601 4602 1.2534
4602 4603 0.9162
4603 220865 0.999
220865 4604 1.3734
4604 357888 1.5516
357883 220863 1.3896
220863 4605 0.894
4605 220843 1.0512
220843 4606 0.9708
4606 220871 0.9714
220871 4607 0.9216
4607 4608 0.9834
4608 220845 0.9786
220845 4609 0.9672
4609 4610 0.9726
4610 220839 0.9618
220839 4611 1.0674
4611 4612 1.0248
4612 4613 0.9798
4613 220856 1.1166
220856 221142 2.1876
357889 4619 2.9208
4619 220858 2.1528
220858 4620 1.695
4620 4621 1.8006
4621 4622 1.761
4622 4623 6.8052
4623 220855 1.8726
220855 4624 1.4616
4624 4625 1.6854
4625 220851 1.8894
220851 221153 2.877
221137 4626 4.923
4626 4627 2.04
4627 220847 1.4436
220847 4628 1.6044
4628 220841 1.623
220841 4629 1.6308
4629 4630 2.3838
4630 4631 2.3118
4631 4632 2.6622
4632 220859 1.038
220859 983085 1.5306
983085 328615 0.6612
328615 4633 2.241
866390 1953940 1.6488
1953940 256528 0.1722
256528 852691 1.7466
852691 852687 1.1232
1014 747572 0.6059
442988 442990 1.6926
442990 4411 2.2434
4411 442962 1.1574
442962 26722 0.6342
26722 4412 2.433
4412 4413 2.6274
4413 4414 1.5726
4414 221141 8.8656
221144 221145 5.688
221145 221144 5.688
442988 442987 0.269
442987 442985 0.2253
442985 442984 0.2289
442984 442982 0.287
442982 442981 0.2957
221145 5469 2.6018
5469 221145 2.6018
732184 732182 0.3137
732182 1443765 0.3137
1443765 732180 0.3137
732180 732178 0.3132
732178 1443764 0.3137
1443764 33541 0.3137
33541 1443762 0.3019
1443762 732176 0.3019
732176 1443763 0.3019
1443763 732177 0.3019
732177 732179 0.3394
732179 2000385 0.2433
2000385 1443761 0.0962
1443761 732181 0.3394
732181 732183 0.3389
732183 1443760 0.3003
1443760 2000386 0.0838
2000386 732185 0.2165
732185 732184 0.3003
442987 442983 3.8628
442983 925626 2.0016
925626 442979 1.4688
442979 921168 0.4068
5502 334511 0.6523
5506 1014 0.531
4565 5502 0.5299
5666 645303 0.8094
645303 5666 0.8094
645303 1694671 0.5616
1694671 645303 0.5616
1694671 1724390 3.6954
1724390 1694671 3.6954
1724390 481799 0.2526
481799 1724390 0.2526
481799 481802 5.226
481802 481799 5.226
481802 971566 2.7744
971566 481802 2.7744
971566 1724382 7.0002
1724382 971566 7.0002
1724382 1724358 0.7764
1724358 1724382 0.7764
1724358 971567 0.1548
971567 1724358 0.1548
971567 1724383 1.2516
1724383 971567 1.2516
1724383 5667 6.8562
5667 1724383 6.8562
5667 1724386 0.4614
1724386 5667 0.4614
1724386 48743 2.6022
48743 1724386 2.6022
48743 5668 4.437
5668 48743 4.437
5668 68756 1.9428
68756 5668 1.9428
68756 971574 0.4944
971574 68756 0.4944
971574 1724350 5.3538
1724350 971574 5.3538
1724350 548225 6.312
548225 1724350 6.312
548225 971585 3.1734
971585 548225 3.1734
971585 248776 2.3088
248776 971585 2.3088
248776 7010 0.6522
7010 248776 0.6522
5469 966761 0.2813
966761 5469 0.2813
966761 1202608 0.8419
1202608 966761 0.8419
1202608 542109 0.6423
542109 1202608 0.6423
5714 259109 11.7
259109 5714 11.7
259109 254340 4.2444
254340 259109 4.2444
254340 5723 29.3976
5723 254340 29.3976
5716 5717 17.8668
5717 5716 17.8668
5717 5718 6.4206
5718 5717 6.4206
5718 5719 11.592
5719 5718 11.592
5719 5720 8.6526
5720 5719 8.6526
5720 5721 11.0934
5721 5720 11.0934
5721 191582 4.7322
191582 5721 4.7322
191582 5722 2.8098
5722 191582 2.8098
5722 5715 15.2712
5715 5722 15.2712
7004 176293 15.3432
176293 7004 15.3432
176293 176286 40.4928
176286 176293 40.4928
176286 7005 24.0696
7005 176286 24.0696
5473 180246 44.082
180246 5473 44.082
180246 191584 12.114
191584 180246 12.114
191584 191570 10.9044
191570 191584 10.9044
191570 5716 7.974
5716 191570 7.974
7005 7006 21.3336
7006 7005 21.3336
7006 7007 13.3704
7007 7006 13.3704
7007 7008 105.9624
7008 7007 105.9624
5472 7008 3.9528
7008 5472 3.9528
7008 992106 0.4968
992106 7008 0.4968
992106 7009 4.5252
7009 992106 4.5252
7010 316853 76.752
316853 7010 76.752
316853 873106 45.6696
873106 316853 45.6696
873106 7011 12.312
7011 873106 12.312
338919 338918 2.2572
338918 338919 2.2572
338918 338917 7.0632
338917 338918 7.0632
338917 2015337 10.4904
2015337 338917 10.4904
5504 333600 0.4313
333600 5505 0.4115
114854 5503 1.9602
5503 17834 4.8582
221162 54058 0.6114
54058 221194 0.36
221194 54062 0.4104
54062 187150 0.4224
187150 74464 0.3942
74464 17632 0.4206
17632 74465 0.4182
74465 54061 3.0216
54061 74466 0.51
74466 17633 0.4884
17633 74467 0.4896
74467 17634 0.7284
17634 74468 0.6396
74468 221193 1.4658
17824 193481 0.4191
193481 17824 0.4191
193481 106169 3.4946
106169 193481 3.4946
106169 106406 0.5631
106406 106169 0.5631
106406 925612 2.1014
925612 106406 2.1014
925612 674344 5.6803
674344 925612 5.6803
674344 925607 0.5122
925607 674344 0.5122
17631 17830 0.6654
17830 333629 0.5004
333629 187164 0.471
187164 333661 0.4764
333661 17831 0.5382
17831 187165 0.4902
187165 201367 0.462
201367 333715 0.6636
333715 17832 1.0944
17834 187166 0.6474
187166 333648 0.7248
333648 17835 0.9114
17835 333724 1.3764
333724 187167 0.5748
187167 201366 0.4488
201366 333669 0.5028
333669 333748 0.5154
333748 17832 0.6528
54056 54070 0.3426
54070 74452 0.3474
74452 74453 0.3114
74453 17626 0.3594
17626 221184 1.8012
221184 17850 0.4722
17850 187153 0.5142
187153 187154 0.6324
187154 17625 0.7164
17625 220849 1.0038
220849 54066 0.8334
187158 221181 0.8262
221181 187159 0.8766
187159 187148 0.8652
187148 17838 0.9774
17838 221182 3.6294
221183 17839 3.8196
17839 74476 1.0308
74476 17840 0.9702
17840 74475 0.7524
74475 17841 0.6942
224573 17846 2.9376
17846 74480 1.3512
74480 74479 0.9894
74479 220840 1.047
220840 17847 0.9318
17847 17848 0.8922
17848 74478 0.8562
74478 220846 0.8652
220846 17849 1.1238
17849 54072 2.1306
221176 221195 2.1234
221195 17623 0.6936
17623 74481 0.5736
74481 165142 0.5508
165142 17624 0.7368
17624 220857 0.6324
220857 54064 0.7986
54064 17851 2.1072
221185 221186 1.008
221186 74460 0.372
74460 17856 0.384
17856 74461 0.414
74461 221187 0.4014
221187 17857 0.459
17857 17858 2.6178
17858 221188 0.5568
221188 74462 0.5364
74462 17859 0.4494
17859 74463 0.4764
74463 221189 0.4536
221189 17860 0.2574
17860 221165 0.2796
17861 187385 1.0074
187385 187386 0.927
187386 17862 6.0354
17862 221190 1.2402
221190 221191 1.3122
221191 221192 1.0572
221192 1185449 1.104
221177 221178 1.527
221178 54063 0.8364
54063 74477 0.8148
74477 17863 0.9168
17863 187381 1.479
187381 165133 3.069
165133 187382 0.9036
187382 221179 0.8964
221179 221180 0.6498
221180 54060 0.5028
54060 54069 0.6072
17864 333680 2.8512
333680 333696 2.556
333696 333671 2.6316
333671 333685 14.5548
333685 17865 3.0168
17630 333672 0.6054
333672 333642 0.4548
333642 931032 0.4158
931032 74451 0.3318
74451 993589 0.4092
993589 333618 0.2688
333618 1953889 0.6624
1953889 333703 0.6276
333703 333630 0.735
333630 1626122 0.4134
1626122 17629 1.0536
334410 772869 0.5778
772869 772868 0.5232
772868 772870 0.4938
772870 772871 0.4356
772871 334539 0.5868
333921 333907 0.3672
333907 333864 0.342
333864 17889 0.3624
17889 17890 0.3846
17890 333825 0.3204
333825 333932 0.2946
333932 333791 0.2898
333791 333801 0.3222
17893 333859 0.312
333859 333881 0.2946
333881 17894 0.3282
17894 333812 0.3564
333812 333863 0.3162
333863 333788 0.3294
333788 17895 0.3186
17895 333817 0.312
333817 17896 0.342
17897 333585 0.1825
333585 333693 0.1825
333693 17898 0.1782
17898 333763 0.1822
333763 187168 0.1886
187168 17899 0.1958
17899 17900 0.1552
187162 333690 0.429
333690 333721 0.4476
333721 333647 0.4344
333647 17901 0.4656
17901 333695 0.357
333695 74449 0.3702
74449 74450 0.4512
74450 333610 0.3738
333610 17629 0.3852
17876 333646 0.4206
333646 333674 0.3744
333674 333599 0.4236
333599 17875 0.9792
17628 333730 0.6516
333730 333756 0.4866
333756 165795 0.4008
165795 333684 0.6318
333684 162751 0.4998
5470 691241 11.0628
691241 1105264 9.216
1105264 691208 3.1896
691208 432609 4.7268
432609 98848 5.4648
98848 691210 0.7884
691210 432611 10.8216
432611 691254 6.8148
691254 1105255 3.3768
1105255 170322 1.4868
170322 432610 2.7576
432610 221140 10.764
357883 1040578 5.1242
1040578 334543 2.0412
334543 334437 2.0236
334437 4618 2.7173
26723 104824 19.1664
104824 26723 19.1664
54059 54068 0.5914
54068 54059 0.5914
430422 28324 41.01
28324 430422 41.01
28320 129490 11.0592
129490 28320 11.0592
129490 430417 4.4256
430417 129490 4.4256
430417 28325 7.8576
28325 430417 7.8576
28325 430413 14.3832
430413 28325 14.3832
430413 28330 9.8616
28330 430413 9.8616
28330 28326 6.2016
28326 28330 6.2016
28326 551254 3.6888
551254 28326 3.6888
551254 81957 2.0268
81957 551254 2.0268
81957 81958 20.6028
81958 81957 20.6028
81958 551250 9.8544
551250 81958 9.8544
551250 81959 0.5556
81959 551250 0.5556
81959 81960 5.7576
81960 81959 5.7576
28319 430416 10.0788
430416 28319 10.0788
430416 551266 3.6204
551266 430416 3.6204
551266 430411 3.4836
430411 551266 3.4836
430411 1979837 7.782
1979837 430411 7.782
1979837 28327 11.76
28327 1979837 11.76
28327 28328 17.7468
28328 28327 17.7468
28328 430404 21.0948
430404 28328 21.0948
430404 28329 9.6276
28329 430404 9.6276
28328 28330 24.3276
28330 28328 24.3276
28330 81955 17.322
81955 28330 17.322
81955 551271 1.1712
551271 81955 1.1712
551271 81956 4.1184
81956 551271 4.1184
28331 465022 8.2092
465022 28331 8.2092
465022 430420 8.2224
430420 465022 8.2224
430420 430421 1.2132
430421 430420 1.2132
430421 28332 11.1408
28332 430421 11.1408
28332 28333 11.4348
28333 28332 11.4348
28333 1372538 3.6648
1372538 28333 3.6648
1372538 163535 1.632
163535 1372538 1.632
163535 129487 5.2176
129487 163535 5.2176
129487 669776 13.4064
669776 129487 13.4064
669776 1185448 0.4848
1185448 669776 0.4848
1185448 28335 11.9208
28335 1185448 11.9208
28335 551297 4.8348
551297 28335 4.8348
551297 551296 3.9156
551296 551297 3.9156
551296 551293 1.104
551293 551296 1.104
81948 465025 25.3044
465025 81948 25.3044
465025 81947 24.9048
81947 465025 24.9048
81947 430420 102.9888
430420 81947 102.9888
28332 669775 24.0108
669775 28332 24.0108
669775 28334 23.9808
28334 669775 23.9808
104016 105335 1.4724
105335 104016 1.4724
105335 62962 44.4888
62962 105335 44.4888
62962 28339 27.0864
28339 62962 27.0864
31208 908208 6.8688
908208 31208 6.8688
908208 31209 123.552
31209 908208 123.552
333974 333998 13.2768
333998 333988 3.0672
333988 333967 1.458
333967 333958 1.4616
333958 1724343 2.3868
1724343 1724342 3.7152
1724342 1724344 3.4812
1724344 32603 3.5136
32603 1723591 5.238
1723591 1536953 3.4092
1536953 32604 4.9788
4571 333996 0.4968
333813 33242 2.7468
33242 333927 2.52
333927 333790 2.016
333790 1498694 20.4732
33248 747579 4.572
747579 33248 4.572
334436 334426 27.36
334426 334436 27.36
4570 1723042 48.186
1723042 4570 48.186
1723042 971596 5.8032
971596 1723042 5.8032
971596 33544 9.6876
33544 971596 9.6876
479 1598310 1.5275
1598310 333959 0.8978
333959 1026008 2.3411
1026008 1598303 0.968
1598303 637990 0.2419
637990 333970 1.5552
2015515 333970 0.2603
22918 1505081 11.3868
1505081 22918 11.3868
1505081 316422 4.9752
316422 1505081 4.9752
316422 43369 9.7776
43369 316422 9.7776
43369 43370 11.7684
43370 43369 11.7684
43370 43371 3.1896
43371 43370 3.1896
43371 1506595 0.936
1506595 43371 0.936
1506595 43372 2.3148
43372 1506595 2.3148
43372 43373 44.8812
43373 43372 44.8812
43373 835171 14.1408
835171 43373 14.1408
835171 316405 18.5976
316405 835171 18.5976
316405 316391 16.398
316391 316405 16.398
316391 174211 32.1876
174211 316391 32.1876
174211 316434 36.8892
316434 174211 36.8892
316434 43374 27.3996
43374 316434 27.3996
48774 48744 41.8392
48744 48774 41.8392
48744 48745 39.9672
48745 48744 39.9672
48745 48746 12.7512
48746 48745 12.7512
48746 48747 40.1328
48747 48746 40.1328
48747 1056321 19.0872
1056321 48747 19.0872
1056321 48748 3.0024
48748 1056321 3.0024
48774 605651 28.8324
605651 48774 28.8324
605651 48776 0.9612
48776 605651 0.9612
48776 1517088 19.5264
1517088 48776 19.5264
1517088 1428165 35.8284
1428165 1517088 35.8284
1428165 1510244 6.2112
1510244 1428165 6.2112
1510244 1427288 47.652
1427288 1510244 47.652
1427288 237345 3.288
237345 1427288 3.288
1411651 1411659 37.5192
1411659 1411651 37.5192
1411659 1411658 132.2136
1411658 1411659 132.2136
1411658 1411657 25.2216
1411657 1411658 25.2216
1411657 1411656 23.976
1411656 1411657 23.976
17833 333678 1.212
333678 82094 1.0242
82094 48895 0.9678
48895 333736 0.5724
333736 17900 1.1604
221159 221175 3.7296
221175 221162 1.7226
54068 430408 4.7664
430408 54068 4.7664
430408 430410 2.2582
430410 430408 2.2582
430410 28319 10.35
28319 430410 10.35
54069 2011695 0.0725
2011695 2011692 0.0314
2011692 54059 0.8414
54071 457588 1.0416
17864 187161 0.492
187161 54056 3.5388
1953890 114855 6.84
114855 1953890 6.84
114855 333802 2.8716
333802 114855 2.8716
303651 2015817 0.7586
2015817 303651 0.7586
303651 1756723 1.5609
1756723 303651 1.5609
1756723 1756730 5.8032
1756730 1756723 5.8032
1756730 1756722 0.6855
1756722 1756730 0.6855
1756722 54768 0.7133
54768 1756722 0.7133
54768 1756729 0.5657
1756729 54768 0.5657
1756729 303666 3.9749
303666 1756729 3.9749
303666 54769 1.9111
54769 303666 1.9111
54769 303602 0.8223
303602 54769 0.8223
303602 303647 0.6223
303647 303602 0.6223
303647 303606 2.3307
303606 303647 2.3307
303606 303654 11.2346
303654 303606 11.2346
303654 43358 4.589
43358 303654 4.589
43357 318122 1.7115
318122 43357 1.7115
318122 190668 2.2433
190668 318122 2.2433
190668 303664 1.9491
303664 190668 1.9491
303664 190669 1.9815
190669 303664 1.9815
190669 1756720 1.2898
1756720 190669 1.2898
1756720 43358 1.3058
43358 1756720 1.3058
43358 303615 6.75
303615 43358 6.75
303615 1756721 6.7608
1756721 303615 6.7608
1756721 303657 10.2672
303657 1756721 10.2672
303657 318089 12.3588
318089 303657 12.3588
318089 303668 2.214
303668 318089 2.214
303668 303627 35.0928
303627 303668 35.0928
303627 1544290 10.0152
1544290 303627 10.0152
1544290 254825 11.8008
254825 1544290 11.8008
254825 303622 7.7724
303622 254825 7.7724
303622 43359 8.586
43359 303622 8.586
43359 303656 5.3352
303656 43359 5.3352
303656 303649 5.1372
303649 303656 5.1372
303649 303614 21.7188
303614 303649 21.7188
303614 303641 43.0128
303641 303614 43.0128
303641 54770 4.446
54770 303641 4.446
303668 54771 8.1444
54771 303668 8.1444
54771 54772 6.9444
54772 54771 6.9444
54772 303634 6.714
303634 54772 6.714
303634 54773 6.3696
54773 303634 6.3696
54773 303660 2.0628
303660 54773 2.0628
303660 303626 1.9584
303626 303660 1.9584
303626 54774 1.9644
54774 303626 1.9644
54774 303618 2.3292
303618 54774 2.3292
303618 303652 1.3368
303652 303618 1.3368
303652 303644 1.7232
303644 303652 1.7232
303644 54775 1.1892
54775 303644 1.1892
54775 54776 3.576
54776 54775 3.576
54776 303611 6.18
303611 54776 6.18
303611 54777 10.1892
54777 303611 10.1892
54777 343244 3.99
343244 54777 3.99
343244 303638 14.4996
303638 343244 14.4996
303638 2015819 2.1828
2015819 303638 2.1828
43356 54795 11.0016
54795 43356 11.0016
54795 571978 17.2548
571978 54795 17.2548
571978 571977 8.1756
571977 571978 8.1756
571977 54796 43.5312
54796 571977 43.5312
43417 594301 5.7744
594301 43417 5.7744
594301 176617 5.1768
176617 594301 5.1768
176617 54797 3.6216
54797 176617 3.6216
54797 176638 3.348
176638 54797 3.348
176638 54798 8.748
54798 176638 8.748
54798 54799 15.48
54799 54798 15.48
54799 54800 12.096
54800 54799 12.096
54800 176606 27.756
176606 54800 27.756
176606 54801 28.1448
54801 176606 28.1448
54801 176626 23.7312
176626 54801 23.7312
176626 176589 16.8624
176589 176626 16.8624
176589 176610 13.1688
176610 176589 13.1688
176610 54802 9.7128
54802 176610 9.7128
139499 244233 0.0871
244233 105363 0.7459
105363 62967 0.4892
62967 339918 0.3017
4618 55626 0.5738
55626 4556 0.8561
4556 334468 0.8399
334468 334427 0.8442
334427 772866 2.8843
2015825 1152598 2.7022
1152598 334444 1.9289
334444 244227 3.8333
244227 443130 1.8076
443130 442958 2.4786
334460 33249 39.9744
33249 334460 39.9744
58753 62952 0.6521
62952 1589377 0.359
1589377 62942 0.3713
62942 62961 0.4479
62961 62943 0.4248
62943 58757 0.451
58757 105328 0.4659
105328 62946 0.5765
62946 62936 0.6048
62936 58751 0.5086
58751 62950 0.7961
62950 1589391 0.3559
1589391 62944 0.4032
62944 1992729 0.3384
1992729 62949 0.3749
62949 58752 0.7293
58752 62948 0.6007
62948 1589380 0.4418
1589380 62945 0.4582
62945 62951 0.7077
62951 58753 0.7437
62943 191197 0.6629
191197 105327 0.4042
105327 105329 0.395
105329 191198 0.8517
191198 105333 0.2978
105333 191196 0.4161
191196 191199 0.3291
191199 191200 0.2602
191200 103845 10.2934
103845 103848 9.4356
103848 103849 4.6615
103849 62941 9.5282
58754 104058 1.9044
104058 58754 1.9044
104058 1056492 3.7733
1056492 104058 3.7733
1056492 1056495 2.935
1056495 1056492 2.935
1056495 103846 4.2742
103846 1056495 4.2742
103846 103924 1.7666
103924 103846 1.7666
103924 103929 2.4346
103929 103924 2.4346
103929 58759 5.1645
58759 103929 5.1645
58759 103847 4.7973
103847 58759 4.7973
103847 1296581 2.7879
1296581 103847 2.7879
1296581 1296577 2.8224
1296577 1296581 2.8224
1296577 1296585 0.342
1296585 1296577 0.342
1296585 1296571 3.3135
1296571 1296585 3.3135
1296571 1296574 0.5179
1296574 1296571 0.5179
1296574 104784 3.4946
104784 1296574 3.4946
104784 58760 0.2381
58760 104784 0.2381
58759 104773 0.8112
104773 58759 0.8112
104773 103943 4.5684
103943 104773 4.5684
103943 329613 10.3884
329613 103943 10.3884
329613 58761 3.6396
58761 329613 3.6396
58761 859626 1.3248
859626 58761 1.3248
859626 859627 20.7972
859627 859626 20.7972
859627 1591308 13.9368
1591308 859627 13.9368
1591308 105350 6.222
105350 1591308 6.222
105350 58762 0.48
58762 105350 0.48
58755 105323 0.4058
105323 58755 0.4058
105323 62959 0.4947
62959 105323 0.4947
62959 105064 3.0826
105064 62959 3.0826
105064 105068 3.6355
105068 105064 3.6355
105068 58768 2.1543
58768 105068 2.1543
58768 1950009 0.8182
1950009 58768 0.8182
1950009 590638 4.5057
590638 1950009 4.5057
590638 58763 1.008
58763 590638 1.008
58763 82921 1.6509
82921 58763 1.6509
82921 1175303 1.1453
1175303 82921 1.1453
1175303 104943 0.2741
104943 1175303 0.2741
104943 82920 0.2134
82920 104943 0.2134
82920 859625 5.0847
859625 82920 5.0847
859625 104998 0.1101
104998 859625 0.1101
104998 58764 4.6805
58764 104998 4.6805
58764 82919 1.4518
82919 58764 1.4518
82919 1175325 0.3209
1175325 82919 0.3209
1175325 287090 0.5925
287090 1175325 0.5925
287090 105008 1.0589
105008 287090 1.0589
105008 287091 0.8619
287091 105008 0.8619
287091 287092 0.9761
287092 287091 0.9761
287092 82918 1.3927
82918 287092 1.3927
82918 287093 0.972
287093 82918 0.972
287093 58765 0.8558
58765 287093 0.8558
58765 287094 1.2898
287094 58765 1.2898
287094 58774 2.3318
58774 287094 2.3318
58768 58769 11.2416
58769 58768 11.2416
58769 82945 1.3416
82945 58769 1.3416
82945 62960 1.4316
62960 82945 1.4316
62960 58756 12.384
58756 62960 12.384
104052 103981 0.8964
103981 104052 0.8964
103981 104047 0.8835
104047 103981 0.8835
104047 1950012 0.4515
1950012 104047 0.4515
1950012 378417 0.8887
378417 1950012 0.8887
378417 104048 1.5819
104048 378417 1.5819
104048 378379 1.241
378379 104048 1.241
395286 1056578 85.752
1056578 395286 85.752
1056578 1591904 41.7456
1591904 1056578 41.7456
1591904 1864032 114.7032
1864032 1591904 114.7032
1864032 60107 132.444
60107 1864032 132.444
60107 1864029 32.8464
1864029 60107 32.8464
1864029 1864031 41.1768
1864031 1864029 41.1768
1864031 60108 19.7712
60108 1864031 19.7712
60108 60109 14.2848
60109 60108 14.2848
60109 1936113 5.544
1936113 60109 5.544
1936113 176075 7.5528
176075 1936113 7.5528
176075 1875223 0.4464
1875223 176075 0.4464
1875223 176133 7.9344
176133 1875223 7.9344
176133 1936114 7.1424
1936114 176133 7.1424
1936114 176176 3.9816
176176 1936114 3.9816
176176 176189 9.8784
176189 176176 9.8784
176189 176088 8.4816
176088 176189 8.4816
176088 176101 8.1288
176101 176088 8.1288
176101 176146 15.1992
176146 176101 15.1992
176146 176157 10.3536
176157 176146 10.3536
176157 176049 6.588
176049 176157 6.588
176049 176065 14.7168
176065 176049 14.7168
176065 176112 17.172
176112 176065 17.172
176112 1864030 19.152
1864030 176112 19.152
1864030 176123 42.588
176123 1864030 42.588
176123 176167 27.2736
176167 176123 27.2736
176167 176179 21.2328
176179 176167 21.2328
176179 176056 57.564
176056 176179 57.564
176056 176093 18.4176
176093 176056 18.4176
176093 176104 7.1856
176104 176093 7.1856
176104 61301 11.0016
61301 176104 11.0016
60133 60134 56.592
60134 60133 56.592
60189 60190 10.5012
60190 60189 10.5012
60190 161634 9.6228
161634 60190 9.6228
161634 60191 6.8292
60191 161634 6.8292
60191 60192 9.5292
60192 60191 9.5292
61301 61302 46.0728
61302 61301 46.0728
61302 60111 20.412
60111 61302 20.412
60111 184244 9.2016
184244 60111 9.2016
184244 184238 14.7168
184238 184244 14.7168
184238 184163 48.8736
184163 184238 48.8736
184163 184189 50.6376
184189 184163 50.6376
184189 184158 71.8632
184158 184189 71.8632
184158 184203 21.276
184203 184158 21.276
184203 184187 21.3912
184187 184203 21.3912
184187 184176 32.5872
184176 184187 32.5872
184176 184126 28.62
184126 184176 28.62
184126 200753 34.5456
200753 184126 34.5456
200753 184224 8.5104
184224 200753 8.5104
184224 184234 22.2624
184234 184224 22.2624
184234 60112 15.8904
60112 184234 15.8904
61562 105035 9.6718
105035 61562 9.6718
105035 105348 1.3471
105348 105035 1.3471
105348 61563 2.9794
61563 105348 2.9794
61563 61564 0.9619
61564 61563 0.9619
61564 61565 0.6775
61565 61564 0.6775
43350 62768 137.8584
62768 43350 137.8584
54769 309337 63.9648
309337 54769 63.9648
309337 309336 69.336
309336 309337 69.336
309336 62793 68.8464
62793 309336 68.8464
62793 62809 46.8288
62809 62793 46.8288
62809 62794 58.3848
62794 62809 58.3848
62794 62795 56.1816
62795 62794 56.1816
62795 62796 131.0184
62796 62795 131.0184
62796 62797 157.7736
62797 62796 157.7736
62797 62798 34.7688
62798 62797 34.7688
62798 62799 22.6224
62799 62798 22.6224
62799 55417 18.7272
55417 62799 18.7272
55417 176650 6.3144
176650 55417 6.3144
1953227 1056561 0.2911
1056561 103980 0.7745
103980 1056559 0.918
1056559 62937 0.5616
62937 62938 0.4073
62938 62939 0.2433
62939 62957 0.3189
62957 62940 0.2628
62940 62956 0.2587
62956 103850 0.2597
103850 62941 0.2782
58753 62947 0.8223
62947 58753 0.8223
62947 105326 0.2633
105326 62947 0.2633
105326 58754 7.9395
58754 105326 7.9395
58754 218866 0.1589
218866 58754 0.1589
218866 105063 5.095
105063 218866 5.095
105063 58755 1.4508
58755 105063 1.4508
62962 1185413 11.2032
1185413 62962 11.2032
1185413 62963 27.6192
62963 1185413 27.6192
62963 1185417 14.37
1185417 62963 14.37
1185417 62964 16.8324
62964 1185417 16.8324
62964 1185416 1.614
1185416 62964 1.614
1185416 62965 4.8888
62965 1185416 4.8888
62965 1185414 2.61
1185414 62965 2.61
1185414 1185415 2.3448
1185415 1185414 2.3448
1185415 62966 2.0016
62966 1185415 2.0016
62966 105362 8.8968
105362 62966 8.8968
105362 62967 0.6768
62967 105362 0.6768
176650 571976 81.4536
571976 176650 81.4536
77218 71573 13.7376
71573 77218 13.7376
71581 835179 11.628
835179 71581 11.628
835179 68450 6.6096
68450 835179 6.6096
68450 68451 7.9488
68451 68450 7.9488
68451 68452 41.5656
68452 68451 41.5656
68452 68453 19.656
68453 68452 19.656
68453 68454 17.0712
68454 68453 17.0712
68454 68455 33.516
68455 68454 33.516
68455 68456 12.1032
68456 68455 12.1032
68456 68457 16.9632
68457 68456 16.9632
68457 68458 19.1448
68458 68457 19.1448
68458 68459 9.0288
68459 68458 9.0288
68459 68460 5.9832
68460 68459 5.9832
68460 68461 10.44
68461 68460 10.44
68461 68462 15.2496
68462 68461 15.2496
68462 68463 15.9696
68463 68462 15.9696
68463 68464 15.3504
68464 68463 15.3504
68464 68465 14.832
68465 68464 14.832
68465 68466 21.6648
68466 68465 21.6648
68466 68467 10.9656
68467 68466 10.9656
68467 68468 11.2392
68468 68467 11.2392
68468 68469 14.256
68469 68468 14.256
68469 68470 14.2776
68470 68469 14.2776
68470 68471 26.3448
68471 68470 26.3448
68471 68472 22.9824
68472 68471 22.9824
68472 68473 8.6976
68473 68472 8.6976
68473 68474 12.5856
68474 68473 12.5856
68474 68475 17.5968
68475 68474 17.5968
68475 68476 20.6064
68476 68475 20.6064
68476 68477 20.0448
68477 68476 20.0448
68477 68478 17.208
68478 68477 17.208
68478 68479 7.7904
68479 68478 7.7904
68479 68480 25.7112
68480 68479 25.7112
68480 68481 36.432
68481 68480 36.432
68481 68482 16.8984
68482 68481 16.8984
68482 68483 20.1888
68483 68482 20.1888
68483 68484 3.5568
68484 68483 3.5568
68484 68485 27.6768
68485 68484 27.6768
68485 68486 13.1256
68486 68485 13.1256
68486 68487 27.5472
68487 68486 27.5472
316362 2015984 11.5848
2015984 316362 11.5848
316362 316386 14.4864
316386 316362 14.4864
316386 71573 26.4312
71573 316386 26.4312
71573 71574 18.9072
71574 71573 18.9072
71574 71575 21.4416
71575 71574 21.4416
71575 71576 34.2144
71576 71575 34.2144
71576 71577 15.3648
71577 71576 15.3648
71577 71578 14.5296
71578 71577 14.5296
71578 1572285 16.524
1572285 71578 16.524
1572285 71579 24.4008
71579 1572285 24.4008
71579 1572284 22.5504
1572284 71579 22.5504
1572284 71580 38.3616
71580 1572284 38.3616
71580 71581 38.16
71581 71580 38.16
68491 68529 14.3352
68529 68491 14.3352
68529 68530 23.616
68530 68529 23.616
68530 68531 39.8736
68531 68530 39.8736
68531 68532 33.588
68532 68531 33.588
68532 68483 24.1632
68483 68532 24.1632
68530 68492 17.3808
68492 68530 17.3808
2015988 983750 10.8
983750 2015988 10.8
983750 68753 21.5568
68753 983750 21.5568
68753 68754 10.512
68754 68753 10.512
68754 280854 48.9744
280854 68754 48.9744
280854 68755 39.7728
68755 280854 39.7728
68755 965637 91.692
965637 68755 91.692
965637 173310 78.372
173310 965637 78.372
173310 68757 22.5792
68757 173310 22.5792
68757 965622 2.8584
965622 68757 2.8584
965622 68756 2.8368
68756 965622 2.8368
7011 360199 6.8688
360199 7011 6.8688
360199 783429 2.2464
783429 360199 2.2464
783429 7004 5.0616
7004 783429 5.0616
2015998 1953964 1.309
1953964 302671 0.6458
302671 637987 0.301
637987 967798 1.5116
967798 1026002 0.9212
1026002 333990 2.4473
333990 479 2.3476
75361 2016066 86.9256
2016066 75361 86.9256
75580 75581 0.36
75581 75580 0.36
75581 788922 0.5026
788922 75581 0.5026
788922 75582 0.4615
75582 788922 0.4615
75582 75583 0.9842
75583 75582 0.9842
75583 1647623 0.7927
1647623 75583 0.7927
1647623 75584 0.8381
75584 1647623 0.8381
75584 1647624 0.7488
1647624 75584 0.7488
1647624 75585 0.7668
75585 1647624 0.7668
75585 1647625 0.7848
1647625 75585 0.7848
1647625 75586 0.7049
75586 1647625 0.7049
75586 1647626 1.0879
1647626 75586 1.0879
1647626 75587 1.1354
75587 1647626 1.1354
75593 75594 2.169
75594 687842 1.1772
687842 75595 1.656
75595 75596 5.076
75596 75597 1.305
75597 75598 2.5236
81949 551298 9.0444
551298 81949 9.0444
551298 81950 8.3544
81950 551298 8.3544
81950 551289 2.5884
551289 81950 2.5884
81951 1190940 1.0044
1190940 81951 1.0044
1190940 81952 31.62
81952 1190940 31.62
81952 551304 0.8412
551304 81952 0.8412
551304 551303 1.0332
551303 551304 1.0332
551303 1900799 1.8264
1900799 551303 1.8264
1900799 1900797 5.6304
1900797 1900799 5.6304
1900797 1900796 2.1996
1900796 1900797 2.1996
1900796 1900803 1.4784
1900803 1900796 1.4784
1900803 1900804 7.332
1900804 1900803 7.332
1900804 1900794 1.7808
1900794 1900804 1.7808
1900794 551294 3.5292
551294 1900794 3.5292
551294 551300 2.028
551300 551294 2.028
81953 1190938 41.0808
1190938 81953 41.0808
1190938 81954 8.0328
81954 1190938 8.0328
28327 430406 17.9928
430406 28327 17.9928
430406 430405 1.7076
430405 430406 1.7076
430405 81961 2.388
81961 430405 2.388
81961 430403 7.344
430403 81961 7.344
430403 81962 5.2488
81962 430403 5.2488
81962 81963 11.3244
81963 81962 11.3244
81961 81964 22.2036
81964 81961 22.2036
81965 1185451 3.7092
1185451 81965 3.7092
1185451 81964 9.4188
81964 1185451 9.4188
81964 81966 9.966
81966 81964 9.966
28329 81974 11.9844
81974 28329 11.9844
81974 81971 1.92
81971 81974 1.92
81971 81967 8.9964
81967 81971 8.9964
81967 81970 4.4424
81970 81967 4.4424
81970 81968 13.4748
81968 81970 13.4748
81969 81970 13.8972
81970 81969 13.8972
81966 81971 23.718
81971 81966 23.718
81972 81973 14.5008
81973 81972 14.5008
81973 81974 13.0644
81974 81973 13.0644
82088 207263 3.5028
207263 82088 3.5028
207263 116409 1.5192
116409 207263 1.5192
116409 82089 4.2084
82089 116409 4.2084
82089 82092 33.12
82090 1567621 1.854
1567621 82090 1.854
1567621 1284032 10.4832
1284032 1567621 10.4832
1284032 161925 8.424
161925 1284032 8.424
161925 116005 12.7116
116005 161925 12.7116
116005 82092 22.9392
82092 116005 22.9392
221148 221149 5.256
221149 165129 11.1276
165129 165130 9.9108
165130 82095 3.9924
82095 82099 7.3188
82099 82096 14.3532
82096 165131 10.7856
165131 165132 5.9256
165132 221150 8.5284
82095 82097 15.534
82097 82095 15.534
82097 82098 6.7248
82098 82097 6.7248
82098 82099 15.3216
82099 82098 15.3216
82936 82937 10.44
82937 82938 6.2064
82938 82939 7.2792
82939 82940 11.5344
82940 82941 30.348
82941 82942 6.7896
82942 82943 19.0656
82943 82944 12.168
58773 82922 1.462
82922 104057 3.7188
104057 62934 0.6358
1515569 2016262 27.3816
2016262 1515569 27.3816
104331 43388 22.8528
43388 104331 22.8528
43388 1893502 14.9472
1893502 43388 14.9472
1893502 1893503 19.6344
1893503 1893502 19.6344
1893503 43389 40.5144
43389 1893503 40.5144
43389 43390 158.3856
43390 43389 158.3856
43390 2016266 15.372
2016266 43390 15.372
98849 520971 21.0456
520971 98849 21.0456
520971 1283113 1.6236
1283113 520971 1.6236
1283113 691210 1.6236
691210 1283113 1.6236
104804 1056552 2.1759
1056552 104804 2.1759
1056552 1521611 2.7026
1521611 1056552 2.7026
1521611 983753 0.9231
983753 1521611 0.9231
983753 103907 0.2777
103907 983753 0.2777
103907 103385 1.6884
103385 103907 1.6884
103385 706160 1.2631
706160 103385 1.2631
706160 62955 2.6254
62955 706160 2.6254
62955 105331 0.4536
105331 62955 0.4536
105331 105330 0.4341
105330 105331 0.4341
105330 58751 0.3775
58751 105330 0.3775
103385 1654036 35.3088
1654036 103385 35.3088
1654036 103911 9.1368
103911 1654036 9.1368
103911 103386 79.2864
103386 103911 79.2864
103386 103920 105.0984
103920 103386 105.0984
103920 103919 7.4016
103919 103920 7.4016
103913 103845 3.2904
103845 103913 3.2904
103845 104764 1.1004
104764 103845 1.1004
104764 1056529 7.6008
1056529 104764 7.6008
1056529 103923 7.8624
103923 1056529 7.8624
103923 103846 4.6332
103846 103923 4.6332
103846 103908 11.9268
103908 103846 11.9268
103908 103909 1.176
103909 103908 1.176
103909 105069 3.2244
105069 103909 3.2244
105069 58768 4.6464
58768 105069 4.6464
103952 103848 3.4956
103848 103952 3.4956
103848 104777 0.8928
104777 103848 0.8928
104777 103939 8.0316
103939 104777 8.0316
103939 103937 3.0132
103937 103939 3.0132
103937 103944 3.408
103944 103937 3.408
103944 104774 4.1784
104774 103944 4.1784
104774 58759 1.7028
58759 104774 1.7028
103847 105342 0.696
105342 103847 0.696
105342 103946 5.2224
103946 105342 5.2224
103946 105939 0.846
105939 103946 0.846
105939 1056533 2.6076
1056533 105939 2.6076
1056533 104781 10.8684
104781 1056533 10.8684
104781 103849 0.9216
103849 104781 0.9216
103849 103959 3.54
103959 103849 3.54
103864 105075 0.4608
105075 103864 0.4608
105075 287086 6.2028
287086 105075 6.2028
287086 551142 12.5762
551142 287086 12.5762
551142 61562 2.0974
61562 551142 2.0974
48782 103896 36.036
103896 48782 36.036
103896 1513204 22.7304
1513204 103896 22.7304
1513204 103897 21.6288
103897 1513204 21.6288
103897 1513203 16.4448
1513203 103897 16.4448
1513203 103898 17.0568
103898 1513203 17.0568
103898 103899 38.412
103899 103898 38.412
103899 103900 12.2832
103900 103899 12.2832
103900 103901 13.5792
103901 103900 13.5792
103901 103902 19.7568
103902 103901 19.7568
103902 103903 10.5912
103903 103902 10.5912
103903 103904 18.5976
103904 103903 18.5976
58774 973554 4.0781
973554 58774 4.0781
973554 103864 1.1822
103864 973554 1.1822
103905 1791140 1.6812
1791140 103905 1.6812
1791140 103906 0.7452
103906 1791140 0.7452
103906 1589553 2.4528
1589553 103906 2.4528
1589553 103907 1.3164
103907 1589553 1.3164
103961 105344 5.1084
105344 103961 5.1084
105344 1296566 2.466
1296566 105344 2.466
1296566 103968 21.888
103968 1296566 21.888
103968 103969 4.7844
103969 103968 4.7844
103969 103972 9.1188
103972 103969 9.1188
103972 1296562 4.3128
1296562 103972 4.3128
1296562 103973 1.8036
103973 1296562 1.8036
103973 103979 29.6064
103979 103973 29.6064
103979 105355 11.1096
105355 103979 11.1096
105355 103978 5.2056
103978 105355 5.2056
103981 105365 3.1752
105365 103981 3.1752
105365 103974 13.212
103974 105365 13.212
103974 307553 2.5812
307553 103974 2.5812
307553 103976 4.7808
103976 307553 4.7808
103909 103910 17.514
103910 103909 17.514
103910 1175301 11.2788
1175301 103910 11.2788
1175301 329615 1.9692
329615 1175301 1.9692
103949 103950 11.6604
103950 103949 11.6604
103950 103951 12.0744
103951 103950 12.0744
103951 103919 30.6432
103919 103951 30.6432
103911 103914 23.4792
103914 103911 23.4792
103914 103915 9.4248
103915 103914 9.4248
103912 1654035 12.7224
1654035 103912 12.7224
1654035 103916 63.4464
103916 1654035 63.4464
103916 103917 16.1676
103917 103916 16.1676
103917 103918 9.8532
103918 103917 9.8532
103918 103948 38.6244
103948 103918 38.6244
103948 103950 10.8648
103950 103948 10.8648
103923 105336 2.106
105336 103923 2.106
105336 103925 23.166
103925 105336 23.166
103925 103930 1.9944
103930 103925 1.9944
103930 1295085 1.3644
1295085 103930 1.3644
1295085 103931 0.8532
103931 1295085 0.8532
103931 1295073 2.6028
1295073 103931 2.6028
1295073 1295094 13.3272
1295094 1295073 13.3272
1295094 1295077 2.9664
1295077 1295094 2.9664
1295077 103934 3.8412
103934 1295077 3.8412
103934 103935 1.962
103935 103934 1.962
103935 103936 2.3616
103936 103935 2.3616
103936 103938 10.962
103938 103936 10.962
103938 103937 10.6956
103937 103938 10.6956
103943 105340 10.8972
105340 103943 10.8972
105340 103941 1.2168
103941 105340 1.2168
103941 103942 3.0276
103942 103941 3.0276
103942 103928 26.2296
103928 103942 26.2296
103928 103927 3.7548
103927 103928 3.7548
103927 105337 2.0052
105337 103927 2.0052
105337 103926 4.8672
103926 105337 4.8672
103926 103922 4.9104
103922 103926 4.9104
103922 104767 13.1544
104767 103922 13.1544
104767 103924 2.3832
103924 104767 2.3832
103929 105338 5.238
105338 103929 5.238
105338 1295096 4.86
1295096 105338 4.86
1295096 103931 3.7152
103931 1295096 3.7152
103939 103940 10.9764
103940 103939 10.9764
103940 1295076 6.6456
1295076 103940 6.6456
1295076 103938 2.5056
103938 1295076 2.5056
103944 105341 1.2204
105341 103944 1.2204
105341 103945 1.1952
103945 105341 1.1952
103945 103947 28.8612
103947 103945 28.8612
103947 252069 1.098
252069 103947 1.098
252069 103946 1.0512
103946 252069 1.0512
103976 104583 13.6188
104583 103976 13.6188
104583 103970 35.3196
103970 104583 35.3196
103970 103957 13.3704
103957 103970 13.3704
103952 104776 5.1732
104776 103952 5.1732
104776 103949 25.5492
103949 104776 25.5492
103949 103953 17.0604
103953 103949 17.0604
103959 104780 5.2812
104780 103959 5.2812
104780 103955 32.0796
103955 104780 32.0796
103955 103956 3.7368
103956 103955 3.7368
103956 103954 21.6612
103954 103956 21.6612
103954 103958 6.678
103958 103954 6.678
103958 103957 4.3704
103957 103958 4.3704
103957 103964 19.2312
103964 103957 19.2312
103964 103963 2.6784
103963 103964 2.6784
103963 103962 1.2636
103962 103963 1.2636
103962 105343 31.0968
105343 103962 31.0968
105343 103960 5.1804
103960 105343 5.1804
103969 104581 3.9528
104581 103969 3.9528
104581 103977 62.5032
103977 104581 62.5032
103977 1296561 3.8304
1296561 103977 3.8304
103968 1296567 7.3224
1296567 103968 7.3224
1296567 103967 20.0376
103967 1296567 20.0376
103967 103966 6.9984
103966 103967 6.9984
103971 103964 41.8824
103964 103971 41.8824
466600 104010 110.2176
104010 466600 110.2176
104010 252070 40.3128
252070 104010 40.3128
252070 104011 47.4408
104011 252070 47.4408
104011 104012 76.7088
104012 104011 76.7088
104012 104013 49.9032
104013 104012 49.9032
104013 104014 116.1576
104014 104013 116.1576
104014 104015 85.0464
104015 104014 85.0464
104015 466608 21.42
466608 104015 21.42
466608 696886 15.2784
696886 466608 15.2784
696886 104017 5.0616
104017 696886 5.0616
104017 104019 47.8296
104019 104017 47.8296
104019 104020 50.4288
104020 104019 50.4288
104020 104021 71.3016
104021 104020 71.3016
104021 104023 41.5512
104023 104021 41.5512
104023 104024 39.6648
104024 104023 39.6648
104024 104025 39.9312
104025 104024 39.9312
104025 104026 35.964
104026 104025 35.964
104026 104027 76.8312
104027 104026 76.8312
104027 105161 62.5248
105161 104027 62.5248
104008 104009 47.952
104009 104008 47.952
62966 104022 2.094
104022 62966 2.094
104022 104028 11.8884
104028 104022 11.8884
104028 104029 11.6232
104029 104028 11.6232
104029 104030 1.6308
104030 104029 1.6308
104030 104031 2.0388
104031 104030 2.0388
104031 104032 2.1204
104032 104031 2.1204
104032 104033 13.6548
104033 104032 13.6548
104033 104034 8.2248
104034 104033 8.2248
104034 104039 6.0768
104039 104034 6.0768
104047 1778287 3.6792
1778287 104047 3.6792
1778287 1145394 1.4472
1145394 1778287 1.4472
1145394 104053 37.2924
104053 1145394 37.2924
104053 105366 2.7072
105366 104053 2.7072
105366 104054 7.5456
104054 105366 7.5456
105135 104622 5.7804
104622 105135 5.7804
104048 1778284 2.9556
1778284 104048 2.9556
1778284 1145396 1.9152
1145396 1778284 1.9152
1145396 1145399 34.3836
1145399 1145396 34.3836
1145399 378435 2.1312
378435 1145399 2.1312
378435 104050 5.7636
104050 378435 5.7636
104049 104789 4.284
104789 104049 4.284
104789 380493 21.348
380493 104789 21.348
380493 378484 14.1804
378484 380493 14.1804
378484 378374 12.0132
378374 378484 12.0132
378374 1145398 1.9404
1145398 378374 1.9404
1145398 1145397 32.5656
1145397 1145398 32.5656
1145397 1778285 2.7324
1778285 1145397 2.7324
1778285 378379 3.3336
378379 1778285 3.3336
104052 1778283 3.24
1778283 104052 3.24
1778283 104056 35.4708
104056 1778283 35.4708
104056 104054 5.6088
104054 104056 5.6088
104054 104055 6.2388
104055 104054 6.2388
104058 1056498 8.1924
1056498 104058 8.1924
1056498 104762 12.2808
104762 1056498 12.2808
104762 191196 1.6236
191196 104762 1.6236
191196 191193 1.9512
191193 191196 1.9512
191193 104763 2.514
104763 191193 2.514
104763 103912 8.6448
103912 104763 8.6448
103974 105361 49.932
105361 103974 49.932
104582 104616 9.3384
104616 104582 9.3384
104616 104617 9.4608
104617 104616 9.4608
104617 104620 7.8336
104620 104617 7.8336
104620 104618 4.0896
104618 104620 4.0896
104618 104619 11.4696
104619 104618 11.4696
104619 104615 16.6608
104615 104619 16.6608
859626 1897558 8.3664
1897558 859626 8.3664
1897558 104579 5.8608
104579 1897558 5.8608
104579 104578 7.9128
104578 104579 7.9128
104578 104576 7.4448
104576 104578 7.4448
104576 104577 12.8448
104577 104576 12.8448
104577 104587 25.9632
104587 104577 25.9632
