74789
102712 2956 0.4892
404636 404637 1.2522
404637 404638 1.6242
404638 404645 2.2122
404645 748527 0.1182
748527 404651 1.437
404651 404657 1.467
102712 961003 1.7616
961003 1345207 2.8284
1345207 2015195 14.4414
3393 83835 0.2549
83835 3393 0.2549
83835 206095 0.2297
206095 83835 0.2297
206095 83834 0.1192
83834 206095 0.1192
83834 630729 1.8709
630729 83834 1.8709
630729 474104 1.3741
474104 630729 1.3741
474104 1447478 4.5536
1447478 474104 4.5536
1447478 1447491 1.6214
1447491 1447478 1.6214
1447491 83838 0.3751
83838 1447491 0.3751
83838 630730 2.8494
630730 83838 2.8494
630730 1447512 1.031
1447512 630730 1.031
1447512 2015199 0.8842
2015199 1447512 0.8842
2956 961000 0.5262
3060 83823 3.5094
83823 102684 1.824
102684 3059 1.6272
3059 83822 2.7552
83822 3058 1.9266
5001 5002 5.4936
5002 5003 1.92
5003 5004 1.6932
5004 5005 2.0088
5005 226413 1.626
226413 5006 1.5264
5006 5007 2.0544
5007 226439 2.1396
226439 5008 1.7604
5008 5009 1.1484
5009 695663 1.0032
695663 226422 1.5024
226422 5010 1.9032
5010 695662 1.1364
695662 5011 1.0536
5011 765557 1.104
765557 226450 1.854
404739 404736 0.1159
404736 404733 0.1274
404733 404726 0.1354
404726 404715 0.1411
404715 404704 0.4748
404704 404701 0.1418
404701 404697 0.1145
404697 404693 0.1015
404693 404692 0.0824
404692 404688 0.0781
404688 404682 0.0821
404682 404671 0.1044
9967 829593 1.3161
829593 9967 1.3161
829593 117442 4.6774
117442 829593 4.6774
117442 120466 3.2251
120466 117442 3.2251
120466 120482 4.2603
120482 120466 4.2603
120482 9974 1.4138
9974 120482 1.4138
199061 151366 1.0289
151366 199061 1.0289
9971 199065 1.6265
199065 9971 1.6265
199065 199061 0.1667
199061 199065 0.1667
9986 2015275 0.3794
2015275 9986 0.3794
9986 9987 2.8116
9987 9986 2.8116
9987 9988 2.3177
9988 9987 2.3177
9988 9989 2.5315
9989 9988 2.5315
9989 10023 2.6554
10023 9989 2.6554
151195 9980 1.027
9980 151195 1.027
9980 9979 5.2874
9979 9980 5.2874
9979 9978 3.4971
9978 9979 3.4971
9978 199058 0.7802
199058 9978 0.7802
199058 9977 0.5817
9977 199058 0.5817
9977 9976 1.2384
9976 9977 1.2384
9976 9975 1.2173
9975 9976 1.2173
9975 10001 1.0522
10001 9975 1.0522
10001 10000 1.5984
10000 10001 1.5984
10000 9999 1.0836
9999 10000 1.0836
9999 9998 1.2276
9998 9999 1.2276
9998 9997 1.315
9997 9998 1.315
9997 9996 1.6241
9996 9997 1.6241
9996 9995 1.7069
9995 9996 1.7069
9995 9994 2.611
9994 9995 2.611
9994 9993 2.2942
9993 9994 2.2942
9993 9992 2.0916
9992 9993 2.0916
9992 9991 3.4509
9991 9992 3.4509
9991 9990 2.4454
9990 9991 2.4454
9990 10023 1.9332
10023 9990 1.9332
10023 10022 4.5859
10022 10023 4.5859
10022 10021 8.7259
10021 10022 8.7259
10021 10020 0.7035
10020 10021 0.7035
10020 10019 0.8666
10019 10020 0.8666
10019 10018 1.0774
10018 10019 1.0774
10018 10017 1.567
10017 10018 1.567
10017 2015277 4.0968
2015277 10017 4.0968
226690 226691 1.6146
226691 226692 1.6554
226692 11880 3.6108
11880 28857 0.9864
28857 11879 0.828
11879 122220 0.8202
122220 28858 1.0542
28858 54486 1.2438
54486 11877 3.7884
11877 28855 0.8946
28855 28856 0.7266
28856 122226 0.7626
122226 11795 0.6336
11795 54487 3.2196
54487 11793 0.5454
11793 11792 0.5892
11792 122737 0.5748
122737 122734 0.4578
122734 122733 0.5586
122733 122736 0.8526
122736 11884 1.2984
11833 642945 0.8501
642945 11833 0.8501
642945 321726 4.8996
321726 642945 4.8996
321726 280897 1.2096
280897 321726 1.2096
280897 280901 2.1178
280901 280897 2.1178
280901 642940 0.2242
642940 280901 0.2242
642940 155354 2.6393
155354 642940 2.6393
155354 642939 1.1211
642939 155354 1.1211
642939 11832 0.1034
11832 642939 0.1034
53664 321613 1.6218
321613 53664 1.6218
321613 1342902 2.0331
1342902 321613 2.0331
1342902 642932 11.1834
642932 1342902 11.1834
642932 18440 2.7954
18440 642932 2.7954
18440 11837 13.0545
11837 18440 13.0545
11837 11838 8.3313
11838 11837 8.3313
11838 1695223 1.2564
1695223 11838 1.2564
1695223 642930 2.6199
642930 1695223 2.6199
642930 1695222 2.1006
1695222 642930 2.1006
1695222 11839 2.1006
11839 1695222 2.1006
11839 1695224 2.5965
1695224 11839 2.5965
1695224 11840 3.9816
11840 1695224 3.9816
11840 316950 3.7044
316950 11840 3.7044
316950 316978 7.911
316978 316950 7.911
316978 642929 5.4405
642929 316978 5.4405
642929 316964 1.9638
316964 642929 1.9638
316964 11841 5.6205
11841 316964 5.6205
11841 319390 3.0087
319390 11841 3.0087
319390 11842 1.6362
11842 319390 1.6362
11842 1923406 2.4147
1923406 11842 2.4147
1923406 319330 7.0794
319330 1923406 7.0794
319330 11843 2.6181
11843 319330 2.6181
11843 319304 5.3244
319304 11843 5.3244
319304 677153 7.5717
677153 319304 7.5717
677153 11844 4.6656
11844 677153 4.6656
11844 319379 1.5354
319379 11844 1.5354
319379 1546745 0.2808
1546745 319379 0.2808
1546745 319303 4.2363
319303 1546745 4.2363
319303 642928 0.9297
642928 319303 0.9297
642928 11845 2.7684
11845 642928 2.7684
11845 11821 1.7595
11821 11845 1.7595
11856 1656375 1.7431
1656375 11856 1.7431
1656375 11855 3.8801
11855 1656375 3.8801
11855 1656374 2.7418
1656374 11855 2.7418
1656374 11854 1.0469
11854 1656374 1.0469
11854 1656373 0.985
1656373 11854 0.985
1656373 11853 1.0274
11853 1656373 1.0274
11853 105615 1.0526
105615 11853 1.0526
105615 11852 2.8778
11852 105615 2.8778
11852 966894 32.2783
966894 11852 32.2783
966894 110631 37.9044
110631 966894 37.9044
11859 321678 0.2563
321678 11859 0.2563
321678 1357407 0.8046
1357407 321678 0.8046
1357407 11858 0.4752
11858 1357407 0.4752
11858 11857 0.5926
11857 11858 0.5926
11857 321680 0.8654
321680 11857 0.8654
321680 321672 2.4808
321672 321680 2.4808
321672 1695233 0.5652
1695233 321672 0.5652
1695233 321707 0.8042
321707 1695233 0.8042
321707 679753 3.1669
679753 321707 3.1669
679753 11848 0.4986
11848 679753 0.4986
199243 1032807 0.7771
1032807 199243 0.7771
1032807 29216 0.3096
29216 1032807 0.3096
29216 679215 1.2281
679215 29216 1.2281
91963 122735 0.9012
122735 11885 0.54
11885 122727 0.4932
122727 122729 0.5328
122729 122732 0.498
122732 28865 0.4788
28865 226649 0.5256
226649 122728 0.5028
122728 54481 0.6072
54481 54483 0.6534
54483 54482 0.6942
54482 11886 6.9864
11886 226618 0.5574
226618 122717 0.5346
122717 11887 0.5478
11887 122745 0.6972
122745 226694 0.9732
226687 226688 1.5576
226688 122219 0.9528
122219 11895 0.6996
11895 122746 0.5082
122746 28853 0.7602
28853 54492 3.5022
54492 122755 1.0386
122755 54493 0.6774
2015317 54493 0.558
11900 642950 1.5182
642950 11900 1.5182
642950 11902 1.1021
11902 642950 1.1021
11902 18427 3.7353
18427 11902 3.7353
18427 280889 2.8574
280889 18427 2.8574
280889 231283 0.1198
231283 280889 0.1198
231283 1337989 2.1852
1337989 231283 2.1852
1337989 155355 3.3017
155355 1337989 3.3017
155355 1386493 1.4914
1386493 155355 1.4914
1386493 1742654 1.9903
1742654 1386493 1.9903
1742654 11903 0.4665
11903 1742654 0.4665
53666 11906 2.8908
11906 231258 2.8188
231258 664688 9.8424
664688 11907 1.6668
11907 11908 3.4164
11908 199242 4.446
15755 683683 0.6005
683683 15755 0.6005
683683 15648 0.4763
15648 683683 0.4763
15648 683710 0.7502
683710 15648 0.7502
683710 1695161 0.7999
1695161 683710 0.7999
1695161 847893 1.0458
847893 1695161 1.0458
847893 1309923 0.203
1309923 847893 0.203
1309923 1695159 2.3252
1695159 1309923 2.3252
1695159 293770 0.0666
293770 1695159 0.0666
293770 683711 0.5292
683711 293770 0.5292
683711 1695160 0.2653
1695160 683711 0.2653
1695160 1502618 0.4057
1502618 1695160 0.4057
1502618 998468 0.9252
998468 1502618 0.9252
998468 998476 1.4926
998476 998468 1.4926
998476 934802 0.5292
934802 998476 0.5292
934802 1983499 0.1656
1983499 934802 0.1656
1983499 754482 0.5832
754482 1983499 0.5832
754482 998474 0.4694
998474 754482 0.4694
998474 1983500 0.0835
1983500 998474 0.0835
1983500 1502625 0.1026
1502625 1983500 0.1026
1502625 15647 0.878
15647 1502625 0.878
15647 998472 0.7517
998472 15647 0.7517
998472 15664 4.0396
15664 998472 4.0396
404647 748524 0.2444
748524 404651 0.2581
404651 748520 0.2502
748520 102670 0.2174
102670 748531 0.4662
748531 404668 1.6855
404668 404709 1.4767
14316 14318 25.331
14317 404728 1.9274
14318 14311 1.647
14319 14317 25.285
404675 404672 0.1127
404672 404675 0.1127
404672 404670 0.1242
404670 404672 0.1242
404670 404673 0.1282
404673 404670 0.1282
404673 404677 0.1458
404677 404673 0.1458
404677 404686 0.1213
404686 404677 0.1213
404686 404689 0.149
404689 404686 0.149
404689 404695 0.175
404695 404689 0.175
404695 404720 0.9684
404720 404695 0.9684
404720 404727 0.1397
404727 404720 0.1397
404727 404741 0.4939
404741 404727 0.4939
404741 404749 0.3463
404749 404741 0.3463
404749 404755 0.2675
404755 404749 0.2675
404755 404761 0.2797
404761 404755 0.2797
404761 404767 0.4788
404767 404761 0.4788
404767 404774 0.6739
404774 404767 0.6739
404774 404776 0.657
404776 404774 0.657
404776 404791 2.5996
404791 404776 2.5996
404791 678624 0.3805
678624 404791 0.3805
678624 678625 0.2941
678625 678624 0.2941
678625 404807 0.2891
404807 678625 0.2891
404675 404679 0.1123
404679 404687 0.1199
404687 404691 0.1217
404691 404694 0.1285
404694 1808141 0.04
1808141 1808137 0.0547
1808137 404699 0.0356
404699 404702 0.1217
404702 404705 0.1062
404705 404706 0.0785
404706 404707 0.0706
404707 404708 0.0684
404708 404709 0.0925
404728 404724 0.1048
404724 404722 0.1116
404722 404719 0.112
404719 404716 0.1213
404716 404713 0.1339
404713 404714 0.13
404714 404717 0.14
404717 404721 0.1292
404721 404725 0.1076
404725 404729 0.0994
404729 404732 0.0846
404732 404734 0.0778
404734 404737 0.0835
404737 404739 0.1015
404807 404808 0.1505
404808 404807 0.1505
404808 404809 0.0943
404809 404808 0.0943
404809 404810 0.086
404810 404809 0.086
404810 404811 0.0828
404811 404810 0.0828
404811 404812 0.1397
404812 404811 0.1397
404812 14321 0.9648
14321 404812 0.9648
14321 404818 0.6052
404818 14321 0.6052
404668 404669 0.1379
404669 404674 0.1044
404674 404676 0.1228
404676 404680 0.1328
404680 404683 0.1307
404683 1808138 0.0515
1808138 404685 0.0752
404685 404684 0.1076
404684 404681 0.1192
404681 404675 0.3668
14324 404897 0.0918
404897 404899 0.0968
404899 404900 0.1033
404900 404902 0.1159
404902 404904 0.1559
404904 404903 0.1224
404903 404901 0.1368
404901 404898 0.1346
404898 404896 0.1368
404896 404893 0.1271
404893 404890 0.1138
404890 404887 0.1062
404887 404885 0.1152
404885 404883 0.1001
404883 404879 0.1001
404879 404877 0.0986
404877 404875 0.0882
404875 404872 0.0889
404872 404871 0.0961
404871 404868 0.103
404868 14312 0.1314
14311 404862 0.1714
404862 404864 0.1667
404864 404865 0.1253
404865 404866 0.1213
404866 404869 0.1213
404869 14325 0.1141
14325 404867 0.1152
404867 14326 0.1462
14326 14327 0.1735
14327 404863 0.148
404863 14328 0.149
14328 404859 0.1415
404859 404857 0.1447
404857 404856 0.1609
404856 14329 0.1289
14329 404854 0.1199
404854 14330 0.1508
15801 71535 6.4071
71535 15732 12.7935
15732 1962764 4.9212
1962764 71533 4.8924
71533 1962695 17.8929
1962695 644304 3.4407
644304 15731 0.6723
14344 404835 0.3471
404835 14343 0.2813
14343 404833 0.3034
404833 404830 0.3137
404830 14342 0.2669
14342 404828 0.253
404828 404826 0.3209
5024 5001 3.537
15805 15731 6.2218
15731 15805 6.2218
14332 636671 0.361
636671 14332 0.361
636671 388020 1.4138
388020 636671 1.4138
388020 49758 3.8278
49758 388020 3.8278
49758 1583330 3.5841
1583330 49758 3.5841
1583330 934840 4.4475
934840 1583330 4.4475
934840 49759 0.6825
49759 934840 0.6825
49759 387686 1.1196
387686 49759 1.1196
387686 834163 1.5357
834163 387686 1.5357
834163 684400 0.6593
684400 834163 0.6593
15747 649696 1.1004
649696 15747 1.1004
649696 388021 3.3528
388021 649696 3.3528
388021 49757 8.1984
49757 388021 8.1984
49757 15748 5.0112
15748 49757 5.0112
15748 1583339 3.1836
1583339 15748 3.1836
1583339 1583334 0.6708
1583334 1583339 0.6708
1583334 934869 4.0392
934869 1583334 4.0392
934869 934871 6.3132
934871 934869 6.3132
934871 15749 1.3608
15749 934871 1.3608
15749 15750 8.1948
15750 15749 8.1948
15750 1289663 7.7916
1289663 15750 7.7916
1289663 15751 3.9996
15751 1289663 3.9996
15751 15752 2.9844
15752 15751 2.9844
15752 15753 2.5692
15753 15752 2.5692
15753 1289667 0.6336
1289667 15753 0.6336
1289667 15754 3.3192
15754 1289667 3.3192
15754 387689 10.212
387689 15754 10.212
387689 1637317 2.3364
1637317 387689 2.3364
1637317 1687957 0.2856
1687957 1637317 0.2856
1687957 683689 0.9504
683689 1687957 0.9504
683689 683704 1.0212
683704 683689 1.0212
683704 15755 0.9804
15755 683704 0.9804
15765 1198461 8.6256
1198461 15765 8.6256
1198461 15766 13.1004
15766 1198461 13.1004
15766 683657 3.0456
683657 15766 3.0456
683657 683637 13.0572
683637 683657 13.0572
683637 15767 3.6756
15767 683637 3.6756
15767 91930 3.9384
91930 15767 3.9384
91930 683624 3.3156
683624 91930 3.3156
683624 15763 1.4508
15763 683624 1.4508
15763 663293 34.1028
663293 15763 34.1028
663293 663292 4.9176
663292 663293 4.9176
663292 663290 14.5044
663290 663292 14.5044
663290 1503067 1.7388
1503067 663290 1.7388
1503067 683703 4.95
683703 1503067 4.95
683703 1455250 2.1492
1455250 683703 2.1492
1455250 683686 17.208
683686 1455250 17.208
683686 15764 2.1492
15764 683686 2.1492
1289651 49800 13.2804
49800 1289651 13.2804
49800 1998420 13.482
1998420 49800 13.482
1998420 1289662 1.998
1289662 1998420 1.998
1289662 1289659 30.4776
1289659 1289662 30.4776
15748 71536 154.836
71536 15748 154.836
2015367 51863 2.6798
51863 2015367 2.6798
51863 18388 8.1763
18388 51863 8.1763
18388 18387 2.9606
18387 18388 2.9606
18387 18386 8.5255
18386 18387 8.5255
18386 18385 1.8367
18385 18386 1.8367
18385 18384 1.3262
18384 18385 1.3262
18384 18383 2.0203
18383 18384 2.0203
18383 18382 11.3436
18382 18383 11.3436
18382 18381 10.9937
18381 18382 10.9937
18381 18380 5.6412
18380 18381 5.6412
18380 18379 3.757
18379 18380 3.757
18379 18378 1.4364
18378 18379 1.4364
18378 18377 5.2214
18377 18378 5.2214
18377 18376 2.3458
18376 18377 2.3458
18376 319285 7.3512
319285 18376 7.3512
319285 18375 3.011
18375 319285 3.011
18375 18374 6.385
18374 18375 6.385
18374 18373 3.6144
18373 18374 3.6144
18373 18372 6.4771
18372 18373 6.4771
18372 319310 7.4383
319310 18372 7.4383
319310 319333 2.7036
319333 319310 2.7036
319333 18371 1.4278
18371 319333 1.4278
18371 18370 6.6053
18370 18371 6.6053
18370 18369 3.87
18369 18370 3.87
18369 143242 1.4623
143242 18369 1.4623
143242 18368 1.5869
18368 143242 1.5869
18368 18367 3.5726
18367 18368 3.5726
18367 319286 16.1791
319286 18367 16.1791
319286 18366 6.0588
18366 319286 6.0588
18366 812637 0.7042
812637 18366 0.7042
18380 18397 9.9216
18397 18380 9.9216
18397 18398 38.7288
18398 18397 38.7288
18398 18399 5.9076
18399 18398 5.9076
18399 131043 4.6368
131043 18399 4.6368
131043 18400 4.0824
18400 131043 4.0824
18400 18401 5.1732
18401 18400 5.1732
18401 18402 5.6304
18402 18401 5.6304
18402 131044 16.6104
131044 18402 16.6104
131044 18403 7.0632
18403 131044 7.0632
18403 18404 17.2476
18404 18403 17.2476
18404 18405 9.1872
18405 18404 9.1872
18405 18406 7.02
18406 18405 7.02
18406 131042 12.294
131042 18406 12.294
131042 18407 13.1292
18407 131042 13.1292
18407 131045 31.1796
131045 18407 31.1796
131045 18408 32.22
18408 131045 32.22
18408 18409 10.6632
18409 18408 10.6632
18409 18410 10.3644
18410 18409 10.3644
18410 18411 106.1028
18411 18410 106.1028
18411 53659 25.5384
53659 18411 25.5384
53659 53660 17.568
53660 53659 17.568
53660 53661 11.3112
53661 53660 11.3112
53661 131041 51.192
131041 53661 51.192
131041 131047 53.6256
131047 131041 53.6256
131047 131049 10.566
131049 131047 10.566
131049 131052 6.9696
131052 131049 6.9696
131052 131050 3.4632
131050 131052 3.4632
131050 131051 5.0004
131051 131050 5.0004
18409 18412 16.7364
18412 18409 16.7364
18412 18413 113.8284
18413 18412 113.8284
18413 131055 8.7912
131055 18413 8.7912
131055 131056 8.3628
131056 131055 8.3628
131056 131057 13.1508
131057 131056 13.1508
131057 18414 11.5668
18414 131057 11.5668
18414 742312 12.9672
742312 18414 12.9672
742312 113647 9.522
113647 742312 9.522
113647 113648 75.654
113648 113647 75.654
11831 677289 0.9804
677289 11831 0.9804
677289 18415 0.5328
18415 677289 0.5328
18415 1493683 2.0076
1493683 18415 2.0076
1493683 18416 2.2092
18416 1493683 2.2092
18416 18417 8.1444
18417 18416 8.1444
18417 814393 4.7364
814393 18417 4.7364
18420 130952 0.9065
130952 18420 0.9065
130952 677293 0.3067
677293 130952 0.3067
677293 18421 0.9511
18421 677293 0.9511
18421 113592 32.2884
113592 18421 32.2884
113592 18422 7.8732
18422 113592 7.8732
18422 18423 5.3849
18423 18422 5.3849
18423 18424 10.5394
18424 18423 10.5394
18424 130960 5.9803
130960 18424 5.9803
130960 131058 9.8114
131058 130960 9.8114
131058 18425 2.0268
18425 131058 2.0268
18425 18426 16.6954
18426 18425 16.6954
11863 319429 1.4904
319429 11863 1.4904
319429 11864 1.968
11864 319429 1.968
11864 319953 4.4328
319953 11864 4.4328
319953 319941 8.712
319941 319953 8.712
319941 320167 6.4128
320167 319941 6.4128
320167 320172 5.4168
320172 320167 5.4168
320172 11865 7.2264
11865 320172 7.2264
11865 679146 0.7056
679146 11865 0.7056
679146 11812 1.1856
11812 679146 1.1856
11834 1116535 0.6696
1116535 11834 0.6696
1116535 321737 0.2787
321737 1116535 0.2787
321737 280893 4.2917
280893 321737 4.2917
280893 1116533 0.2145
1116533 280893 0.2145
1116533 317000 0.3687
317000 1116533 0.3687
317000 1116534 0.3039
1116534 317000 0.3039
1116534 1116532 1.0054
1116532 1116534 1.0054
1116532 321738 0.9339
321738 1116532 0.9339
321738 796011 0.7694
796011 321738 0.7694
796011 679780 5.0215
679780 796011 5.0215
679780 11833 0.6269
11833 679780 0.6269
11812 11813 0.6439
11813 11812 0.6439
11813 11814 1.0435
11814 11813 1.0435
11814 1923397 0.8424
1923397 11814 0.8424
1923397 319937 0.1157
319937 1923397 0.1157
319937 319939 2.8214
319939 319937 2.8214
319939 280836 2.2994
280836 319939 2.2994
280836 280832 0.2561
280832 280836 0.2561
280832 11815 0.4603
11815 280832 0.4603
11797 199249 0.3641
199249 199243 1.9728
11806 11836 0.9525
11836 1056100 1.6591
1056100 11903 3.6077
11903 1056102 0.8923
1056102 11798 1.1546
199252 199242 0.742
199242 1337984 0.5317
1337984 32559 0.3877
321663 321665 27.918
321665 321663 27.918
321665 321664 9.2268
321664 321665 9.2268
321664 679749 4.6908
679749 321664 4.6908
679749 53667 2.9736
53667 679749 2.9736
11821 552327 0.2567
552327 11821 0.2567
552327 53662 0.2639
53662 552327 0.2639
53664 1697429 0.4464
1697429 53664 0.4464
1697429 677185 0.4471
677185 1697429 0.4471
677185 18441 0.5969
18441 677185 0.5969
18441 18442 1.0274
18442 18441 1.0274
18442 1342906 5.6981
1342906 18442 5.6981
1342906 18443 1.0627
18443 1342906 1.0627
18443 1342905 0.9727
1342905 18443 0.9727
1342905 18444 0.9878
18444 1342905 0.9878
18444 666109 6.0278
666109 18444 6.0278
666109 18445 8.5601
18445 666109 8.5601
18445 18446 0.5875
18446 18445 0.5875
18446 18447 5.3834
18447 18446 5.3834
18447 18448 0.491
18448 18447 0.491
18448 998571 3.3214
998571 18448 3.3214
998571 18449 2.6921
18449 998571 2.6921
18449 18450 10.0858
18450 18449 10.0858
18450 18455 2.9801
18455 18450 2.9801
18455 18456 6.241
18456 18455 6.241
18456 18457 1.507
18457 18456 1.507
18457 18458 7.4534
18458 18457 7.4534
18454 18459 4.1904
18459 18454 4.1904
18459 18460 22.32
18460 18459 22.32
18460 18461 14.4216
18461 18460 14.4216
18461 18462 11.5452
18462 18461 11.5452
18462 18463 61.0236
18463 18462 61.0236
18463 18464 38.124
18464 18463 38.124
18464 18468 40.1148
18468 18464 40.1148
18468 18469 25.254
18469 18468 25.254
18469 143231 27.954
143231 18469 27.954
143231 18470 2.1168
18470 143231 2.1168
18470 18471 3.8412
18471 18470 3.8412
18480 18483 9.8568
18483 18480 9.8568
18483 18484 52.2828
18484 18483 52.2828
18484 18485 23.9724
18485 18484 23.9724
18485 18486 26.5104
18486 18485 26.5104
18486 18487 31.0752
18487 18486 31.0752
18487 784793 13.356
784793 18487 13.356
784793 18488 3.6216
18488 784793 3.6216
18488 18489 13.2876
18489 18488 13.2876
18489 18490 41.8464
18490 18489 41.8464
18506 549059 0.3852
549059 18506 0.3852
549059 310948 2.1612
310948 549059 2.1612
310948 549055 0.7704
549055 310948 0.7704
549055 549054 0.7596
549054 549055 0.7596
18506 549060 0.6144
549060 18506 0.6144
549060 549064 0.5784
549064 549060 0.5784
549064 1078298 8.826
1078298 549064 8.826
1078298 549070 0.2172
549070 1078298 0.2172
549070 549071 1.0836
549071 549070 1.0836
549071 18530 0.9012
18530 549071 0.9012
18530 310940 1.614
310940 18530 1.614
310940 549072 1.1244
549072 310940 1.1244
549072 549073 0.7656
549073 549072 0.7656
549073 18531 1.0056
18531 549073 1.0056
18531 18529 1.3008
18529 18531 1.3008
18541 226628 0.7056
226628 54026 0.519
54026 226611 0.5238
226611 18559 0.5568
18559 226653 0.5322
226653 18560 0.6522
18560 54525 7.5336
54525 226658 0.6678
226658 54524 0.8712
18585 226427 3.2652
226427 18586 2.808
18586 18587 2.748
18587 226444 2.3208
226444 18588 2.112
18588 18589 2.25
18589 18590 2.3772
18590 226417 2.4708
226417 18591 2.4708
18591 18592 2.7312
18592 226433 2.1768
226433 768656 1.8936
768656 18593 1.4124
18593 768657 1.7196
768657 226449 1.7184
226449 768660 11.772
18594 763224 2.8812
763224 763223 2.0598
763223 763222 3.3294
763222 763221 4.9548
763221 754185 8.6502
754185 754184 7.0764
754184 754183 4.9044
754183 754182 2.7828
18595 661972 1.4286
661972 645988 0.9186
645988 452526 0.8232
452526 452520 0.8922
452520 452518 1.497
452518 452516 1.2696
452516 452515 2.265
452515 645993 0.8832
645993 452514 0.9312
452514 645991 0.8226
645991 645981 0.8088
645981 645990 0.639
645990 645980 0.8316
645980 18596 1.1028
18596 645989 1.3566
645989 645982 0.7908
645982 645992 0.5904
645992 452513 0.4356
452513 645994 0.4404
645994 1748549 0.3804
1748549 645983 0.402
645983 645984 0.453
645984 645987 0.4638
645987 645986 0.5034
645986 645985 0.6162
645985 1181075 0.7686
1181075 452517 1.98
645970 1469008 0.9864
1469008 1181076 0.4542
1181076 1469009 0.4608
1469009 1181077 0.6024
1181077 18614 1.8384
18614 452530 3.7266
452530 452531 1.2474
452531 452532 0.9612
452532 452533 0.9222
452533 452534 0.9408
452534 1294582 1.3914
1294582 18615 0.8034
133392 1695225 0.3307
1695225 133392 0.3307
1695225 109340 9.487
109340 1695225 9.487
109340 555842 0.7005
555842 109340 0.7005
555842 327235 3.3758
327235 555842 3.3758
327235 18633 1.6318
18633 327235 1.6318
18633 452425 0.7277
452425 18633 0.7277
452425 1695228 0.0597
1695228 452425 0.0597
1695228 1695227 0.3615
1695227 1695228 0.3615
1695227 327221 0.1003
327221 1695227 0.1003
327221 327262 0.4629
327262 327221 0.4629
327262 18634 0.3873
18634 327262 0.3873
18634 89627 0.3405
89627 18634 0.3405
89627 327234 0.6778
327234 89627 0.6778
327234 89626 0.8738
89626 327234 0.8738
89626 474097 11.357
474097 89626 11.357
474097 18635 0.6321
18635 474097 0.6321
18635 474098 0.3497
474098 18635 0.3497
474098 1695215 0.2047
1695215 474098 0.2047
1695215 1695231 0.9411
1695231 1695215 0.9411
1695231 836468 2.6074
836468 1695231 2.6074
836468 18636 0.6429
18636 836468 0.6429
18636 327232 1.2486
327232 18636 1.2486
327232 1160843 1.203
1160843 327232 1.203
1160843 18658 1.4508
18658 1160843 1.4508
18658 18659 12.7704
18659 18658 12.7704
18659 327280 7.863
327280 18659 7.863
327280 18660 9.3828
18660 327280 9.3828
18660 89628 0.7872
89628 18660 0.7872
89628 327244 0.4368
327244 89628 0.4368
327244 1096759 0.4344
1096759 327244 0.4344
1096759 123948 0.4458
123948 1096759 0.4458
123948 327274 0.3756
327274 123948 0.3756
327274 1096777 0.5634
1096777 327274 0.5634
1096777 327309 0.5268
327309 1096777 0.5268
327309 18661 0.5892
18661 327309 0.5892
18661 1695218 0.684
1695218 18661 0.684
1695218 697206 0.6402
697206 1695218 0.6402
697206 114692 0.7176
114692 697206 0.7176
114692 18662 7.2486
18662 114692 7.2486
18662 116381 0.9252
116381 18662 0.9252
116381 18663 0.7986
18663 116381 0.7986
18663 836466 0.8106
836466 18663 0.8106
836466 133112 1.1178
133112 836466 1.1178
133112 176563 4.4784
176563 133112 4.4784
176563 18664 0.7944
18664 176563 0.7944
18664 327287 0.7956
327287 18664 0.7956
327287 18665 2.8386
18665 327287 2.8386
18665 1090177 1.5936
1090177 18665 1.5936
1090177 18670 2.6412
18670 1090177 2.6412
18670 1090176 3.1812
1090176 18670 3.1812
1090176 18671 3.3588
18671 1090176 3.3588
18671 1090188 8.4192
1090188 18671 8.4192
1090188 18672 3.9828
18672 1090188 3.9828
18672 1090180 2.2608
1090180 18672 2.2608
1090180 1090179 2.166
1090179 1090180 2.166
1090179 181926 2.5224
181926 1090179 2.5224
181926 1090190 1.0524
1090190 181926 1.0524
1090190 389220 1.152
389220 1090190 1.152
389220 133136 0.6144
133136 389220 0.6144
133136 18673 1.4532
18673 133136 1.4532
18673 389224 5.916
389224 18673 5.916
389224 18674 4.1892
18674 389224 4.1892
18674 18675 1.5228
18675 18674 1.5228
18675 129729 1.4964
129729 18675 1.4964
129729 129730 1.0824
129730 129729 1.0824
129730 18676 2.9376
18676 129730 2.9376
18676 129728 3.8472
129728 18676 3.8472
129728 129727 4.2444
129727 129728 4.2444
129727 18677 5.088
18677 129727 5.088
18677 18678 4.7172
18678 18677 4.7172
18678 18679 8.0976
18679 18678 8.0976
18679 18680 2.9136
18680 18679 2.9136
1528422 18681 0.4058
18681 195285 0.3543
195285 1724837 0.3096
1724837 18682 0.3343
18682 195283 0.7941
195283 1724839 0.3677
1724839 126343 0.2556
8941 54027 1.9026
54027 695658 1.1045
695658 22724 1.0836
226709 226610 2.9184
226610 226652 0.8568
226652 18558 0.7146
18558 226621 0.8616
226621 18557 1.0212
18557 226640 5.3574
226640 54522 0.9432
54522 226661 0.7326
226661 18556 0.6006
18556 22726 0.6828
22726 226632 1.188
226632 22727 0.6522
22727 18555 0.7692
18555 226646 0.9378
226646 54029 0.9156
32404 32402 1.2606
32402 226647 0.7206
226647 22717 0.5322
22717 226659 0.5262
226659 226616 0.5508
226616 8942 0.7302
8942 226660 3.1926
226660 8943 0.8154
8943 226620 0.561
226620 8944 0.6174
8944 226633 0.6858
226633 226615 0.759
226615 54520 0.8334
54520 226638 1.6338
226638 8945 0.6234
8945 226625 0.6018
226625 8946 0.5532
8946 226645 0.5316
226645 8947 0.6234
8947 226713 1.3998
226713 226712 1.848
226706 226707 2.121
226707 18542 1.554
18542 226650 0.7626
226650 22722 0.768
22722 226631 0.7116
226631 18538 0.8238
18538 226617 0.8412
226617 226606 1.035
226606 54533 1.014
54533 54532 1.0494
54532 226648 0.8988
226648 226662 0.9498
226662 54534 0.9876
54534 226634 2.0928
226634 22723 0.7902
22723 226641 0.6378
226641 22725 0.6702
22725 226655 0.9072
226655 22724 0.9864
23290 1103199 1.1819
1103199 23290 1.1819
1103199 1103197 4.4291
1103197 1103199 4.4291
1103197 1103196 0.7931
1103196 1103197 0.7931
23292 23293 3.3343
23293 23292 3.3343
23293 363197 10.1275
363197 23293 10.1275
363197 23290 2.399
23290 363197 2.399
54503 91963 4.2797
2015385 54503 0.1076
783850 25290 1.544
25290 783850 1.544
102767 102653 0.5595
102653 102767 0.5595
25296 573954 2.4972
573954 25296 2.4972
573954 329939 9.3324
329939 573954 9.3324
329939 329937 15.804
329937 329939 15.804
25347 953668 0.6437
953668 25347 0.6437
953668 926698 1.1693
926698 953668 1.1693
926698 25346 1.0728
25346 926698 1.0728
25350 1560327 0.6022
1560327 25350 0.6022
1560327 25472 5.6381
25472 1560327 5.6381
25472 25473 0.2931
25473 25472 0.2931
25473 1481794 0.2736
1481794 25473 0.2736
1481794 1531788 1.6673
1531788 1481794 1.6673
1531788 1531735 1.6046
1531735 1531788 1.6046
1531735 410894 1.2785
410894 1531735 1.2785
410894 1531789 0.2458
1531789 410894 0.2458
1531789 1961037 0.3739
1961037 1531789 0.3739
1961037 573981 0.9761
573981 1961037 0.9761
573981 1961036 0.8208
1961036 573981 0.8208
1961036 1212082 3.061
1212082 1961036 3.061
1212082 573985 0.6912
573985 1212082 0.6912
573985 1054253 5.1979
1054253 573985 5.1979
1054253 25667 0.5343
25667 1054253 0.5343
25667 1531632 1.4719
1531632 25667 1.4719
1531632 1961034 0.9365
1961034 1531632 0.9365
1961034 1961035 2.3698
1961035 1961034 2.3698
1961035 989582 0.918
989582 1961035 0.918
989582 25474 0.9648
25474 989582 0.9648
25474 329969 0.4356
329969 25474 0.4356
329969 1531790 0.3461
1531790 329969 0.3461
1531790 49037 8.5978
49037 1531790 8.5978
25351 1474857 3.5302
1474857 25351 3.5302
1474857 25472 2.1694
25472 1474857 2.1694
25332 152855 1.5204
152855 25332 1.5204
152855 25518 0.8046
25518 152855 0.8046
25518 185381 1.5054
185381 25518 1.5054
185381 1961003 0.7452
1961003 185381 0.7452
1961003 25517 0.4836
25517 1961003 0.4836
25517 185372 1.1952
185372 25517 1.1952
185372 110399 0.147
110399 185372 0.147
110399 25516 6.693
25516 110399 6.693
25516 1961000 2.3124
1961000 25516 2.3124
1961000 25515 0.3552
25515 1961000 0.3552
25515 110402 0.8268
110402 25515 0.8268
110402 884385 1.0182
884385 110402 1.0182
884385 109960 4.8546
109960 884385 4.8546
109960 25514 4.578
25514 109960 4.578
25514 140658 2.2452
140658 25514 2.2452
140658 140659 1.0794
140659 140658 1.0794
140659 1960998 0.5598
1960998 140659 0.5598
1960998 110405 0.552
110405 1960998 0.552
110405 1960997 0.9156
1960997 110405 0.9156
1960997 25513 0.1824
25513 1960997 0.1824
25513 1960999 2.268
1960999 25513 2.268
1960999 141971 0.606
141971 1960999 0.606
141971 603899 1.3758
603899 141971 1.3758
25516 25519 3.1968
25528 1300953 2.3592
1300953 1102330 0.8292
1102330 1102329 3.0564
1102329 1102328 3.2556
1102328 109915 1.1148
109915 1300950 0.834
1300950 1102327 1.6284
1102327 109927 2.5416
109927 1102322 0.7848
1102322 25527 4.6104
25527 1102318 2.8392
1102318 25526 3.8592
25526 1102315 0.9336
1102315 1248810 3.3228
1248810 25525 2.9184
25525 1102306 0.9108
1102306 1102302 7.5228
1102302 110340 0.8088
110340 1301056 0.4104
1301056 1102299 0.9132
1102299 1102295 4.9212
1102295 1301057 0.2784
1301057 110422 0.6684
110422 1102290 4.8456
1102290 25524 5.5068
25524 25515 3.186
25328 152846 1.5672
152846 25328 1.5672
152846 185354 1.6176
185354 152846 1.6176
185354 1300986 3.9936
1300986 185354 3.9936
1300986 112321 4.4028
112321 1300986 4.4028
112321 43438 12.9468
43438 112321 12.9468
43438 664602 7.4364
664602 43438 7.4364
664602 25528 0.6588
25528 664602 0.6588
25528 1300951 4.836
1300951 25528 4.836
1300951 109911 6.7056
109911 1300951 6.7056
109911 109875 10.884
109875 109911 10.884
109875 1215393 2.58
1215393 109875 2.58
1215393 1300968 8.0028
1300968 1215393 8.0028
1300968 110322 5.5284
110322 1300968 5.5284
110322 43439 2.9748
43439 110322 2.9748
25526 1248803 4.8204
1248803 25526 4.8204
1248803 25533 6.1704
25533 1248803 6.1704
25533 1248809 5.1048
1248809 25533 5.1048
1248809 25525 11.8944
25525 1248809 11.8944
25533 25534 24.7212
25534 25533 24.7212
25534 25535 31.2876
25535 25534 31.2876
27230 603897 0.5454
25335 152850 1.3182
152850 25335 1.3182
152850 698295 2.1864
698295 152850 2.1864
698295 698298 0.57
698298 698295 0.57
698298 658858 3.1734
658858 698298 3.1734
658858 2015395 0.483
2015395 658858 0.483
25583 698258 2.6484
698258 25583 2.6484
698258 25563 3.5736
25563 698258 3.5736
25595 25596 17.8776
25596 25595 17.8776
25596 573952 3.3552
573952 25596 3.3552
573952 25597 2.8152
25597 573952 2.8152
25597 25598 11.9916
25598 25597 11.9916
25598 25599 4.986
25599 25598 4.986
25599 573948 3.0708
573948 25599 3.0708
573948 573949 2.7144
573949 573948 2.7144
573949 573955 1.7892
573955 573949 1.7892
573955 25600 2.2968
25600 573955 2.2968
25600 25601 4.3992
25601 25600 4.3992
25601 25602 3.1788
25602 25601 3.1788
25598 1722024 6.0156
1722024 25603 1.3896
25604 1721998 1.0584
1721998 25597 6.0084
25605 1481124 3.366
1481124 25606 3.258
25606 25607 24.138
25607 1481123 4.3848
1481123 25608 3.1824
25606 25609 14.1408
25609 25610 17.8596
25610 573988 7.3332
573988 25607 10.5984
701746 1474941 7.7076
1474941 780940 3.9456
780940 25609 1.3752
25611 25613 5.202
25614 1481121 3.366
1481121 25614 3.366
1481121 939717 2.0988
939717 1481121 2.0988
939717 25615 15.8616
25615 939717 15.8616
25615 25616 1.278
25616 25615 1.278
25618 939721 4.3128
939721 25618 4.3128
939721 25619 18.6696
25619 939721 18.6696
939716 25619 26.4492
25619 939716 26.4492
25619 25616 44.298
25616 25619 44.298
18613 648889 4.5284
648889 1748803 4.6066
1748803 1748802 3.7724
1748802 457503 1.9706
25667 1074431 7.8804
1074431 25667 7.8804
1074431 1212088 20.9268
1212088 1074431 20.9268
1212088 1433810 7.3152
1433810 1212088 7.3152
1433810 25668 2.2032
25668 1433810 2.2032
25668 1531634 7.5888
1531634 25668 7.5888
1531634 1433811 11.4156
1433811 1531634 11.4156
1433811 1213904 1.8396
1213904 1433811 1.8396
1213904 410903 3.4056
410903 1213904 3.4056
410903 1213905 1.4184
1213905 410903 1.4184
1213905 1433812 11.79
1433812 1213905 11.79
1433812 1213903 1.3644
1213903 1433812 1.3644
1213903 1433813 3.2436
1433813 1213903 3.2436
1433813 1213902 2.0448
1213902 1433813 2.0448
1213902 1214683 21.2904
1214683 1213902 21.2904
1214683 25669 5.6592
25669 1214683 5.6592
25670 1212098 7.5096
1212098 25670 7.5096
1212098 676398 17.2476
676398 1212098 17.2476
676398 61876 1.7316
61876 676398 1.7316
61876 676397 1.7244
676397 61876 1.7244
676397 676379 10.4292
676379 676397 10.4292
676379 61877 1.4796
61877 676379 1.4796
61877 676396 1.5732
676396 61877 1.5732
676396 676387 3.708
676387 676396 3.708
676387 61878 1.116
61878 676387 1.116
61878 676392 1.1772
676392 61878 1.1772
676392 61879 7.0668
61879 676392 7.0668
61879 1212097 11.6964
1212097 61879 11.6964
1212097 61880 7.5636
61880 1212097 7.5636
329952 676381 10.0512
676381 329952 10.0512
676381 25672 0.9108
25672 676381 0.9108
25672 676394 0.792
676394 25672 0.792
676394 676400 2.07
676400 676394 2.07
676400 25673 2.2896
25673 676400 2.2896
25673 676393 1.224
676393 25673 1.224
676393 1214654 7.1892
1214654 676393 7.1892
1214654 676383 0.774
676383 1214654 0.774
676383 25674 1.188
25674 676383 1.188
25674 676388 1.4364
676388 25674 1.4364
676388 25675 1.8288
25675 676388 1.8288
25675 916493 14.4
916493 25675 14.4
25675 916494 3.258
916494 25675 3.258
916494 1214640 9.7488
1214640 916494 9.7488
1214640 25677 24.138
25677 1214640 24.138
25677 329955 1.6128
329955 25677 1.6128
329955 1212096 12.5316
1212096 329955 12.5316
25474 113985 2.4036
113985 25474 2.4036
113985 541027 6.1908
541027 113985 6.1908
541027 541026 5.3376
541026 541027 5.3376
541026 25754 5.1504
25754 541026 5.1504
25755 1062782 1.8576
1062782 25755 1.8576
1062782 25758 0.9168
25758 1062782 0.9168
25758 1664629 0.7692
1664629 25758 0.7692
1664629 1484357 3.03
1484357 1664629 3.03
1484357 910467 2.5464
910467 1484357 2.5464
910467 1484372 7.164
1484372 910467 7.164
1484372 673203 11.0004
673203 1484372 11.0004
673203 1664633 3.4416
1664633 673203 3.4416
1664633 1484412 0.8004
1484412 1664633 0.8004
1484412 1664635 1.494
1664635 1484412 1.494
1664635 1484396 2.274
1484396 1664635 2.274
1484396 673199 2.8464
673199 1484396 2.8464
673199 1484410 0.2844
1484410 673199 0.2844
1484410 994460 1.3608
994460 1484410 1.3608
994460 25759 0.9564
25759 994460 0.9564
25759 1062777 1.044
1062777 25759 1.044
1062777 25760 0.9576
25760 1062777 0.9576
25760 59922 0.8004
59922 25760 0.8004
59922 1664637 1.506
1664637 59922 1.506
1664637 25761 2.502
25761 1664637 2.502
25761 1225638 4.3008
1225638 25761 4.3008
1225638 1225652 1.5204
1225652 1225638 1.5204
1225652 1225656 11.6652
1225656 1225652 11.6652
1225656 25762 1.3764
25762 1225656 1.3764
25762 25763 1.4592
25763 25762 1.4592
25763 25764 1.9092
25764 25763 1.9092
25764 1664638 10.7904
1664638 25764 10.7904
1664638 1225672 2.802
1225672 1664638 2.802
1225672 673198 3.114
673198 1225672 3.114
673198 1483985 10.4748
1483985 673198 10.4748
1483985 935508 3.69
935508 1483985 3.69
935508 916800 1.566
916800 935508 1.566
916800 1664639 0.5976
1664639 916800 0.5976
1664639 25765 1.458
25765 1664639 1.458
935511 973625 2.4192
973625 935511 2.4192
973625 25767 6.3072
25767 973625 6.3072
25772 672935 1.1391
672935 25772 1.1391
672935 561390 2.8821
561390 672935 2.8821
561390 672942 0.2983
672942 561390 0.2983
672942 672932 3.9806
672932 672942 3.9806
672932 561392 0.1533
561392 672932 0.1533
561392 25771 4.0778
25771 561392 4.0778
25771 1010017 0.7473
1010017 25771 0.7473
1010017 25770 0.7905
25770 1010017 0.7905
25770 1637445 1.1057
1637445 25770 1.1057
1637445 617081 2.8486
617081 1637445 2.8486
617081 954072 0.6845
954072 617081 0.6845
954072 672933 0.4248
672933 954072 0.4248
672933 954071 0.36
954071 672933 0.36
954071 728244 4.1837
728244 954071 4.1837
728244 702283 7.7426
702283 728244 7.7426
702283 672944 2.3817
672944 702283 2.3817
672944 25557 0.5544
25557 672944 0.5544
25557 672951 0.5626
672951 25557 0.5626
672951 696998 2.2999
696998 672951 2.2999
696998 718303 1.9409
718303 696998 1.9409
718303 697006 0.2695
697006 718303 0.2695
697006 748621 3.8304
748621 697006 3.8304
748621 697459 0.577
697459 748621 0.577
697459 700649 0.8568
700649 697459 0.8568
700649 71020 1.9049
71020 700649 1.9049
71020 674420 2.2639
674420 71020 2.2639
674420 102669 0.5775
102669 674420 0.5775
25774 1673536 2.2505
1673536 25775 1.2765
25775 777794 0.5883
777794 777795 0.4906
777795 25776 0.4958
25776 25777 0.5415
25777 1673543 3.419
1673543 25778 0.4845
25773 618835 1.2626
618835 25774 1.0322
25781 25784 0.6773
25784 1536135 0.2211
1536135 25785 0.1795
25785 25786 0.3559
25786 25773 0.5395
25778 664046 0.6999
664046 25787 0.2304
25787 25788 0.4942
25788 25780 0.4017
25772 664738 0.3538
664738 25772 0.3538
664738 739934 3.0909
739934 664738 3.0909
739934 674789 1.4086
674789 739934 1.4086
674789 618942 1.5377
618942 674789 1.5377
618942 125347 4.6137
125347 618942 4.6137
125347 672948 3.2107
672948 125347 3.2107
672948 672940 3.9991
672940 672948 3.9991
672940 129298 0.9771
129298 672940 0.9771
129298 2013436 2.5817
2013436 129298 2.5817
2013436 2013440 1.0671
2013440 2013436 1.0671
2013440 618850 0.5333
618850 2013440 0.5333
618850 2013437 1.3011
2013437 618850 1.3011
2013437 1673520 4.951
1673520 2013437 4.951
1673520 1551483 0.3878
1551483 1673520 0.3878
1551483 654664 0.8275
654664 1551483 0.8275
654664 25773 0.2649
25773 654664 0.2649
25772 670317 0.7179
670317 25772 0.7179
670317 616443 4.0042
616443 670317 4.0042
616443 25789 0.9843
25789 616443 0.9843
25789 25790 1.513
25790 25789 1.513
25790 25791 2.3739
25791 25790 2.3739
25791 616165 2.1384
616165 25791 2.1384
616165 25792 2.6856
25792 616165 2.6856
25792 25793 2.2217
25793 25792 2.2217
25793 25794 3.258
25794 25793 3.258
25787 664028 0.2602
664028 25787 0.2602
664028 654666 0.7329
654666 664028 0.7329
654666 675093 0.1774
675093 654666 0.1774
675093 160542 0.4207
160542 675093 0.4207
25556 672937 0.7627
672937 25556 0.7627
672937 1194215 7.5934
1194215 672937 7.5934
1194215 102809 1.387
102809 1194215 1.387
102809 638176 4.1019
638176 102809 4.1019
638176 102664 1.5665
102664 638176 1.5665
102664 102807 0.4299
102807 102664 0.4299
25800 1011020 4.6044
1011020 25800 4.6044
1011020 25801 16.8228
25801 1011020 16.8228
25801 25802 1.8972
25802 25801 1.8972
25802 1011016 44.4708
1011016 25802 44.4708
1011016 25803 4.914
25803 1011016 4.914
25803 918084 37.0224
918084 25803 37.0224
918084 25804 0.9036
25804 918084 0.9036
25804 25805 34.4916
25805 25804 34.4916
25805 71014 3.1032
71014 25805 3.1032
71014 25806 4.5036
25806 71014 4.5036
25806 25825 19.7928
25825 25806 19.7928
25825 1484811 8.8056
1484811 25825 8.8056
1484811 25807 3.2976
25807 1484811 3.2976
25807 535640 1.6452
535640 25807 1.6452
535640 535641 3.9672
535641 535640 3.9672
535641 535643 5.9364
535643 535641 5.9364
25803 25807 30.132
25807 25803 30.132
25805 25808 11.376
25808 25805 11.376
25808 114087 6.822
114087 25808 6.822
114087 25809 27.8712
25809 114087 27.8712
25809 25804 11.844
25804 25809 11.844
25804 25830 10.2204
25830 25804 10.2204
25830 25831 18.3528
25831 25830 18.3528
25831 25825 17.4204
25825 25831 17.4204
1615925 573993 0.3009
573993 1615925 0.3009
573993 1742900 0.1774
1742900 573993 0.1774
1742900 25349 0.5117
25349 1742900 0.5117
25349 48898 1.0887
48898 25349 1.0887
48898 1963447 0.7354
1963447 48898 0.7354
1963447 25350 0.8928
25350 1963447 0.8928
11801 11808 1.0497
11808 11809 0.7066
11809 642936 0.6336
642936 11810 0.5302
11800 231774 0.361
231774 11801 0.2654
121092 1137994 8.7732
1137994 1009097 0.81
1009097 1753053 0.9684
1753053 28849 1.2492
28849 1753070 1.4904
1753070 1753069 1.9836
1753069 1753061 2.772
2015425 54498 2.43
2015427 122750 0.491
122750 11891 0.7819
11891 11892 1.1326
11892 11893 4.3279
11893 28854 0.8179
28854 11894 0.5738
11894 122747 0.895
122747 226689 1.5048
28850 11790 0.2574
11790 28859 0.615
28859 11791 0.711
11791 11794 1.101
11794 54490 3.246
54490 122223 0.7614
