20782
2015369 1964647 3.7098
1964647 2015369 3.7098
1964647 165394 8.0006
165394 1964647 8.0006
165394 1964648 7.7238
1964648 165394 7.7238
1964648 1964649 1.7536
1964649 1964648 1.7536
1964649 18744 0.4511
18744 1964649 0.4511
18744 1227365 0.8381
1227365 18744 0.8381
1227365 18745 1.4936
18745 1227365 1.4936
18745 18746 2.1449
18746 18745 2.1449
18746 18747 2.2702
18747 18746 2.2702
18747 311077 1.3133
311077 18747 1.3133
311077 18748 1.1992
18748 311077 1.1992
18748 310947 1.2841
310947 18748 1.2841
310947 18749 1.417
18749 310947 1.417
18749 18750 8.4737
18750 18749 8.4737
18750 1941126 2.0563
1941126 18750 2.0563
1941126 713598 0.652
713598 1941126 0.652
713598 18751 2.646
18751 713598 2.646
18751 214597 1.201
214597 18751 1.201
214597 18752 0.967
18752 214597 0.967
18752 1941128 0.5234
1941128 18752 0.5234
1941128 18753 0.3784
18753 1941128 0.3784
18753 94662 1.4641
94662 18753 1.4641
94662 18754 1.206
18754 94662 1.206
18754 1632739 3.1802
1632739 18754 3.1802
1632739 18755 0.1264
18755 1632739 0.1264
18755 237372 4.4417
237372 18755 4.4417
237372 18756 2.5409
18756 237372 2.5409
18756 578303 4.6156
578303 18756 4.6156
578303 18757 4.2415
18757 578303 4.2415
18757 713597 0.8568
713597 18757 0.8568
713597 578301 1.868
578301 713597 1.868
578301 18758 0.5011
18758 578301 0.5011
18758 578290 0.6869
578290 18758 0.6869
578290 18759 1.435
18759 578290 1.435
18759 1941133 1.2038
1941133 18759 1.2038
1941133 18760 1.2182
18760 1941133 1.2182
18760 237481 4.5428
237481 18760 4.5428
18763 18764 0.6995
18764 18763 0.6995
18764 1941144 7.6378
1941144 18764 7.6378
1941144 18765 0.4025
18765 1941144 0.4025
18765 312325 7.7094
312325 18765 7.7094
312325 713596 1.5124
713596 312325 1.5124
713596 713595 0.698
713595 713596 0.698
713595 18766 0.4324
18766 713595 0.4324
18766 1227367 0.9673
1227367 18766 0.9673
1227367 713594 2.552
713594 1227367 2.552
713594 312370 4.4194
312370 713594 4.4194
312370 18767 0.2869
18767 312370 0.2869
18767 145580 0.8708
145580 18767 0.8708
145580 18768 1.1858
18768 145580 1.1858
18768 578285 0.5418
578285 18768 0.5418
578285 18769 0.49
18769 578285 0.49
18769 578286 0.5951
578286 18769 0.5951
578286 18770 2.1139
18770 578286 2.1139
18770 18771 1.0534
18771 18770 1.0534
18771 416497 1.6132
416497 18771 1.6132
416497 1941168 0.4684
1941168 416497 0.4684
1941168 18772 0.9612
18772 1941168 0.9612
18772 18773 7.2176
18773 18772 7.2176
18773 310962 2.1611
310962 18773 2.1611
310962 18774 2.0426
18774 310962 2.0426
18774 1941170 3.8855
1941170 18774 3.8855
1941170 18775 1.355
18775 1941170 1.355
18775 78191 1.0948
78191 18775 1.0948
992330 2015485 1.7056
2015485 992330 1.7056
992330 106869 1.8844
106869 992330 1.8844
106869 31121 11.81
31121 106869 11.81
31121 31122 3.8096
31122 31121 3.8096
31122 31123 2.9832
31123 31122 2.9832
31123 31124 2.912
31124 31123 2.912
31124 106804 1.888
106804 31124 1.888
106804 31023 1.2968
31023 106804 1.2968
31023 1345978 4.812
1345978 31023 4.812
1345978 31024 5.6528
31024 1345978 5.6528
31024 31025 5.7772
31025 31024 5.7772
31025 31026 6.942
31026 31025 6.942
31026 31027 1.4024
31027 31026 1.4024
78167 1927196 10.4604
1927196 78167 10.4604
1927196 1371289 6.642
1371289 1927196 6.642
1371289 1656444 1.2456
1656444 1371289 1.2456
1656444 1483928 1.2396
1483928 1656444 1.2396
1483928 414573 6.8076
414573 1483928 6.8076
414573 110908 3.7476
110908 414573 3.7476
110908 110907 1.962
110907 110908 1.962
1748319 2015609 5.8806
2015609 1748319 5.8806
1748319 28021 5.3438
28021 1748319 5.3438
28021 836205 2.4034
836205 28021 2.4034
836205 1489026 1.0267
1489026 836205 1.0267
1489026 145601 1.2935
145601 1489026 1.2935
145601 28022 1.5782
28022 145601 1.5782
28022 836204 1.5062
836204 28022 1.5062
836204 28023 0.787
28023 836204 0.787
28023 1001078 1.9152
1001078 28023 1.9152
1001078 1269073 1.0012
1269073 1001078 1.0012
1269073 1269064 0.3582
1269064 1269073 0.3582
1269064 28024 3.848
28024 1269064 3.848
28024 1762016 1.3032
1762016 28024 1.3032
1762016 512503 0.1804
512503 1762016 0.1804
512503 644046 0.3456
644046 512503 0.3456
644046 1762017 1.5854
1762017 644046 1.5854
1762017 1181475 0.2786
1181475 1762017 0.2786
1181475 1762021 0.9072
1762021 1181475 0.9072
1762021 1762028 1.4627
1762028 1762021 1.4627
1762028 1001084 0.0857
1001084 1762028 0.0857
1001084 3124 0.549
3124 1001084 0.549
55286 427645 12.2594
427645 55286 12.2594
427645 55287 7.5269
55287 427645 7.5269
55287 55288 7.4952
55288 55287 7.4952
55288 748696 5.6203
748696 55288 5.6203
748696 748694 4.4158
748694 748696 4.4158
748694 55302 7.6176
55302 748694 7.6176
55302 1198138 2.8361
1198138 55302 2.8361
1198138 1198141 2.191
1198141 1198138 2.191
1198141 1198144 7.0049
1198144 1198141 7.0049
1198144 1198137 5.5714
1198137 1198144 5.5714
1198137 1198146 1.561
1198146 1198137 1.561
1198146 1198145 3.1817
1198145 1198146 3.1817
1198145 1198139 1.1038
1198139 1198145 1.1038
1198139 1198142 1.0786
1198142 1198139 1.0786
1198142 55303 4.4986
55303 1198142 4.4986
55303 1198143 5.8025
1198143 55303 5.8025
1198143 1198140 2.6971
1198140 1198143 2.6971
1198140 55304 3.4366
55304 1198140 3.4366
55304 55305 9.9245
55305 55304 9.9245
55305 55306 1.8266
55306 55305 1.8266
55306 55307 1.7201
55307 55306 1.7201
55307 55308 5.0573
55308 55307 5.0573
55308 1198191 3.7404
1198191 55308 3.7404
1198191 55309 0.6703
55309 1198191 0.6703
55309 55310 6.5952
55310 55309 6.5952
55310 1198207 2.9081
1198207 55310 2.9081
1198207 55311 1.1102
55311 1198207 1.1102
55311 55312 4.2638
55312 55311 4.2638
55312 411826 3.2753
411826 55312 3.2753
411826 111146 4.5958
111146 411826 4.5958
111146 55313 0.4198
55313 111146 0.4198
55313 55314 6.9264
55314 55313 6.9264
55314 1198188 0.3766
1198188 55314 0.3766
1198188 55315 1.4422
55315 1198188 1.4422
55315 111161 1.8929
111161 55315 1.8929
111161 55316 0.4176
55316 111161 0.4176
55316 55317 1.7942
55317 55316 1.7942
55317 55318 1.157
55318 55317 1.157
55318 55319 2.4804
55319 55318 2.4804
55319 55320 1.2067
55320 55319 1.2067
55320 55321 1.8612
55321 55320 1.8612
55321 1198199 1.8274
1198199 55321 1.8274
1198199 55322 1.5502
55322 1198199 1.5502
55322 55323 0.8352
55323 55322 0.8352
55323 55324 1.566
55324 55323 1.566
55324 55325 3.1846
55325 55324 3.1846
55325 55326 1.3378
55326 55325 1.3378
55326 55327 0.7754
55327 55326 0.7754
55327 55328 0.8201
55328 55327 0.8201
55328 55329 4.5756
55329 55328 4.5756
55329 55330 1.2017
55330 55329 1.2017
55330 55331 2.5898
55331 55330 2.5898
55331 55332 2.1794
55332 55331 2.1794
55332 106757 2.4048
106757 55332 2.4048
106757 55333 0.7142
55333 106757 0.7142
55333 55334 4.0111
55334 55333 4.0111
55334 55335 2.7367
55335 55334 2.7367
55335 706121 2.0059
706121 55335 2.0059
706121 706122 2.4098
706122 706121 2.4098
706122 55336 5.197
55336 706122 5.197
55336 706125 2.687
706125 55336 2.687
706125 1483942 2.7014
1483942 706125 2.7014
1483942 1483934 4.5274
1483934 1483942 4.5274
1483934 706124 0.522
706124 1483934 0.522
706124 706123 2.3818
706123 706124 2.3818
706123 55337 1.7179
55337 706123 1.7179
55337 55338 1.3824
55338 55337 1.3824
55338 55339 0.9389
55339 55338 0.9389
55339 55340 1.8432
55340 55339 1.8432
55340 55341 2.0484
55341 55340 2.0484
55341 1811006 1.2514
1811006 55341 1.2514
1811006 55342 0.6422
55342 1811006 0.6422
55342 55343 7.3908
55343 55342 7.3908
75901 846636 2.6789
846636 75901 2.6789
846636 75902 3.4323
75902 846636 3.4323
75902 1730234 0.1389
1730234 75902 0.1389
1730234 75903 1.349
75903 1730234 1.349
75903 75904 1.781
75904 75903 1.781
75904 75905 1.8514
75905 75904 1.8514
75905 75906 1.8098
75906 75905 1.8098
75906 75907 2.7499
75907 75906 2.7499
75907 1817719 1.8293
1817719 75907 1.8293
1817719 75933 0.3893
75933 1817719 0.3893
75933 75908 0.9087
75908 75933 0.9087
75908 75909 2.7118
75909 75908 2.7118
75909 75931 5.5599
75931 75909 5.5599
75931 75910 1.8437
75910 75931 1.8437
75910 1817689 1.3176
1817689 75910 1.3176
1817689 411372 0.1347
411372 1817689 0.1347
411373 1817718 20.952
1817718 411373 20.952
75933 75934 3.2414
75934 75933 3.2414
75934 75935 5.2898
75935 75934 5.2898
75935 1730233 1.5415
1730233 75935 1.5415
1730233 75936 3.1082
75936 1730233 3.1082
75936 75937 2.7216
75937 75936 2.7216
75937 75938 5.891
75938 75937 5.891
31028 75948 1.45
75948 31028 1.45
75948 75949 0.5808
75949 75948 0.5808
75949 49157 0.5924
49157 75949 0.5924
75951 75950 3.6306
75950 75951 3.6306
75950 77607 3.2731
77607 75950 3.2731
77607 77602 8.5532
77602 77607 8.5532
77602 111057 1.2866
111057 77602 1.2866
111057 106752 14.2988
106752 111057 14.2988
106752 31029 9.3618
31029 106752 9.3618
31029 428313 2.3731
428313 31029 2.3731
428313 31030 0.9724
31030 428313 0.9724
31030 31031 1.6668
31031 31030 1.6668
31031 31032 2.002
31032 31031 2.002
31032 111075 1.2078
111075 31032 1.2078
111075 55346 0.2311
55346 111075 0.2311
55346 31033 1.0289
31033 55346 1.0289
31033 31034 2.61
31034 31033 2.61
31034 31035 2.1312
31035 31034 2.1312
31035 31036 2.3137
31036 31035 2.3137
31036 76115 25.961
76115 31036 25.961
76115 182115 0.6959
182115 76115 0.6959
182115 110772 0.4133
110772 182115 0.4133
110772 111023 12.5759
111023 110772 12.5759
111023 1466138 0.1951
1466138 111023 0.1951
1466138 716290 4.0147
716290 1466138 4.0147
716290 661678 2.5398
661678 716290 2.5398
661678 661675 7.9276
661675 661678 7.9276
661675 661674 4.2091
661674 661675 4.2091
661674 1811686 7.9506
1811686 661674 7.9506
1811686 110973 1.5916
110973 1811686 1.5916
110973 1811689 3.1176
1811689 110973 3.1176
1811689 428281 1.1524
428281 1811689 1.1524
428281 182116 0.5389
182116 428281 0.5389
182116 31037 0.3236
31037 182116 0.3236
31037 428649 3.2123
428649 31037 3.2123
428649 661660 1.2413
661660 428649 1.2413
661660 76135 5.2776
76135 661660 5.2776
76135 422161 17.3948
422161 76135 17.3948
422161 111093 3.8045
111093 422161 3.8045
111093 31038 6.4426
31038 111093 6.4426
31038 31039 3.3545
31039 31038 3.3545
76072 75932 10.5696
75932 76072 10.5696
76219 76220 2.5927
76220 76219 2.5927
76220 76221 2.5013
76221 76220 2.5013
76221 76222 4.603
76222 76221 4.603
76222 76223 3.0636
76223 76222 3.0636
76223 411375 2.1226
411375 76223 2.1226
411375 1427886 0.185
1427886 411375 0.185
1427886 1427883 0.6012
1427883 1427886 0.6012
1427883 31048 0.5198
31048 1427883 0.5198
49146 1241230 1.5991
1241230 49146 1.5991
1241230 76080 6.5182
76080 1241230 6.5182
76080 76081 9.4896
76081 76080 9.4896
76081 76082 8.1619
76082 76081 8.1619
76082 1014264 7.6896
1014264 76082 7.6896
1014264 76083 4.7376
76083 1014264 4.7376
76083 76084 5.4641
76084 76083 5.4641
76084 1314434 6.8868
1314434 76084 6.8868
1314434 76085 0.3132
76085 1314434 0.3132
76085 76086 4.8629
76086 76085 4.8629
76086 1350677 2.2234
1350677 76086 2.2234
1350677 76091 1.7734
76091 1350677 1.7734
76091 76087 3.9053
76087 76091 3.9053
76087 1314433 5.0126
1314433 76087 5.0126
1314433 76088 4.8701
76088 1314433 4.8701
76088 76089 1.188
76089 76088 1.188
76091 76092 5.028
76092 76091 5.028
76092 76093 8.5644
76093 76092 8.5644
76093 76094 4.1352
76094 76093 4.1352
76094 76095 9.9108
76095 76094 9.9108
76095 76096 7.5636
76096 76095 7.5636
76096 76097 2.2872
76097 76096 2.2872
76097 76098 2.0952
76098 76097 2.0952
76098 76099 1.5084
76099 76098 1.5084
76099 76100 5.7072
76100 76099 5.7072
76100 76101 2.556
76101 76100 2.556
76101 76102 4.5132
76102 76101 4.5132
76102 76103 4.416
76103 76102 4.416
76103 76104 4.5336
76104 76103 4.5336
76104 76105 3.126
76105 76104 3.126
76105 76106 4.29
76106 76105 4.29
76106 76090 2.5908
76090 76106 2.5908
76115 1241240 3.0096
1241240 76115 3.0096
1241240 76116 13.1227
76116 1241240 13.1227
76117 76118 6.4836
76118 76117 6.4836
76118 76119 3.4942
76119 76118 3.4942
76119 76120 5.1336
76120 76119 5.1336
76120 76121 6.7457
76121 76120 6.7457
76121 76122 3.4783
76122 76121 3.4783
76122 76123 2.0369
76123 76122 2.0369
76123 76124 2.16
76124 76123 2.16
76124 76125 2.5639
76125 76124 2.5639
76125 76116 3.9204
76116 76125 3.9204
76116 76126 2.6575
76126 76116 2.6575
76126 76127 5.1509
76127 76126 5.1509
76127 76128 3.9226
76128 76127 3.9226
76128 76129 2.5942
76129 76128 2.5942
76129 76130 3.4718
76130 76129 3.4718
76130 76131 1.5718
76131 76130 1.5718
76131 76132 0.8662
76132 76131 0.8662
76132 76133 1.3068
76133 76132 1.3068
76133 76134 1.2694
76134 76133 1.2694
31037 76136 1.338
76136 31037 1.338
76136 661677 5.9532
661677 76136 5.9532
661677 76137 3.6648
76137 661677 3.6648
76137 76138 2.6172
76138 76137 2.6172
76138 76139 4.9692
76139 76138 4.9692
76139 76140 4.7868
76140 76139 4.7868
76140 76141 3.63
76141 76140 3.63
76141 76142 3.2532
76142 76141 3.2532
76142 76143 3.192
76143 76142 3.192
76143 76144 3.0648
76144 76143 3.0648
76144 76145 2.4168
76145 76144 2.4168
76145 76146 2.2668
76146 76145 2.2668
76146 76147 2.6064
76147 76146 2.6064
76147 76148 4.428
76148 76147 4.428
76148 76149 5.7924
76149 76148 5.7924
76149 76150 5.7804
76150 76149 5.7804
76150 76151 3.3048
76151 76150 3.3048
76151 76152 3.6456
76152 76151 3.6456
76152 76153 4.116
76153 76152 4.116
76153 76154 3.366
76154 76153 3.366
76154 76155 4.1676
76155 76154 4.1676
76155 76156 3.6756
76156 76155 3.6756
76156 76157 4.3908
76157 76156 4.3908
76157 76158 2.5896
76158 76157 2.5896
76158 76159 1.6416
76159 76158 1.6416
76159 76160 2.9556
76160 76159 2.9556
76160 76161 3.8352
76161 76160 3.8352
76161 76162 3.45
76162 76161 3.45
76162 76163 1.5252
76163 76162 1.5252
76163 76164 2.64
76164 76163 2.64
76164 76165 3.4752
76165 76164 3.4752
76165 76166 3.9192
76166 76165 3.9192
76168 76169 1.0886
76169 76168 1.0886
76169 76170 0.4363
76170 76169 0.4363
76170 76171 1.2946
76171 76170 1.2946
76171 76172 1.4789
76172 76171 1.4789
76172 76173 3.5078
76173 76172 3.5078
76173 76174 1.062
76174 76173 1.062
76174 76175 3.0593
76175 76174 3.0593
76175 76176 2.2766
76176 76175 2.2766
76176 76177 2.9628
76177 76176 2.9628
76177 76178 2.2414
76178 76177 2.2414
76178 76179 2.0952
76179 76178 2.0952
76179 76180 1.9721
76180 76179 1.9721
76180 76181 2.3868
76181 76180 2.3868
76181 76182 1.5178
76182 76181 1.5178
76182 76183 1.7035
76183 76182 1.7035
76183 422160 0.9079
422160 76183 0.9079
422160 76184 0.733
76184 422160 0.733
76184 661659 0.8028
661659 76184 0.8028
661659 76159 0.7114
76159 661659 0.7114
76191 76192 5.8219
76192 76191 5.8219
76192 76193 4.3934
76193 76192 4.3934
76193 76194 3.065
76194 76193 3.065
76194 76195 3.1154
76195 76194 3.1154
76195 76196 3.4063
76196 76195 3.4063
76196 76197 3.4582
76197 76196 3.4582
76197 76198 2.8462
76198 76197 2.8462
76198 76199 1.8079
76199 76198 1.8079
76199 76200 1.7755
76200 76199 1.7755
76200 76201 1.9246
76201 76200 1.9246
76201 422170 1.0217
422170 76201 1.0217
422170 76202 1.9951
76202 422170 1.9951
76202 76203 2.1953
76203 76202 2.1953
76203 76204 2.1794
76204 76203 2.1794
76204 76205 1.831
76205 76204 1.831
76205 76206 1.674
76206 76205 1.674
76206 76207 2.0606
76207 76206 2.0606
76207 76208 1.6121
76208 76207 1.6121
76208 76135 2.443
76135 76208 2.443
76224 76225 6.3022
76225 76224 6.3022
76225 110925 1.3464
110925 76225 1.3464
110925 76226 1.9051
76226 110925 1.9051
76226 76227 2.5049
76227 76226 2.5049
76227 77593 2.7043
77593 76227 2.7043
77593 1350965 1.5631
1350965 77593 1.5631
1350965 77594 1.35
77594 1350965 1.35
77594 76228 4.4021
76228 77594 4.4021
76228 77595 3.6
77595 76228 3.6
77595 76229 1.7381
76229 77595 1.7381
76229 1149820 3.834
1149820 76229 3.834
1149820 76230 5.6232
76230 1149820 5.6232
76230 1350936 2.4286
1350936 76230 2.4286
1350936 1149800 8.1432
1149800 1350936 8.1432
76212 76231 8.2464
76231 76212 8.2464
76231 76232 6.7752
76232 76231 6.7752
76232 76233 2.682
76233 76232 2.682
76233 76234 3.3048
76234 76233 3.3048
76234 76235 3.0072
76235 76234 3.0072
76235 76236 3.7044
76236 76235 3.7044
76236 76237 2.646
76237 76236 2.646
76237 76238 2.7924
76238 76237 2.7924
76238 1350988 0.5916
1350988 76238 0.5916
1350988 76239 2.1432
76239 1350988 2.1432
76239 1350949 0.5976
1350949 76239 0.5976
1350949 1350961 0.7428
1350961 1350949 0.7428
1350961 76240 1.3464
76240 1350961 1.3464
76240 76241 1.2912
76241 76240 1.2912
76241 76242 2.5488
76242 76241 2.5488
76240 76243 3.7908
76243 76240 3.7908
76243 76244 50.4144
76244 76243 50.4144
76244 76245 3.6504
76245 76244 3.6504
76245 1350976 1.9584
1350976 76245 1.9584
1350976 76246 7.038
76246 1350976 7.038
76213 76247 2.8608
76247 76213 2.8608
76247 76248 6.474
76248 76247 6.474
76248 76249 2.4264
76249 76248 2.4264
76249 76250 3.0504
76250 76249 3.0504
76250 76251 2.1624
76251 76250 2.1624
76251 1497901 1.3476
1497901 76251 1.3476
1497901 76252 1.7352
76252 1497901 1.7352
76252 76253 2.3664
76253 76252 2.3664
76253 76254 2.4852
76254 76253 2.4852
76254 76256 5.268
76256 76254 5.268
76256 76257 4.4268
76257 76256 4.4268
76257 76258 1.0164
76258 76257 1.0164
76258 76259 1.1352
76259 76258 1.1352
76259 76260 2.5776
76260 76259 2.5776
76260 76261 10.8576
76261 76260 10.8576
76261 76262 4.7592
76262 76261 4.7592
76262 76263 1.5672
76263 76262 1.5672
76263 76264 1.4712
76264 76263 1.4712
76265 76256 28.2564
76256 76265 28.2564
76266 1811681 5.2668
1811681 76266 5.2668
1811681 1811682 1.452
1811682 1811681 1.452
1811682 76252 25.0296
76252 1811682 25.0296
76264 76267 5.2416
76267 76264 5.2416
76267 76268 7.614
76268 76267 7.614
76268 76269 23.6844
76269 76268 23.6844
76269 76270 13.3056
76270 76269 13.3056
76270 76271 10.6992
76271 76270 10.6992
76271 76272 9.3456
76272 76271 9.3456
76272 76273 6.2748
76273 76272 6.2748
76273 76274 9.846
76274 76273 9.846
76274 76275 7.6968
76275 76274 7.6968
76275 76276 8.8524
76276 76275 8.8524
76276 76277 7.4916
76277 76276 7.4916
76277 154958 7.6788
154958 76277 7.6788
31046 76278 4.1299
76278 31046 4.1299
76278 76279 1.9778
76279 76278 1.9778
76279 76280 0.8791
76280 76279 0.8791
76280 76281 0.5818
76281 76280 0.5818
76281 76282 0.5069
76282 76281 0.5069
76282 76283 1.0843
76283 76282 1.0843
76283 76284 5.8262
76284 76283 5.8262
76284 76285 7.8113
76285 76284 7.8113
76285 76286 0.9058
76286 76285 0.9058
76286 76287 0.5141
76287 76286 0.5141
76287 76288 3.0665
76288 76287 3.0665
76288 76214 3.6994
76214 76288 3.6994
76213 1811677 18.0324
1811677 76213 18.0324
1811677 76289 12.8052
76289 1811677 12.8052
76289 76290 14.4684
76290 76289 14.4684
76290 76291 6.5448
76291 76290 6.5448
76215 1358224 2.3124
1358224 76215 2.3124
1358224 1358222 4.5312
1358222 1358224 4.5312
1358222 76221 7.8456
76221 1358222 7.8456
76292 76293 11.052
76293 76292 11.052
76293 1358225 2.101
1358225 76293 2.101
1358225 1523721 1.7474
1523721 1358225 1.7474
1523721 76294 1.1117
76294 1523721 1.1117
76294 1427898 1.4918
1427898 76294 1.4918
1427898 1427887 3.0017
1427887 1427898 3.0017
1427887 76295 0.7834
76295 1427887 0.7834
76295 846695 1.8655
846695 76295 1.8655
846695 846696 1.3133
846696 846695 1.3133
76293 76306 5.0556
76306 76293 5.0556
76306 1427915 4.8816
1427915 76306 4.8816
1427915 31051 2.0124
31051 1427915 2.0124
76307 76308 15.2112
76308 76307 15.2112
76308 1811662 6.6276
1811662 76308 6.6276
1811662 76309 0.954
76309 1811662 0.954
76309 450234 1.6992
450234 76309 1.6992
450234 76310 5.1024
76310 450234 5.1024
76310 450237 3.8688
450237 76310 3.8688
450237 76292 1.7184
76292 450237 1.7184
76292 76311 16.0968
76311 76292 16.0968
76311 76312 6.93
76312 76311 6.93
76312 76313 2.5488
76313 76312 2.5488
76313 76218 3.8196
76218 76313 3.8196
76313 76314 12.4176
76314 76313 12.4176
76314 76315 4.2576
76315 76314 4.2576
76300 83402 39.5784
83402 76300 39.5784
1350974 76318 35.6328
76318 1350974 35.6328
76318 1350952 4.896
1350952 76318 4.896
1350952 1350978 8.1036
1350978 1350952 8.1036
76319 76320 87.5952
76320 76319 87.5952
76297 1044235 18.6768
1044235 76297 18.6768
1044235 1044236 10.6956
1044236 1044235 10.6956
1044236 76321 7.2792
76321 1044236 7.2792
76321 1351005 1.5372
1351005 76321 1.5372
1351005 76317 4.4724
76317 1351005 4.4724
76317 76322 11.364
76322 76317 11.364
76322 76325 13.1976
76325 76322 13.1976
76326 76299 9.4464
76299 76326 9.4464
76299 76322 13.5432
76322 76299 13.5432
76322 76327 17.826
76327 76322 17.826
76324 76328 3.4608
76328 76324 3.4608
76328 1446957 1.1952
1446957 76328 1.1952
1446957 76329 2.3448
76329 1446957 2.3448
76329 76330 3.1008
76330 76329 3.1008
76330 76331 3.2292
76331 76330 3.2292
76331 76327 7.2348
76327 76331 7.2348
76327 76332 5.1372
76332 76327 5.1372
76332 76333 2.9988
76333 76332 2.9988
76333 76334 5.4456
76334 76333 5.4456
76330 76335 2.3609
76335 76330 2.3609
76335 76336 2.407
76336 76335 2.407
76336 76337 2.1996
76337 76336 2.1996
76337 76338 1.2276
76338 76337 1.2276
76338 76339 0.5206
76339 76338 0.5206
76339 76340 0.9871
76340 76339 0.9871
76340 76341 0.8892
76341 76340 0.8892
76341 76342 1.5718
76342 76341 1.5718
76338 76343 1.6582
76343 76338 1.6582
76343 76344 3.0218
76344 76343 3.0218
76334 76325 15.744
76325 76334 15.744
76325 1350969 17.9784
1350969 76325 17.9784
76326 76346 15.1776
76346 76326 15.1776
76346 76347 20.0736
76347 76346 20.0736
76347 76345 46.5912
76345 76347 46.5912
76345 76348 27.504
76348 76345 27.504
76323 1559579 1.8984
1559579 76323 1.8984
1559579 76349 1.566
76349 1559579 1.566
76349 76350 3.2736
76350 76349 3.2736
76350 76351 4.9356
76351 76350 4.9356
76351 76352 10.9572
76352 76351 10.9572
76352 76353 10.0644
76353 76352 10.0644
76353 76304 4.1904
76304 76353 4.1904
77595 77596 32.7096
77596 77595 32.7096
77596 77597 10.7568
77597 77596 10.7568
77597 77598 13.8132
77598 77597 13.8132
77598 1350937 7.6752
1350937 77598 7.6752
1350937 1149823 18.4356
1149823 1350937 18.4356
1149823 77599 26.4636
77599 1149823 26.4636
77599 1149799 10.1592
1149799 77599 10.1592
1149799 1149798 9.5688
1149798 1149799 9.5688
1149798 77600 35.4924
77600 1149798 35.4924
77600 1350923 5.5944
1350923 77600 5.5944
1350923 77601 22.8528
77601 1350923 22.8528
77602 77629 1.7971
77629 77602 1.7971
77629 77603 2.7569
77603 77629 2.7569
77603 1483968 4.4906
1483968 77603 4.4906
1483968 77604 2.3098
77604 1483968 2.3098
77604 1013276 2.5243
1013276 77604 2.5243
1013276 77605 3.8052
77605 1013276 3.8052
77605 703566 3.1939
703566 77605 3.1939
703566 77606 2.1449
77606 703566 2.1449
77607 77608 9.6768
77608 77607 9.6768
77608 77609 5.4576
77609 77608 5.4576
77609 77610 9.7056
77610 77609 9.7056
77610 77611 6.408
77611 77610 6.408
77611 77612 6.4152
77612 77611 6.4152
77612 77613 3.852
77613 77612 3.852
77613 77614 3.4272
77614 77613 3.4272
77614 77615 10.9296
77615 77614 10.9296
77615 77616 4.716
77616 77615 4.716
77616 77617 8.7264
77617 77616 8.7264
77617 77618 8.1432
77618 77617 8.1432
77618 77619 11.5056
77619 77618 11.5056
77619 77620 15.2424
77620 77619 15.2424
77620 77621 16.02
77621 77620 16.02
77621 77622 12.312
77622 77621 12.312
77622 77623 29.7936
77623 77622 29.7936
77623 77624 25.4376
77624 77623 25.4376
77624 77625 21.9096
77625 77624 21.9096
77625 77626 22.32
77626 77625 22.32
77626 77627 19.7136
77627 77626 19.7136
77627 77628 10.8792
77628 77627 10.8792
77628 77629 7.4232
77629 77628 7.4232
77614 77630 10.9368
77630 77614 10.9368
77630 77631 10.9584
77631 77630 10.9584
77631 77632 6.7464
77632 77631 6.7464
77632 77633 7.848
77633 77632 7.848
77633 2012120 6.3432
2012120 77633 6.3432
2012120 77634 4.8024
77634 2012120 4.8024
77634 77635 7.3512
77635 77634 7.3512
77635 77636 7.3152
77636 77635 7.3152
77636 77637 6.8328
77637 77636 6.8328
77637 77638 8.9136
77638 77637 8.9136
77638 77639 11.2824
77639 77638 11.2824
77639 77640 9.8352
77640 77639 9.8352
77640 77641 6.3216
77641 77640 6.3216
77641 77642 8.4528
77642 77641 8.4528
77642 77643 8.3808
77643 77642 8.3808
77643 77644 7.1064
77644 77643 7.1064
77644 77645 6.9552
77645 77644 6.9552
77645 77646 7.7328
77646 77645 7.7328
77646 77647 10.0944
77647 77646 10.0944
77616 77648 7.6536
77648 77616 7.6536
77648 77649 8.4816
77649 77648 8.4816
77649 77650 11.5488
77650 77649 11.5488
77650 77651 9.144
77651 77650 9.144
77651 77652 6.9984
77652 77651 6.9984
77652 77653 6.8904
77653 77652 6.8904
77653 77654 8.8848
77654 77653 8.8848
77654 77655 7.5672
77655 77654 7.5672
77655 77656 8.5608
77656 77655 8.5608
77656 77657 6.6672
77657 77656 6.6672
77657 77647 6.5448
77647 77657 6.5448
512547 512546 2.0256
512546 512547 2.0256
512546 512545 2.4864
512545 512546 2.4864
512545 512538 5.2308
512538 512545 5.2308
512538 1760446 8.9376
1760446 512538 8.9376
1760446 512530 1.6884
512530 1760446 1.6884
512530 1760445 9.0696
1760445 512530 9.0696
1760445 512523 8.4324
512523 1760445 8.4324
512523 1760447 2.4624
1760447 512523 2.4624
1760447 512521 2.0388
512521 1760447 2.0388
512521 512519 4.8108
512519 512521 4.8108
512519 512517 4.9896
512517 512519 4.9896
512517 512516 3.0264
512516 512517 3.0264
78080 1001089 90.9864
1001089 78080 90.9864
1001089 78081 6.2496
78081 1001089 6.2496
78084 78085 1.0073
78085 78084 1.0073
78085 78086 1.4875
78086 78085 1.4875
78086 78087 2.9606
78087 78086 2.9606
78087 78088 2.0815
78088 78087 2.0815
78088 78089 1.8065
78089 78088 1.8065
78089 78190 1.2499
78190 78089 1.2499
78190 78090 1.5653
78090 78190 1.5653
78090 78091 2.2421
78091 78090 2.2421
78091 78092 2.4854
78092 78091 2.4854
78092 78094 2.1398
78094 78092 2.1398
78094 78093 1.993
78093 78094 1.993
78093 183327 1.5466
183327 78093 1.5466
183327 183325 1.6661
183325 183327 1.6661
183325 183326 6.8407
183326 183325 6.8407
78094 78095 0.4622
78095 78094 0.4622
78095 78096 1.2096
78096 78095 1.2096
78096 78097 1.607
78097 78096 1.607
78097 78098 2.3911
78098 78097 2.3911
78098 78099 0.7387
78099 78098 0.7387
78099 78100 0.3391
78100 78099 0.3391
78099 78101 0.7726
78101 78099 0.7726
78101 78102 1.8108
78102 78101 1.8108
78102 78103 2.623
78103 78102 2.623
78103 78104 0.8683
78104 78103 0.8683
78104 78105 0.8388
78105 78104 0.8388
78105 78106 0.9626
78106 78105 0.9626
78106 78107 2.6734
78107 78106 2.6734
78107 78108 1.4926
78108 78107 1.4926
78108 78109 0.594
78109 78108 0.594
78109 78110 0.9425
78110 78109 0.9425
78110 78111 0.558
78111 78110 0.558
78111 840214 0.5378
840214 78111 0.5378
840214 78112 0.5861
78112 840214 0.5861
78112 840216 0.6106
840216 78112 0.6106
840216 78113 0.6221
78113 840216 0.6221
78113 78114 0.9043
78114 78113 0.9043
78114 78115 0.6732
78115 78114 0.6732
78115 78116 0.5666
78116 78115 0.5666
78116 78173 0.6235
78173 78116 0.6235
78173 78117 0.4622
78117 78173 0.4622
78117 78172 0.5033
78172 78117 0.5033
78172 78118 0.6948
78118 78172 0.6948
78118 78171 0.5098
78171 78118 0.5098
78171 78119 0.4507
78119 78171 0.4507
78119 78120 0.9943
78120 78119 0.9943
78120 344003 0.7229
344003 78120 0.7229
344003 78121 0.4032
78121 344003 0.4032
78122 303221 7.4376
303221 78122 7.4376
303221 78123 26.3376
78123 303221 26.3376
78123 78124 37.6272
78124 78123 37.6272
78124 78125 17.6976
78125 78124 17.6976
78125 78126 6.2352
78126 78125 6.2352
78126 552320 3.708
552320 78126 3.708
78121 78127 2.9952
78127 78121 2.9952
78127 78128 2.5776
78128 78127 2.5776
78128 344004 1.5912
344004 78128 1.5912
344004 78129 0.7272
78129 344004 0.7272
78129 78122 3.5424
78122 78129 3.5424
78130 78131 11.592
78131 78130 11.592
183339 183338 9.0732
183338 183339 9.0732
183338 78132 4.6572
78132 183338 4.6572
78132 78166 26.8188
78166 78132 26.8188
78166 78133 2.4864
78133 78166 2.4864
78133 78134 3.0192
78134 78133 3.0192
78134 78135 4.4712
78135 78134 4.4712
78135 78136 2.4516
78136 78135 2.4516
78136 78154 4.3428
78154 78136 4.3428
78154 78155 3.0864
78155 78154 3.0864
78155 78153 3.8616
78153 78155 3.8616
78131 1656446 1.0644
1656446 78131 1.0644
1656446 1656447 4.0008
1656447 1656446 4.0008
1656447 78132 0.8556
78132 1656447 0.8556
1656430 78141 5.6232
78141 1656430 5.6232
78141 78142 16.0272
78142 78141 16.0272
78142 78143 19.4328
78143 78142 19.4328
78143 78144 6.6168
78144 78143 6.6168
78144 78145 26.7912
78145 78144 26.7912
78145 78146 9.9
78146 78145 9.9
78146 78147 31.032
78147 78146 31.032
78147 78148 34.02
78148 78147 34.02
78148 78149 13.4856
78149 78148 13.4856
78149 78150 13.1976
78150 78149 13.1976
78150 78151 8.532
78151 78150 8.532
78151 78152 14.616
78152 78151 14.616
78152 78153 17.2296
78153 78152 17.2296
552320 552319 69.8832
552319 552320 69.8832
552319 78156 3.0816
78156 552319 3.0816
78156 78157 7.2792
78157 78156 7.2792
78157 78158 11.5776
78158 78157 11.5776
78158 78159 19.2384
78159 78158 19.2384
78159 78160 14.0616
78160 78159 14.0616
78160 78161 14.04
78161 78160 14.04
78161 78162 23.9112
78162 78161 23.9112
78162 78163 7.2936
78163 78162 7.2936
78163 312293 2.8656
312293 78163 2.8656
78122 78168 0.4637
78168 78122 0.4637
78168 78169 0.3866
78169 78168 0.3866
78169 78170 0.4997
78170 78169 0.4997
78170 78171 0.7207
78171 78170 0.7207
78173 78174 3.6
78174 78173 3.6
78174 78175 8.7912
78175 78174 8.7912
78175 78176 9.4608
78176 78175 9.4608
78176 78177 8.8488
78177 78176 8.8488
78177 78178 12.1896
78178 78177 12.1896
78178 78179 5.292
78179 78178 5.292
78179 78180 7.0272
78180 78179 7.0272
78180 78181 7.0128
78181 78180 7.0128
78181 78182 5.3784
78182 78181 5.3784
78182 78183 13.6512
78183 78182 13.6512
78183 78184 19.0584
78184 78183 19.0584
78184 78185 7.668
78185 78184 7.668
78185 78186 7.596
78186 78185 7.596
78186 78187 3.6792
78187 78186 3.6792
78187 78188 6.588
78188 78187 6.588
78188 78189 6.444
78189 78188 6.444
78189 78190 3.8808
78190 78189 3.8808
78191 578289 0.5909
578289 78191 0.5909
578289 78192 0.4793
78192 578289 0.4793
78192 78193 0.7673
78193 78192 0.7673
78193 1941172 0.721
1941172 78193 0.721
1941172 1941173 0.1671
1941173 1941172 0.1671
1941173 78194 2.7432
78194 1941173 2.7432
78194 415581 11.6157
415581 78194 11.6157
415581 415575 11.502
415575 415581 11.502
415575 78195 5.7168
78195 415575 5.7168
78195 312351 7.5929
312351 78195 7.5929
312351 840204 0.9993
840204 312351 0.9993
840204 1941180 2.0895
1941180 840204 2.0895
1941180 78196 0.5169
78196 1941180 0.5169
78196 415546 0.9699
415546 78196 0.9699
415441 550018 1.1491
550018 415441 1.1491
550018 550016 2.2781
550016 550018 2.2781
550016 415439 0.4615
415439 550016 0.4615
415439 415613 4.9406
415613 415439 4.9406
415613 415612 4.8218
415612 415613 4.8218
415612 415611 4.8694
415611 415612 4.8694
415611 415609 5.1098
415609 415611 5.1098
415609 415607 4.8276
415607 415609 4.8276
415607 415431 4.0766
415431 415607 4.0766
415431 415662 9.3701
415662 415431 9.3701
415662 415443 4.6922
415443 415662 4.6922
415443 415444 1.5458
415444 415443 1.5458
415444 1193726 0.3794
1193726 415444 0.3794
1193726 415672 0.1699
415672 1193726 0.1699
415701 814808 9.9792
814808 415701 9.9792
814808 415702 6.5952
415702 814808 6.5952
415702 415703 1.1232
415703 415702 1.1232
415703 415704 2.5788
415704 415703 2.5788
415704 1941182 1.0572
1941182 415704 1.0572
1941182 78202 1.0572
78202 1941182 1.0572
78202 78205 3.4428
78205 78202 3.4428
78205 1745745 8.2008
1745745 78205 8.2008
1745745 1745682 3.3624
1745682 1745745 3.3624
1745682 815315 8.2176
815315 1745682 8.2176
815315 1745711 12.8688
1745711 815315 12.8688
1745711 78206 0.3564
78206 1745711 0.3564
78206 815333 17.928
815333 78206 17.928
815333 415706 18.1836
415706 815333 18.1836
415706 1745726 11.3832
1745726 415706 11.3832
1745726 78207 10.0848
78207 1745726 10.0848
78207 815380 4.8936
815380 78207 4.8936
815380 78208 31.7544
78208 815380 31.7544
550341 550347 0.8028
550347 550341 0.8028
55343 83381 2.7936
83381 55343 2.7936
83381 83382 4.392
83382 83381 4.392
83382 83383 6.6434
83383 83382 6.6434
83383 1483941 7.6586
1483941 83383 7.6586
1483941 83384 6.3698
83384 1483941 6.3698
83384 1055150 6.8213
1055150 83384 6.8213
1055150 83385 4.3207
83385 1055150 4.3207
83385 106758 3.8484
106758 83385 3.8484
106758 83386 6.9538
83386 106758 6.9538
83386 83387 2.9405
83387 83386 2.9405
83387 83388 1.1743
83388 83387 1.1743
83400 1044234 11.3184
1044234 83400 11.3184
1044234 83401 12.006
83401 1044234 12.006
83401 1427919 3.5784
1427919 83401 3.5784
1427919 422169 8.7444
422169 1427919 8.7444
422169 422148 7.128
422148 422169 7.128
83402 83401 32.4324
83401 83402 32.4324
83401 76316 11.4768
76316 83401 11.4768
76316 1427918 3.3732
1427918 76316 3.3732
76216 1810528 1.6464
1810528 76216 1.6464
1810528 1810583 5.028
1810583 1810528 5.028
1810583 83400 1.6404
83400 1810583 1.6404
83400 1810564 1.4796
1810564 83400 1.4796
1810564 1350970 4.2252
1350970 1810564 4.2252
1350970 76296 0.3684
76296 1350970 0.3684
76296 76297 7.1856
76297 76296 7.1856
76297 1350973 0.5148
1350973 76297 0.5148
1350973 1350974 3.588
1350974 1350973 3.588
1350974 76298 2.58
76298 1350974 2.58
76298 76299 10.2288
76299 76298 10.2288
76348 83403 14.1588
83403 76348 14.1588
83403 76246 8.9028
76246 83403 8.9028
110937 110936 50.5224
110936 110937 50.5224
110936 110935 53.1288
110935 110936 53.1288
110935 110934 85.3704
110934 110935 85.3704
110934 422166 16.9848
422166 110934 16.9848
422166 110917 83.7432
110917 422166 83.7432
110917 110933 57.42
110933 110917 57.42
110933 661620 64.9944
661620 110933 64.9944
661620 110932 65.0232
110932 661620 65.0232
110932 661624 93.3048
661624 110932 93.3048
661624 110931 15.6744
110931 661624 15.6744
110931 568244 8.9424
568244 110931 8.9424
568244 661623 62.4672
661623 568244 62.4672
661623 110930 37.4328
110930 661623 37.4328
110930 661611 18.216
661611 110930 18.216
661611 661622 49.0824
661622 661611 49.0824
661622 110929 37.5768
110929 661622 37.5768
110929 661617 23.3136
661617 110929 23.3136
661617 661621 11.736
661621 661617 11.736
661621 661619 25.164
661619 661621 25.164
661619 661618 28.7352
661618 661619 28.7352
661618 83404 27.4176
83404 661618 27.4176
18751 1941122 7.7076
1941122 18751 7.7076
1941122 94657 4.8276
94657 1941122 4.8276
94657 578319 16.5744
578319 94657 16.5744
578319 578316 9.0396
578316 578319 9.0396
578316 94658 8.9856
94658 578316 8.9856
94658 578320 6.462
578320 94658 6.462
578320 94659 8.8452
94659 578320 8.8452
94658 578314 8.2764
578314 94658 8.2764
578314 1941153 3.5208
1941153 578314 3.5208
1941153 94660 4.8024
94660 1941153 4.8024
94660 578305 6.0948
578305 94660 6.0948
578305 94661 5.4972
94661 578305 5.4972
94661 94662 13.9536
94662 94661 13.9536
105263 2016544 20.2752
2016544 105263 20.2752
1722459 2016546 15.2568
2016546 1722459 15.2568
1722459 1908767 50.2704
1908767 1722459 50.2704
2016548 1908767 22.3488
1908767 2016548 22.3488
105435 105436 18.2664
105436 105435 18.2664
105436 105437 31.176
105437 105436 31.176
105437 105438 11.736
105438 105437 11.736
105438 105439 48.7656
105439 105438 48.7656
105439 105440 44.5824
105440 105439 44.5824
105440 105441 40.6008
105441 105440 40.6008
105441 105432 28.9656
105432 105441 28.9656
105432 105433 17.6184
105433 105432 17.6184
105433 105434 40.896
105434 105433 40.896
1062728 111252 8.1504
111252 1062728 8.1504
111252 111251 25.3872
111251 111252 25.3872
111251 111250 29.6496
111250 111251 29.6496
111250 105462 81.5616
105462 111250 81.5616
105462 105434 16.9848
105434 105462 16.9848
105434 1062725 28.6488
1062725 105434 28.6488
1062725 105463 20.0016
105463 1062725 20.0016
105463 105464 55.8072
105464 105463 55.8072
105464 105460 44.0064
105460 105464 44.0064
105460 1052672 37.8072
1052672 105460 37.8072
1052672 1052671 62.0352
1052671 1052672 62.0352
1052671 1052669 37.0584
1052669 1052671 37.0584
1052669 1052668 27.1368
1052668 1052669 27.1368
1052668 1052666 18.1872
1052666 1052668 18.1872
1052666 1052665 42.9768
1052665 1052666 42.9768
1052665 1052664 18.1512
1052664 1052665 18.1512
1052664 1052663 19.5768
1052663 1052664 19.5768
105483 105484 41.112
105484 105483 41.112
105484 105490 58.716
105490 105484 58.716
105490 105491 55.62
105491 105490 55.62
105491 105494 10.044
105494 105491 10.044
105494 105492 21.0024
105492 105494 21.0024
105492 1052649 35.208
1052649 105492 35.208
1052649 105493 33.6456
105493 1052649 33.6456
105493 1005314 33.1488
1005314 105493 33.1488
1005314 1005315 100.2744
1005315 1005314 100.2744
1005315 1005316 48.0456
1005316 1005315 48.0456
1005316 1005317 19.26
1005317 1005316 19.26
105494 105495 37.6704
105495 105494 37.6704
105495 105485 103.1184
105485 105495 103.1184
105485 105486 43.9272
105486 105485 43.9272
105486 165410 6.3864
165410 105486 6.3864
165410 105487 33.2856
105487 165410 33.2856
105487 105488 33.3288
105488 105487 33.3288
105488 105489 41.2272
105489 105488 41.2272
105489 105474 21.672
105474 105489 21.672
105474 105475 17.5176
105475 105474 17.5176
105475 105476 37.656
105476 105475 37.656
105476 105477 25.74
105477 105476 25.74
105477 105478 28.2096
105478 105477 28.2096
18771 1941167 4.2192
1941167 18771 4.2192
1941167 105472 23.8824
105472 1941167 23.8824
105472 578287 21.168
578287 105472 21.168
578287 578288 25.6392
578288 578287 25.6392
578288 105473 37.8216
105473 578288 37.8216
105473 105470 57.5316
105470 105473 57.5316
105470 105471 29.2608
105471 105470 29.2608
105471 105508 17.3808
105508 105471 17.3808
105508 105509 22.032
105509 105508 22.032
105509 1723414 11.6352
1723414 105509 11.6352
1723414 105510 18.2376
105510 1723414 18.2376
105510 105511 12.4704
105511 105510 12.4704
105511 105512 14.2488
105512 105511 14.2488
105512 105513 27.7776
105513 105512 27.7776
105513 105514 26.8416
105514 105513 26.8416
105514 105515 39.6
105515 105514 39.6
105515 105516 30.5784
105516 105515 30.5784
105516 105517 33.0264
105517 105516 33.0264
105517 1723420 18.1512
1723420 105517 18.1512
1723420 1723419 16.8624
1723419 1723420 16.8624
1723419 1723418 23.256
1723418 1723419 23.256
1723418 1723417 18.54
1723417 1723418 18.54
1723417 1723416 25.3944
1723416 1723417 25.3944
1723416 1723415 16.7688
1723415 1723416 16.7688
105981 105980 31.1112
105980 105981 31.1112
105980 105979 32.5584
105979 105980 32.5584
105979 389321 327.4272
389321 105979 327.4272
389321 105972 410.4144
105972 389321 410.4144
105972 1682436 361.764
1682436 105972 361.764
1682436 105973 164.6064
105973 1682436 164.6064
105973 105974 20.1168
105974 105973 20.1168
105974 1682435 17.4744
1682435 105974 17.4744
1682435 105975 52.9056
105975 1682435 52.9056
105975 1682434 46.9872
1682434 105975 46.9872
1682434 105976 44.4384
105976 1682434 44.4384
105976 1682433 16.2072
1682433 105976 16.2072
1682433 105977 24.0552
105977 1682433 24.0552
105977 105978 28.4472
105978 105977 28.4472
76089 106573 2.9333
106573 76089 2.9333
106573 2016552 4.487
2016552 106573 4.487
106736 106737 5.8104
106737 106736 5.8104
106737 106738 116.748
106738 106737 116.748
106738 106739 206.0496
106739 106738 206.0496
106739 106740 19.4472
106740 106739 19.4472
106740 106741 23.7096
106741 106740 23.7096
106741 106742 25.9632
106742 106741 25.9632
106742 106743 60.084
106743 106742 60.084
106743 106744 23.472
106744 106743 23.472
106744 106745 13.2264
106745 106744 13.2264
106746 106747 0.8611
106747 106746 0.8611
106747 106748 9.2455
106748 106747 9.2455
106748 106749 5.5433
106749 106748 5.5433
106749 106750 1.309
106750 106749 1.309
106750 106751 4.2718
106751 106750 4.2718
106752 703563 10.4544
703563 106752 10.4544
703563 703565 7.3375
703565 703563 7.3375
703565 1013267 7.2835
1013267 703565 7.2835
1013267 106753 0.4464
106753 1013267 0.4464
106753 106761 1.0469
106761 106753 1.0469
106761 1483954 3.4596
1483954 106761 3.4596
1483954 1483957 7.0762
1483957 1483954 7.0762
1483957 1483939 4.5583
1483939 1483957 4.5583
1483939 1483946 0.6739
1483946 1483939 0.6739
1483946 428330 3.5633
428330 1483946 3.5633
428330 106760 9.5263
106760 428330 9.5263
106757 106758 9.0828
106758 106757 9.0828
106758 106759 6.6586
106759 106758 6.6586
106759 106760 4.477
106760 106759 4.477
55339 106762 33.4296
106762 55339 33.4296
106762 106763 24.3936
106763 106762 24.3936
106763 106764 21.744
106764 106763 21.744
106764 106765 73.5552
106765 106764 73.5552
106765 106766 50.6232
106766 106765 50.6232
106766 106767 68.9832
106767 106766 68.9832
106767 106768 55.2312
106768 106767 55.2312
106768 106769 59.8752
106769 106768 59.8752
106769 1529131 31.8672
1529131 106769 31.8672
1529131 106770 74.4048
106770 1529131 74.4048
106770 1529100 16.5672
1529100 106770 16.5672
1529100 1529123 2.6208
1529123 1529100 2.6208
1529123 106771 27.4392
106771 1529123 27.4392
106771 106772 33.7968
106772 106771 33.7968
106772 1678880 22.6584
1678880 106772 22.6584
1678880 1678879 20.9232
1678879 1678880 20.9232
1678879 106773 28.6488
106773 1678879 28.6488
106773 106774 21.9096
106774 106773 21.9096
106774 106775 77.4504
106775 106774 77.4504
106775 106776 101.8944
106776 106775 101.8944
106776 106777 32.148
