91675
6471 487401 1.5053
487401 6471 1.5053
487401 6470 4.5262
6470 487401 4.5262
6470 487406 1.7671
487406 6470 1.7671
487406 1699468 2.3127
1699468 487406 2.3127
1699468 391481 0.2381
391481 1699468 0.2381
391481 6469 3.6365
6469 391481 3.6365
6469 391508 0.5184
391508 6469 0.5184
391508 391514 1.1304
391514 391508 1.1304
391514 6468 0.7128
6468 391514 0.7128
6468 391530 0.6079
391530 6468 0.6079
391530 6467 0.5781
6467 391530 0.5781
6467 391540 0.5806
391540 6467 0.5806
391540 391546 0.5261
391546 391540 0.5261
391546 507892 0.4999
507892 391546 0.4999
507892 471525 1.1885
471525 507892 1.1885
6390 1575130 0.36
1575130 6390 0.36
1575130 568005 2.1801
568005 1575130 2.1801
568005 197880 0.4834
197880 568005 0.4834
6389 280233 0.6526
280233 6389 0.6526
280233 1612898 1.0157
1612898 280233 1.0157
1612898 197467 3.6098
197467 1612898 3.6098
197467 186325 0.5066
186325 197467 0.5066
186325 325138 0.72
325138 186325 0.72
325138 959304 2.5581
959304 325138 2.5581
959304 1268975 0.8959
1268975 959304 0.8959
1268975 345163 1.205
345163 1268975 1.205
345163 959302 0.5796
959302 345163 0.5796
959302 186317 0.2376
186317 959302 0.2376
186317 959301 0.8511
959301 186317 0.8511
959301 345157 2.4439
345157 959301 2.4439
345157 345151 0.522
345151 345157 0.522
345151 131228 0.4814
131228 345151 0.4814
131228 131229 0.3811
131229 131228 0.3811
131229 6388 0.5575
6388 131229 0.5575
6388 959297 3.8417
959297 6388 3.8417
959297 959298 0.5693
959298 959297 0.5693
959298 221944 1.0944
221944 959298 1.0944
221944 197461 1.6982
197461 221944 1.6982
197461 1266146 0.5472
1266146 197461 0.5472
1266146 345579 2.3703
345579 1266146 2.3703
345579 345490 1.4601
345490 345579 1.4601
345490 345154 1.9193
345154 345490 1.9193
6386 1642145 0.0977
1642145 6386 0.0977
1642145 345389 0.2849
345389 1642145 0.2849
345389 345402 2.0643
345402 345389 2.0643
345402 346950 1.7923
346950 345402 1.7923
346950 345017 0.6459
345017 346950 0.6459
345017 345586 0.2273
345586 345017 0.2273
345586 345577 1.763
345577 345586 1.763
345577 345499 3.5187
345499 345577 3.5187
345499 345470 3.8607
345470 345499 3.8607
345470 345498 0.3266
345498 345470 0.3266
345498 345028 0.2906
345028 345498 0.2906
345028 345486 4.8106
345486 345028 4.8106
345486 345037 0.5878
345037 345486 0.5878
345037 345061 2.6424
345061 345037 2.6424
345061 345035 1.7666
345035 345061 1.7666
345035 345034 1.9805
345034 345035 1.9805
345034 6385 1.2718
6385 345034 1.2718
345499 345542 1.0404
345542 345499 1.0404
345542 345465 10.002
345465 345542 10.002
345465 345534 3.9612
345534 345465 3.9612
345534 1392694 3.3444
1392694 345534 3.3444
1392694 345517 0.5436
345517 1392694 0.5436
345517 345469 0.9972
345469 345517 0.9972
345469 1116514 0.9744
1116514 345469 0.9744
1116514 129405 1.7964
129405 1116514 1.7964
129405 1593268 3.0828
1593268 129405 3.0828
1593268 20619 1.7004
20619 1593268 1.7004
393460 857010 0.8666
857010 393460 0.8666
857010 393463 0.5076
393463 857010 0.5076
393463 297453 0.3528
297453 393463 0.3528
345517 1374576 20.6568
1374576 345517 20.6568
1374576 1392687 20.9088
1392687 1374576 20.9088
1392687 345546 30.8016
345546 1392687 30.8016
345546 345582 18.7848
345582 345546 18.7848
345582 1374577 9.7704
1374577 345582 9.7704
1374577 1593304 37.0584
1593304 1374577 37.0584
3702 1638978 2.0455
1638978 347213 2.2399
347213 327741 5.387
327741 196269 9.3118
196269 1717556 0.5407
1717556 1636148 0.1418
1636148 345319 2.4847
345319 1636146 13.0795
1636146 1638624 3.1889
1638624 1636138 0.3182
1636138 1638623 0.3103
1638623 347286 8.928
347286 2015233 0.6041
20650 196270 0.5324
196270 20650 0.5324
196270 965575 0.4612
965575 196270 0.4612
965575 1249033 2.2619
1249033 965575 2.2619
1249033 1016776 4.9734
1016776 1249033 4.9734
1016776 458174 0.1552
458174 1016776 0.1552
458174 458187 1.7734
458187 458174 1.7734
458187 326810 1.8814
326810 458187 1.8814
326810 1691152 1.1538
1691152 326810 1.1538
6393 446445 0.2729
446445 6393 0.2729
446445 6452 0.1962
6452 446445 0.1962
6452 446443 0.1292
446443 6452 0.1292
446443 281799 0.1289
281799 446443 0.1289
281799 446442 0.1753
446442 281799 0.1753
446442 446440 0.14
446440 446442 0.14
446440 281675 0.1966
281675 446440 0.1966
281675 446438 0.2282
446438 281675 0.2282
446438 326829 0.2444
326829 446438 0.2444
326829 6453 0.5245
6453 326829 0.5245
6453 326794 2.5358
326794 6453 2.5358
326794 1143210 0.7362
1143210 326794 0.7362
1143210 123722 2.394
123722 1143210 2.394
123722 123723 3.803
123723 123722 3.803
123723 2015235 0.3672
2015235 123723 0.3672
471525 471526 0.4438
471526 471525 0.4438
471526 6466 0.4299
6466 471526 0.4299
6466 391572 0.7858
391572 6466 0.7858
391572 391574 0.7956
391574 391572 0.7956
391574 6465 1.8298
6465 391574 1.8298
6465 391582 0.9483
391582 6465 0.9483
391582 391584 0.8614
391584 391582 0.8614
391584 6464 0.7272
6464 391584 0.7272
6464 391593 4.4162
391593 6464 4.4162
391593 391594 0.6583
391594 391593 0.6583
391594 6463 0.5529
6463 391594 0.5529
6463 391596 0.3291
391596 6463 0.3291
391596 6462 0.3903
6462 391596 0.3903
6462 391600 0.6207
391600 6462 0.6207
391600 197351 1.2518
197351 391600 1.2518
197351 326844 0.6927
326844 197351 0.6927
326844 471585 0.3677
471585 326844 0.3677
471585 431276 0.1106
431276 471585 0.1106
431276 326805 0.4089
326805 431276 0.4089
326805 6461 0.3163
6461 326805 0.3163
6461 326817 0.3343
326817 6461 0.3343
326817 326832 0.4767
326832 326817 0.4767
326832 197370 3.6458
197370 326832 3.6458
197370 10047 0.2355
10047 197370 0.2355
10047 326843 1.2574
326843 10047 1.2574
326843 326801 0.4701
326801 326843 0.4701
326801 6460 0.4217
6460 326801 0.4217
6460 326804 0.3991
326804 6460 0.3991
326804 6459 0.6393
6459 326804 0.6393
6459 326816 0.737
326816 6459 0.737
326816 391620 3.4632
391620 326816 3.4632
391620 326830 1.2651
326830 391620 1.2651
326830 1852488 0.5559
1852488 326830 0.5559
1852488 1362256 0.2093
1362256 1852488 0.2093
1362256 431304 3.7733
431304 1362256 3.7733
431304 6451 1.6529
6451 431304 1.6529
6451 431340 11.5565
431340 6451 11.5565
431340 197347 5.1727
197347 431340 5.1727
197347 197371 3.1227
197371 197347 3.1227
8530 581109 0.879
581109 8530 0.879
581109 851864 2.9784
851864 581109 2.9784
851864 186416 2.0928
186416 851864 2.0928
186416 1295463 4.1988
1295463 186416 4.1988
1295463 346889 1.5174
346889 1295463 1.5174
346889 346945 0.6858
346945 346889 0.6858
346945 15468 0.3348
15468 346945 0.3348
15468 1990591 0.5748
1990591 15468 0.5748
1990591 555826 1.3002
555826 1990591 1.3002
555826 8531 0.1608
8531 555826 0.1608
8531 1990592 0.5814
1990592 8531 0.5814
1990592 8532 3.9936
8532 1990592 3.9936
8532 1990595 0.4506
1990595 8532 0.4506
1990595 297490 0.234
297490 1990595 0.234
297490 8533 0.4944
8533 297490 0.4944
8533 297508 0.5862
297508 8533 0.5862
297508 6545 0.6078
6545 297508 0.6078
6545 297454 0.3786
297454 6545 0.3786
297454 297481 0.3738
297481 297454 0.3738
297481 480164 0.3564
480164 297481 0.3564
480164 480165 0.3618
480165 480164 0.3618
480165 6544 5.9736
6544 480165 5.9736
6544 6543 0.2226
6543 6544 0.2226
6543 1595901 0.7308
1595901 6543 0.7308
1595901 1595902 0.5892
1595902 1595901 0.5892
1595902 1595900 0.5562
1595900 1595902 0.5562
1595900 6542 0.6894
6542 1595900 0.6894
6542 297467 0.4926
297467 6542 0.4926
297467 1990599 0.2532
1990599 297467 0.2532
1990599 1990600 0.369
1990600 1990599 0.369
1990600 297452 2.8968
297452 1990600 2.8968
297452 1979612 0.5502
1979612 297452 0.5502
1979612 627841 0.972
627841 1979612 0.972
627841 1990601 0.1674
1990601 627841 0.1674
1990601 1979613 0.741
1979613 1990601 0.741
1979613 474162 1.7424
474162 1979613 1.7424
474162 1231527 0.594
1231527 474162 0.594
1231527 441920 0.9372
441920 1231527 0.9372
441920 297506 3.627
297506 441920 3.627
297506 186419 0.618
186419 297506 0.618
186419 1146101 2.2134
1146101 186419 2.2134
1146101 1990608 2.2962
1990608 1146101 2.2962
1990608 297499 0.9492
297499 1990608 0.9492
297499 411392 2.6082
411392 297499 2.6082
411392 411393 0.5814
411393 411392 0.5814
411393 411391 1.3872
411391 411393 1.3872
411391 297475 1.2318
297475 411391 1.2318
297475 195916 1.8846
195916 297475 1.8846
195916 189932 0.1392
189932 195916 0.1392
189932 297460 0.4182
297460 189932 0.4182
8444 1989455 0.6348
1989455 8443 20.022
8443 8477 5.1204
8477 398957 1.3428
398957 8476 1.0812
1747285 8446 2.6522
8446 8478 6.6569
8478 8450 6.661
8450 398944 3.2508
398944 1179765 1.3567
1179765 8451 1.9959
8451 8481 6.4589
8481 8494 6.7202
8494 398935 0.6521
398935 8480 0.5179
8480 398936 0.5415
398936 8479 0.5019
8447 1990954 0.7476
1990954 8446 40.1832
8455 398903 9.6576
398903 8455 9.6576
398903 398905 4.4496
398905 398903 4.4496
398905 1671729 12.792
1671729 398905 12.792
1671729 8456 0.7056
8456 1671729 0.7056
8456 1179766 13.7616
1179766 8456 13.7616
1179766 8478 13.7232
8478 1179766 13.7232
8453 1671730 28.2396
1671730 8453 28.2396
1671730 8454 0.7416
8454 1671730 0.7416
8454 8450 27.4308
8450 8454 27.4308
8457 1671731 28.914
1671731 8457 28.914
1671731 8458 0.5064
8458 1671731 0.5064
8459 1253958 0.3343
1253958 8459 0.3343
1253958 754068 6.1982
754068 1253958 6.1982
754068 398964 0.5487
398964 754068 0.5487
398964 305777 0.5853
305777 398964 0.5853
305777 398963 0.3302
398963 305777 0.3302
398963 398962 0.2937
398962 398963 0.2937
398962 8461 0.3003
8461 398962 0.3003
8461 398961 0.3132
398961 8461 0.3132
398961 754067 0.1764
754067 398961 0.1764
754067 305758 0.3291
305758 754067 0.3291
305758 398960 1.0615
398960 305758 1.0615
398960 8462 0.7097
8462 398960 0.7097
8462 8463 0.5472
8463 8462 0.5472
8463 398959 0.4495
398959 8463 0.4495
398959 305825 0.4541
305825 398959 0.4541
305825 398958 0.6161
398958 305825 0.6161
398958 8476 2.5462
8476 398958 2.5462
8476 1156629 0.1353
1156629 8476 0.1353
1156629 1156625 2.4783
1156625 1156629 2.4783
1156625 398955 2.2891
398955 1156625 2.2891
398955 398954 0.6624
398954 398955 0.6624
398954 398953 0.594
398953 398954 0.594
398953 8464 0.8151
8464 398953 0.8151
8464 8465 0.8959
8465 8464 0.8959
8465 398952 0.9607
398952 8465 0.9607
398952 398951 0.6393
398951 398952 0.6393
398951 398950 0.6974
398950 398951 0.6974
398950 8466 0.9818
8466 398950 0.9818
8466 1747285 1.7691
1747285 8466 1.7691
1747285 8482 0.3631
8482 1747285 0.3631
8482 398949 0.287
398949 8482 0.287
398949 8467 0.4305
8467 398949 0.4305
8467 398948 0.3019
398948 8467 0.3019
398948 398947 0.3235
398947 398948 0.3235
398947 398946 0.3672
398946 398947 0.3672
398946 398945 0.5035
398945 398946 0.5035
398945 398937 2.3616
398937 398945 2.3616
398937 398931 1.5398
398931 398937 1.5398
398931 398927 0.7776
398927 398931 0.7776
398927 398926 0.7565
398926 398927 0.7565
398926 398923 1.0939
398923 398926 1.0939
398923 8468 0.7545
8468 398923 0.7545
8468 398920 0.6033
398920 8468 0.6033
398920 320298 0.6454
320298 398920 0.6454
320298 753991 0.2808
753991 320298 0.2808
753991 8489 0.8388
8489 753991 0.8388
8479 989991 3.2986
989991 8479 3.2986
989991 8484 4.1904
8484 989991 4.1904
8484 989989 1.9527
989989 8484 1.9527
989989 8485 4.7993
8485 989989 4.7993
8485 989990 0.8301
989990 8485 0.8301
989990 1691859 8.7418
1691859 989990 8.7418
1691859 1990580 0.3718
1990580 1691859 0.3718
1990580 8452 0.3816
8452 1990580 0.3816
8505 8489 1.938
8489 8505 1.938
8492 1671732 30.0348
1671732 8492 30.0348
1671732 8490 0.6708
8490 1671732 0.6708
8490 8481 27.3216
8481 8490 27.3216
8493 1671733 30.3588
1671733 8493 30.3588
1671733 8491 0.7812
8491 1671733 0.7812
8491 8494 27.276
8494 8491 27.276
8502 8495 4.3872
8495 8502 4.3872
8495 8486 27.8616
8486 8495 27.8616
8483 398856 1.6212
398856 8483 1.6212
398856 1132404 3.7152
1132404 398856 3.7152
1132404 1427759 0.546
1427759 1132404 0.546
1427759 76003 2.5494
76003 1427759 2.5494
76003 1132409 2.094
1132409 76003 2.094
1132409 398858 0.363
398858 1132409 0.363
398858 1139784 1.2144
1139784 398858 1.2144
1139784 1129467 3.6246
1129467 1139784 3.6246
1129467 398859 1.3338
398859 1129467 1.3338
398859 398860 2.3106
398860 398859 2.3106
398860 188280 1.2318
188280 398860 1.2318
188280 8512 0.5946
8512 188280 0.5946
8512 450243 3.294
450243 8512 3.294
450243 8498 0.9234
8498 450243 0.9234
8498 450244 0.8448
450244 8498 0.8448
450244 1129475 1.2906
1129475 450244 1.2906
1129475 1427828 3.2556
1427828 1129475 3.2556
1427828 8499 0.432
8499 1427828 0.432
8499 752015 2.4858
752015 8499 2.4858
752015 450248 0.5706
450248 752015 0.5706
450248 752029 3.5724
752029 450248 3.5724
752029 752048 1.842
752048 752029 1.842
752048 752050 0.4248
752050 752048 0.4248
752050 450253 0.6954
450253 752050 0.6954
450253 752052 0.591
752052 450253 0.591
752052 450258 1.3572
450258 752052 1.3572
450258 752061 1.845
752061 450258 1.845
752061 1990964 0.9468
1990964 752061 0.9468
1990964 880902 0.294
880902 1990964 0.294
880902 752080 5.493
752080 880902 5.493
752080 752083 0.3882
752083 752080 0.3882
752083 933570 0.2766
933570 752083 0.2766
933570 2001889 5.0334
2001889 933570 5.0334
2001889 752108 1.2876
752108 2001889 1.2876
8504 8455 4.4532
8455 8504 4.4532
8504 8511 22.7796
8511 8504 22.7796
8511 8510 2.5992
8510 8511 2.5992
8512 8517 3.1512
8517 8512 3.1512
8517 425580 1.9332
425580 8517 1.9332
425580 1302429 9.0588
1302429 425580 9.0588
1302429 1671725 0.516
1671725 1302429 0.516
1671725 8513 5.6712
8513 1671725 5.6712
8513 476054 8.3892
476054 8513 8.3892
476054 1546772 7.842
1546772 476054 7.842
1546772 1546771 4.9032
1546771 1546772 4.9032
1546771 8514 9.4788
8514 1546771 9.4788
8514 8515 11.3016
8515 8514 11.3016
8515 8516 7.35
8516 8515 7.35
8516 1989459 6.5856
1989459 8516 6.5856
1989459 752098 5.442
752098 1989459 5.442
752098 1990960 0.4248
1990960 752098 0.4248
1990960 8442 0.4248
8442 1990960 0.4248
8517 8518 2.4
8518 8517 2.4
8518 188366 18.918
188366 8518 18.918
8513 752003 4.2684
752003 8513 4.2684
752003 476052 5.7504
476052 752003 5.7504
476052 8520 8.0208
8520 476052 8.0208
8484 8519 14.3436
8519 8484 14.3436
8519 8514 10.7136
8514 8519 10.7136
1383151 1392786 5.7672
1392786 1383151 5.7672
1392786 187401 4.4568
187401 1392786 4.4568
187401 1392789 1.1664
1392789 187401 1.1664
1392789 1392787 7.9632
1392787 1392789 7.9632
1392787 1383156 7.2
1383156 1392787 7.2
1383156 346928 18.2376
346928 1383156 18.2376
346928 346967 12.1464
346967 346928 12.1464
346967 346930 3.4128
346930 346967 3.4128
346930 346944 10.692
346944 346930 10.692
346944 8792 41.5512
8792 346944 41.5512
346948 1607197 3.2616
1607197 346948 3.2616
1607197 346975 1.9368
346975 1607197 1.9368
345510 345545 3.0024
345545 345510 3.0024
345545 127821 23.7888
127821 345545 23.7888
127821 1593487 5.1732
1593487 127821 5.1732
1593487 1375815 4.3524
1375815 1593487 4.3524
1375815 1561647 2.9952
1561647 1375815 2.9952
1561647 122852 29.5524
122852 1561647 29.5524
122852 1382589 8.6004
1382589 122852 8.6004
1382589 398973 5.7708
398973 1382589 5.7708
398973 1561640 3.3624
1561640 398973 3.3624
1561640 1561631 26.0568
1561631 1561640 26.0568
1561631 1561647 14.6988
1561647 1561631 14.6988
8598 332750 1.6794
332750 8598 1.6794
332750 332770 1.8432
332770 332750 1.8432
332770 8599 1.6518
8599 332770 1.6518
8599 332758 1.431
332758 8599 1.431
332758 8600 1.5258
8600 332758 1.5258
8600 332743 1.4718
332743 8600 1.4718
332743 8601 1.5918
8601 332743 1.5918
8601 1577314 0.9798
1577314 8601 0.9798
1577314 332764 0.3372
332764 1577314 0.3372
332764 332765 1.8582
332765 332764 1.8582
332765 332752 0.9102
332752 332765 0.9102
332752 332736 0.8238
332736 332752 0.8238
332736 8602 0.7314
8602 332736 0.7314
947060 8590 5.733
8590 947060 5.733
8590 8591 2.124
8591 8590 2.124
8591 1054726 1.2288
1054726 8591 1.2288
1054726 8592 1.3566
8592 1054726 1.3566
8592 443641 4.7562
443641 8592 4.7562
443641 443640 0.9372
443640 443641 0.9372
443640 443639 0.7782
443639 443640 0.7782
443639 443638 0.6666
443638 443639 0.6666
443638 443637 0.6156
443637 443638 0.6156
443637 443636 0.6996
443636 443637 0.6996
443636 443635 0.7482
443635 443636 0.7482
443635 8593 2.8518
8593 443635 2.8518
8593 443634 1.1688
443634 8593 1.1688
443634 130601 0.8466
130601 443634 0.8466
130601 443633 0.6408
443633 130601 0.6408
443633 8594 0.9708
8594 443633 0.9708
8594 645642 0.867
645642 8594 0.867
645642 235733 0.8352
235733 645642 0.8352
235733 8595 2.733
8595 235733 2.733
8595 1441872 2.259
1441872 8595 2.259
37876 332755 0.5342
332755 440668 0.742
440668 188326 0.2239
188326 440665 0.2275
440665 8611 0.2398
8611 440664 0.2405
440664 440662 0.8345
440662 440661 0.2513
440661 440660 0.2578
440660 8610 0.2282
8610 440659 0.1829
440659 440657 0.3377
440657 8609 0.2502
8608 706186 0.7121
706186 8754 0.7862
8609 8608 5.4432
8613 8614 5.3577
8614 226027 0.2074
226027 580090 0.3438
580090 580091 0.2383
580091 580092 0.2099
580092 578754 0.2498
578754 580093 0.2624
580093 440663 0.517
440663 580094 1.0278
580094 580095 0.1807
580095 440667 0.1865
440667 578755 0.1584
578755 37876 1.1606
8754 703594 0.841
703594 703593 0.2779
131227 324624 1.0644
324624 131227 1.0644
324624 1035775 41.5704
1035775 324624 41.5704
1035775 10890 1.0272
10890 1035775 1.0272
10890 1280635 0.9204
1280635 10890 0.9204
1280635 325116 48.222
325116 1280635 48.222
325116 325129 2.166
325129 325116 2.166
8762 188810 1.4544
188810 8762 1.4544
188810 474150 26.754
474150 188810 26.754
474150 8756 1.0932
8756 474150 1.0932
8756 324617 0.9672
324617 8756 0.9672
324617 469797 2.4168
469797 324617 2.4168
469797 197463 2.928
197463 469797 2.928
197463 448752 5.5248
448752 197463 5.5248
448752 448751 4.3392
448751 448752 4.3392
448751 1678369 15.6576
1678369 448751 15.6576
488311 324629 1.8228
324629 488311 1.8228
324629 449271 2.1204
449271 324629 2.1204
449271 449268 2.9028
449268 449271 2.9028
449268 449266 2.6484
449266 449268 2.6484
449266 449259 10.59
449259 449266 10.59
449259 449257 5.1228
449257 449259 5.1228
449257 450325 1.8048
450325 449257 1.8048
450325 8757 1.272
8757 450325 1.272
8757 1280632 0.7344
1280632 8757 0.7344
1280632 324601 2.9028
324601 1280632 2.9028
324601 324619 3.4536
324619 324601 3.4536
324619 324610 19.9836
324610 324619 19.9836
324610 324602 1.8324
324602 324610 1.8324
324602 324632 1.218
324632 324602 1.218
324632 394000 10.842
394000 324632 10.842
8758 324625 1.9428
324625 8758 1.9428
324625 450322 26.4828
450322 324625 26.4828
450322 8759 1.1736
8759 450322 1.1736
8759 1280633 0.6612
1280633 8759 0.6612
1280633 323188 26.5224
323188 1280633 26.5224
323188 8760 15.7968
8760 323188 15.7968
8760 323190 1.638
323190 8760 1.638
323187 2000905 0.9684
2000905 2000906 4.0116
2000906 605234 3.5304
605234 131227 5.3868
131227 488298 2.7096
488298 488300 3.8364
488300 323192 8.8896
323192 324746 1.5144
324746 129725 0.564
129725 8758 7.152
8758 194704 1.0224
194704 186327 14.0208
186327 488311 2.9688
488311 186289 2.2428
186289 324607 9.03
324607 488315 1.1844
488315 8761 0.9408
8761 488317 0.9828
488317 320102 2.0424
320102 8762 0.7824
8762 324626 8.322
324626 1404715 1.014
1404715 324630 0.9324
141772 2000978 0.1949
2000978 141772 0.1949
2000978 2000977 0.1949
2000977 2000978 0.1949
2000977 1035773 6.2393
1035773 2000977 6.2393
1035773 1104656 6.9274
1104656 1035773 6.9274
1104656 1035767 6.4893
1035767 1104656 6.4893
1035767 2001904 0.1646
2001904 1035767 0.1646
2001904 6541 0.9756
6541 2001904 0.9756
8535 346984 3.1176
346984 8535 3.1176
346984 1128572 1.8576
1128572 346984 1.8576
1128572 346951 8.3268
346951 1128572 8.3268
346951 1128569 1.2528
1128569 346951 1.2528
1128569 346982 7.6932
346982 1128569 7.6932
346982 1128570 4.7772
1128570 346982 4.7772
1128570 1199842 11.8836
1199842 1128570 11.8836
1199842 1199845 10.3716
1199845 1199842 10.3716
1199845 1199847 7.9164
1199847 1199845 7.9164
1199847 376632 10.8972
376632 1199847 10.8972
376632 376634 15.7284
376634 376632 15.7284
376634 1199860 2.016
1199860 376634 2.016
1199860 1199861 9.6516
1199861 1199860 9.6516
1199861 1616203 7.2108
1616203 1199861 7.2108
1616203 186424 17.9532
186424 1616203 17.9532
186424 8764 11.7828
8764 186424 11.7828
1145386 346943 12.726
346943 1145386 12.726
346943 346915 11.0016
346915 346943 11.0016
346915 1561552 26.4744
1561552 346915 26.4744
1561552 2001811 3.5064
2001811 1561552 3.5064
2001811 8775 2.2284
8775 2001811 2.2284
346943 1116515 7.398
1116515 346943 7.398
1116515 8776 9.4104
8776 1116515 9.4104
8776 1116524 21.8592
1116524 8776 21.8592
1116524 2001819 18.8532
2001819 1116524 18.8532
2001819 2001816 0.378
2001816 2001819 0.378
2001816 346924 2.0736
346924 2001816 2.0736
8778 1608279 14.9184
1608279 8778 14.9184
1608279 346886 6.6348
346886 1608279 6.6348
346886 348346 4.2228
348346 346886 4.2228
347011 8779 14.8104
8779 347011 14.8104
8778 346913 3.2652
346913 8778 3.2652
346913 346976 2.9016
346976 346913 2.9016
346976 347003 3.9708
347003 346976 3.9708
347003 1111978 9.0288
1111978 347003 9.0288
1111978 8781 1.3968
8781 1111978 1.3968
8781 8782 5.148
8782 8781 5.148
8782 346872 8.3664
346872 8782 8.3664
346872 127958 1.9116
127958 346872 1.9116
127958 8779 6.48
8779 127958 6.48
8779 8780 16.092
8780 8779 16.092
346910 346872 14.8608
346872 346910 14.8608
126078 1547651 1.2348
1547651 126078 1.2348
345045 1387715 1.476
1387715 345045 1.476
471621 471620 1.8972
471620 471621 1.8972
471620 2015263 9.588
2015263 471620 9.588
8896 473574 2.16
473574 8896 2.16
473574 2015265 3.174
2015265 473574 3.174
471642 2015267 1.5288
2015267 471642 1.5288
471642 488988 3.6408
488988 471642 3.6408
488988 488997 3.3156
488997 488988 3.3156
488997 8909 1.1904
8909 488997 1.1904
8909 489001 0.5472
489001 8909 0.5472
489001 491200 0.4308
491200 489001 0.4308
491200 491201 0.3396
491201 491200 0.3396
491201 491202 0.3672
491202 491201 0.3672
491202 8910 0.3492
8910 491202 0.3492
345319 345277 1.989
345277 345319 1.989
345277 345419 8.9532
345419 345277 8.9532
345419 345310 3.2382
345310 345419 3.2382
345310 196264 2.7972
196264 345310 2.7972
196264 1650205 0.7416
1650205 196264 0.7416
1650205 347275 9.8658
347275 1650205 9.8658
347275 196263 8.397
196263 347275 8.397
196263 196262 3.8826
196262 196263 3.8826
196262 196259 5.5836
196259 196262 5.5836
196259 347273 0.6228
347273 196259 0.6228
347273 327737 4.2084
327737 347273 4.2084
327737 196258 4.95
196258 327737 4.95
196258 196257 2.0322
196257 196258 2.0322
196257 196256 4.6044
196256 196257 4.6044
196256 346931 4.6386
346931 196256 4.6386
346931 347259 1.4112
347259 346931 1.4112
347259 347258 0.5886
347258 347259 0.5886
345419 8958 3.1878
8958 345419 3.1878
8958 345048 2.8656
345048 8958 2.8656
345048 345033 1.359
345033 345048 1.359
345033 327740 1.5444
327740 345033 1.5444
327740 345275 3.5874
345275 327740 3.5874
345275 1717556 2.79
1717556 345275 2.79
8959 347268 5.2362
347268 8959 5.2362
347268 347267 5.4468
347267 347268 5.4468
347267 8960 11.8404
8960 347267 11.8404
8960 347266 2.358
347266 8960 2.358
347266 327738 1.1016
327738 347266 1.1016
327738 347265 2.2824
347265 327738 2.2824
347265 196258 3.9906
196258 347265 3.9906
9196 348574 21.3012
348574 9196 21.3012
20620 1405168 0.834
1405168 348292 0.186
348292 348291 0.4608
348291 458184 2.6832
494336 9638 3.4668
9638 494336 3.4668
9638 9639 1.7568
9639 9638 1.7568
9639 494339 2.9424
494339 9639 2.9424
494339 9640 1.8492
9640 494339 1.8492
9640 9641 6.6264
9641 9640 6.6264
9641 9658 15.8556
9658 9641 15.8556
9658 494356 11.7552
494356 9658 11.7552
494356 494359 2.2452
494359 494356 2.2452
494359 9642 1.5672
9642 494359 1.5672
9642 418288 1.1904
418288 9642 1.1904
418288 285031 0.8952
285031 418288 0.8952
285031 9643 2.4576
9643 285031 2.4576
9279 9278 4.1508
9278 9279 4.1508
9278 1369224 8.418
1369224 9278 8.418
1369224 9649 7.0404
9649 1369224 7.0404
9649 1414726 6.3384
1414726 9649 6.3384
1414726 547607 8.6952
547607 1414726 8.6952
547607 284928 1.1376
284928 547607 1.1376
284928 547609 3.498
547609 284928 3.498
547609 547611 1.8888
547611 547609 1.8888
547611 284979 1.6944
284979 547611 1.6944
284979 9644 3.3192
9644 284979 3.3192
9644 494341 20.6976
494341 9644 20.6976
494341 494342 3.1116
494342 494341 3.1116
494342 389118 1.6332
389118 494342 1.6332
389118 1144234 9.162
1144234 389118 9.162
1144234 1144233 4.626
1144233 1144234 4.626
1144233 1612724 2.6676
1612724 1144233 2.6676
1144222 9658 37.692
9658 1144222 37.692
1486082 9727 4.0584
9727 1486082 4.0584
9727 9710 4.0308
9710 9727 4.0308
9721 9720 1.5216
9720 9721 1.5216
9720 9719 22.7892
9719 9720 22.7892
9719 9718 11.7012
9718 9719 11.7012
9718 9717 3.2748
9717 9718 3.2748
9717 9711 11.8032
9711 9717 11.8032
9711 9712 4.0788
9712 9711 4.0788
9712 9713 2.796
9713 9712 2.796
9713 9710 2.1888
9710 9713 2.1888
9724 293051 4.1472
293051 9724 4.1472
293051 9735 29.034
9735 293051 29.034
9735 9734 10.2276
9734 9735 10.2276
9734 9733 21.24
9733 9734 21.24
9733 9732 12.5028
9732 9733 12.5028
9732 9731 9.6876
9731 9732 9.6876
9731 9730 6.948
9730 9731 6.948
9730 9729 12.8124
9729 9730 12.8124
9729 9728 18.2592
9728 9729 18.2592
9728 9727 55.3896
9727 9728 55.3896
9722 1282205 6.5448
1282205 9722 6.5448
411704 9729 64.1664
9729 411704 64.1664
9729 9718 37.2312
9718 9729 37.2312
9743 9741 35.1828
9741 9743 35.1828
9741 9742 71.8704
9742 9741 71.8704
9742 1285732 1.1268
1285732 9742 1.1268
1285732 9725 2.6532
9725 1285732 2.6532
9745 9741 20.9664
9741 9745 20.9664
9741 9719 21.4128
9719 9741 21.4128
9726 9744 17.9172
9744 9726 17.9172
9744 9745 6.8256
9745 9744 6.8256
9802 286781 1.1083
286781 925921 2.1955
925921 989692 0.9802
989692 957237 7.0282
957237 977584 1.9743
977584 310674 0.8409
310674 60463 1.1561
60463 977587 0.6727
977587 925936 0.4721
925936 1044817 0.0612
1044817 180608 0.4958
180608 954940 0.7215
954940 343964 3.4447
343964 180624 3.8602
180624 925941 2.3709
925941 909398 0.2469
909398 180634 0.3708
180634 322212 2.1759
322212 318284 0.9339
318284 1101793 2.0206
1101793 180625 5.3722
180625 925948 0.4299
925948 9803 0.6069
286801 1090587 0.8304
1090587 286801 0.8304
1090587 286762 2.5164
286762 1090587 2.5164
286762 55727 1.3116
55727 286762 1.3116
8534 346904 0.7872
346904 8534 0.7872
346904 8535 5.7282
8535 346904 5.7282
8535 188560 1.6776
188560 8535 1.6776
188560 1128582 1.989
1128582 188560 1.989
1128582 890354 0.321
890354 1128582 0.321
890354 239768 4.3038
239768 890354 4.3038
239768 346956 2.7792
346956 239768 2.7792
346956 239770 0.4746
239770 346956 0.4746
239770 8530 2.0232
8530 239770 2.0232
9811 1622812 2.7547
1622812 9811 2.7547
1622812 1496354 1.0379
1496354 1622812 1.0379
1496354 1496897 0.337
1496897 1496354 0.337
1496897 1824257 2.3443
1824257 1496897 2.3443
1824257 1824249 2.4793
1824249 1824257 2.4793
1824249 1823887 4.6429
1823887 1824249 4.6429
1823887 1622719 1.656
1622719 1823887 1.656
1622719 1733903 1.9134
1733903 1622719 1.9134
1733903 1496881 0.6944
1496881 1733903 0.6944
1496881 1406329 1.1012
1406329 1496881 1.1012
1406329 1185823 1.66
1185823 1406329 1.66
1185823 1369227 1.8619
1369227 1185823 1.8619
1369227 1406322 3.0946
1406322 1369227 3.0946
1406322 1592726 0.2016
1592726 1406322 0.2016
1592726 1592727 0.1822
1592727 1592726 0.1822
8551 1691016 1.2936
1691016 8551 1.2936
1691016 474429 0.4656
474429 1691016 0.4656
474429 855185 2.1
855185 474429 2.1
855185 2013280 7.5372
2013280 855185 7.5372
2013280 494975 2.1672
494975 2013280 2.1672
494975 494974 0.528
494974 494975 0.528
494974 738080 1.3464
738080 494974 1.3464
738080 319704 7.08
319704 738080 7.08
319704 2013282 13.0164
2013282 319704 13.0164
2013282 319662 1.986
319662 2013282 1.986
319662 494964 1.122
494964 319662 1.122
494964 319736 3.2688
319736 494964 3.2688
319736 9831 1.194
9831 319736 1.194
9831 319778 1.6428
319778 9831 1.6428
319778 738081 2.3784
738081 319778 2.3784
738081 2013285 7.3164
2013285 738081 7.3164
2013285 319758 4.8432
319758 2013285 4.8432
319758 494957 1.6212
494957 319758 1.6212
494957 494956 0.8688
494956 494957 0.8688
494956 418950 2.7108
418950 494956 2.7108
319732 319653 13.464
319653 319732 13.464
9833 9834 4.7208
9834 9833 4.7208
9834 478488 9.4836
478488 9834 9.4836
478488 9835 1.4808
9835 478488 1.4808
9835 477409 3.0312
477409 9835 3.0312
477409 9848 4.8024
9848 477409 4.8024
9848 479131 8.0172
479131 9848 8.0172
479131 479126 3.2724
479126 479131 3.2724
479126 479124 0.5052
479124 479126 0.5052
479124 9851 1.9764
9851 479124 1.9764
478054 9845 2.79
9845 478054 2.79
9845 478423 1.0452
478423 9845 1.0452
478423 9844 1.0176
9844 478423 1.0176
9844 319742 1.3572
319742 9844 1.3572
319742 9843 1.2768
9843 319742 1.2768
9843 9842 3.396
9842 9843 3.396
9842 478424 1.3788
478424 9842 1.3788
478424 319779 0.6432
319779 478424 0.6432
319779 9841 0.6024
9841 319779 0.6024
9841 478425 0.5892
478425 9841 0.5892
478425 319753 0.6624
319753 478425 0.6624
319753 478493 0.2388
478493 319753 0.2388
478493 9840 1.1484
9840 478493 1.1484
9840 9839 2.2824
9839 9840 2.2824
9839 319720 3.3444
319720 9839 3.3444
319720 9838 1.6512
9838 319720 1.6512
9838 9833 3.5928
9833 9838 3.5928
9833 319668 1.7064
319668 9833 1.7064
319668 319658 4.584
319658 319668 4.584
319658 478489 2.4876
478489 319658 2.4876
478489 9837 1.1448
9837 478489 1.1448
9837 319715 3.7632
319715 9837 3.7632
319715 9836 4.386
9836 319715 4.386
9847 478276 1.3656
478276 9847 1.3656
478276 479105 4.638
479105 478276 4.638
479105 9849 0.4824
9849 479105 0.4824
9835 477408 2.946
477408 9835 2.946
477408 319682 2.0484
319682 477408 2.0484
319682 9853 1.8216
9853 319682 1.8216
9853 9852 1.8864
9852 9853 1.8864
9852 477407 1.2096
477407 9852 1.2096
477407 477406 6.7956
477406 477407 6.7956
477406 479087 3.9084
479087 477406 3.9084
479087 479085 6.5328
479085 479087 6.5328
9852 479130 7.764
479130 9852 7.764
479130 9854 1.596
9854 479130 1.596
9854 479137 3.7644
479137 9854 3.7644
479137 478487 4.7004
478487 479137 4.7004
478487 9837 0.6756
9837 478487 0.6756
478352 1622791 3.4956
1622791 478352 3.4956
1622791 1824664 0.9504
1824664 1622791 0.9504
1824664 478351 3.9168
478351 1824664 3.9168
478351 478350 3.492
478350 478351 3.492
478350 478349 2.7828
478349 478350 2.7828
478349 478348 3.9456
478348 478349 3.9456
478348 478347 14.6304
478347 478348 14.6304
478347 478345 4.8168
478345 478347 4.8168
9867 1696553 0.7754
1696553 9867 0.7754
1696553 478355 0.1721
478355 1696553 0.1721
478355 285593 0.7128
285593 478355 0.7128
285593 285620 0.9029
285620 285593 0.9029
285620 478359 1.7323
478359 285620 1.7323
478359 285408 0.5357
285408 478359 0.5357
285408 9866 1.2002
9866 285408 1.2002
9866 9861 1.0642
9861 9866 1.0642
9861 474900 0.5098
474900 9861 0.5098
474900 107817 0.4068
107817 474900 0.4068
319684 630164 1.8252
630164 319684 1.8252
630164 1696552 0.3888
1696552 630164 0.3888
1696552 1589594 1.056
1589594 1696552 1.056
1589594 478497 1.2852
478497 1589594 1.2852
478497 193776 1.7652
193776 478497 1.7652
193776 630160 1.6716
630160 193776 1.6716
630160 193777 0.8604
193777 630160 0.8604
193777 9863 2.1624
9863 193777 2.1624
9863 9864 3.4116
9864 9863 3.4116
9864 9865 2.5428
9865 9864 2.5428
9865 478422 1.9284
478422 9865 1.9284
478422 319705 2.1648
319705 478422 2.1648
319705 478412 2.5896
478412 319705 2.5896
478412 478400 3.5568
478400 478412 3.5568
478400 107814 2.496
107814 478400 2.496
107814 478330 2.3508
478330 107814 2.3508
478330 478325 5.1324
478325 478330 5.1324
478325 478320 3.216
478320 478325 3.216
478320 478319 0.552
478319 478320 0.552
478319 478318 0.2244
478318 478319 0.2244
478318 478309 3.912
478309 478318 3.912
478309 478304 1.3296
478304 478309 1.3296
478304 478303 0.2376
478303 478304 0.2376
478303 478300 0.8856
478300 478303 0.8856
478300 478298 1.0188
478298 478300 1.0188
478298 478297 0.2676
478297 478298 0.2676
478297 478293 1.2228
478293 478297 1.2228
478293 478291 0.7428
478291 478293 0.7428
478291 478289 1.206
478289 478291 1.206
9883 285351 1.104
285351 9883 1.104
285351 10178 2.2218
10178 285351 2.2218
10178 693269 0.5328
693269 10178 0.5328
693269 693270 1.2426
693270 693269 1.2426
9934 494348 1.182
494348 9934 1.182
494348 9935 1.2228
9935 494348 1.2228
9935 494350 1.3908
494350 9935 1.3908
494350 9936 0.9408
9936 494350 0.9408
9936 494357 5.9412
494357 9936 5.9412
494357 9937 3.1344
9937 494357 3.1344
9937 9932 9.5004
9932 9937 9.5004
9932 494380 2.232
494380 9932 2.232
494380 9933 1.8888
9933 494380 1.8888
9933 6475 3.7104
6475 9933 3.7104
2000534 2001785 15.4728
2001785 2000534 15.4728
2001785 119912 275.4072
119912 2001785 275.4072
119912 2001923 19.4616
2001923 119912 19.4616
2001923 1623717 15.012
1623717 2001923 15.012
1623717 1211220 6.5808
1211220 1623717 6.5808
1211220 1211218 15.7176
1211218 1211220 15.7176
1211218 1211219 12.1752
1211219 1211218 12.1752
1211219 469811 20.556
469811 1211219 20.556
471635 2015279 10.4256
2015279 471635 10.4256
10074 10075 8.1504
10075 10074 8.1504
10075 10076 11.1672
10076 10075 11.1672
10076 10077 29.0808
10077 10076 29.0808
10077 189422 6.3792
189422 10077 6.3792
10121 106158 3.624
106158 10121 3.624
106158 10096 21.4272
10096 106158 21.4272
10096 10094 0.7236
10094 10096 0.7236
10094 292970 27.6156
292970 10094 27.6156
292970 10079 4.6704
10079 292970 4.6704
10079 10080 32.7552
10080 10079 32.7552
10080 10081 14.2992
10081 10080 14.2992
10081 1531764 7.3776
1531764 10081 7.3776
10082 10074 7.5384
10074 10082 7.5384
10074 10083 4.7616
10083 10074 4.7616
10083 10084 10.8072
10084 10083 10.8072
10084 10085 10.26
10085 10084 10.26
10085 10086 16.752
10086 10085 16.752
10086 10092 12.3756
10092 10086 12.3756
10092 10087 1.3488
10087 10092 1.3488
10087 10088 11.544
10088 10087 11.544
10088 10089 2.0952
10089 10088 2.0952
10089 10090 9.1224
10090 10089 9.1224
10090 285359 0.9864
285359 10090 0.9864
285359 106158 1.0236
106158 285359 1.0236
10091 10092 8.0676
10092 10091 8.0676
10092 10093 0.6888
10093 10092 0.6888
10093 285127 6.4632
285127 10093 6.4632
285127 10094 0.7788
10094 285127 0.7788
106158 106159 8.2488
106159 106158 8.2488
106159 10095 21.0252
10095 106159 21.0252
10095 27268 7.9656
27268 10095 7.9656
27268 10094 0.6432
10094 27268 0.6432
1531764 1536191 8.736
1536191 1531764 8.736
1536191 10097 11.22
10097 1536191 11.22
10097 10073 32.784
10073 10097 32.784
10073 10095 35.4792
10095 10073 35.4792
10097 10098 3.3432
10098 10097 3.3432
10098 10080 5.5248
10080 10098 5.5248
10080 10082 5.598
10082 10080 5.598
10091 10099 10.6164
10099 10091 10.6164
10099 292968 12.372
292968 10099 12.372
292968 10100 2.6352
10100 292968 2.6352
10122 10123 9.1735
10123 10122 9.1735
10123 285109 5.4367
285109 10123 5.4367
285109 10124 0.869
10124 285109 0.869
10124 10125 0.643
10125 10124 0.643
10125 10127 0.7747
10127 10125 0.7747
10127 284933 0.6746
284933 10127 0.6746
284933 10126 0.9144
10126 284933 0.9144
10126 10242 15.4685
10242 10126 15.4685
10242 285124 0.5386
285124 10242 0.5386
285124 10241 0.6185
10241 285124 0.6185
10121 285190 1.2686
285190 10121 1.2686
285190 284936 1.1959
284936 285190 1.1959
284936 1068903 5.4698
1068903 284936 5.4698
1068903 10118 0.5407
10118 1068903 0.5407
10118 10119 1.0958
10119 10118 1.0958
10119 285226 1.314
285226 10119 1.314
285226 285269 8.0006
285269 285226 8.0006
285269 1382867 2.7922
1382867 285269 2.7922
1382867 204483 1.7028
204483 1382867 1.7028
10128 10129 12.3984
10129 10128 12.3984
2015281 10175 0.0223
10175 2015281 0.0223
2015283 10188 11.4048
10188 2015283 11.4048
10188 10189 23.1012
10189 10188 23.1012
10189 10168 8.8272
10168 10189 8.8272
10168 10169 6.768
10169 10168 6.768
10169 10170 5.958
10170 10169 5.958
10170 10171 9.9216
10171 10170 9.9216
10171 10205 9.9396
10205 10171 9.9396
10205 10172 24.0264
10172 10205 24.0264
10172 10207 22.374
10207 10172 22.374
10207 10173 12.1788
10173 10207 12.1788
10173 10174 3.4272
10174 10173 3.4272
10174 10175 2.9916
10175 10174 2.9916
10189 10192 40.9248
10192 10189 40.9248
10193 10194 8.1396
10194 10193 8.1396
10194 10195 4.3704
10195 10194 4.3704
10195 10196 22.1544
10196 10195 22.1544
10196 10197 6.3612
10197 10196 6.3612
10197 292683 14.6412
292683 10197 14.6412
292683 10206 24.0732
10206 292683 24.0732
10206 10198 15.084
10198 10206 15.084
10198 10199 7.056
10199 10198 7.056
10199 10200 5.1048
10200 10199 5.1048
10200 10201 9.5724
10201 10200 9.5724
10201 292670 6.7788
292670 10201 6.7788
292670 10202 10.1772
10202 292670 10.1772
10202 10203 6.8904
10203 10202 6.8904
10203 10204 12.078
10204 10203 12.078
10204 10170 4.9824
10170 10204 4.9824
10205 293066 43.0416
293066 10205 43.0416
10207 293033 35.4276
293033 10207 35.4276
10233 10234 7.8084
10234 10233 7.8084
10234 10235 7.4808
10235 10234 7.4808
10235 10236 7.2
10236 10235 7.2
10236 10237 8.1432
10237 10236 8.1432
10237 10238 7.6824
10238 10237 7.6824
10238 1534927 6.2244
1534927 10238 6.2244
1534927 10239 2.106
10239 1534927 2.106
10239 10240 12.1608
10240 10239 12.1608
10240 10241 14.0436
10241 10240 14.0436
10241 10103 3.6605
10103 10241 3.6605
10103 10104 4.3985
10104 10103 4.3985
10104 285027 0.7013
285027 10104 0.7013
285027 10105 0.4291
10105 285027 0.4291
10105 10106 0.4882
10106 10105 0.4882
10106 285183 0.4961
285183 10106 0.4961
285183 1021765 0.8568
1021765 285183 0.8568
1021765 10107 2.0398
10107 1021765 2.0398
10107 10108 3.8772
10108 10107 3.8772
10108 284958 0.6545
284958 10108 0.6545
284958 10109 0.7812
10109 284958 0.7812
10109 285096 0.8194
285096 10109 0.8194
285096 10110 0.8561
10110 285096 0.8561
10110 10111 0.8222
10111 10110 0.8222
10111 285140 0.8453
285140 10111 0.8453
285140 285274 1.026
285274 285140 1.026
285274 10112 0.653
10112 285274 0.653
10112 285055 0.6055
285055 10112 0.6055
285055 10113 0.8834
10113 285055 0.8834
10113 10114 12.7483
10114 10113 12.7483
10114 285065 10.6438
285065 10114 10.6438
285065 10115 1.3673
10115 285065 1.3673
10115 285223 0.9569
285223 10115 0.9569
285223 284969 0.7646
284969 285223 0.7646
284969 10070 0.7459
10070 284969 0.7459
10070 285286 0.8064
285286 10070 0.8064
285286 10116 0.8302
10116 285286 0.8302
10116 10117 1.9692
10117 10116 1.9692
10117 285312 1.3615
285312 10117 1.3615
285312 10121 1.1059
10121 285312 1.1059
297485 6551 0.3245
6551 297485 0.3245
6551 488352 0.1692
488352 6551 0.1692
488352 431266 3.7538
431266 488352 3.7538
431266 335538 0.2556
335538 431266 0.2556
335538 335558 1.8962
335558 335538 1.8962
335558 335560 1.4652
335560 335558 1.4652
335560 335551 1.8519
335551 335560 1.8519
335551 335556 1.4076
335556 335551 1.4076
335556 1575146 1.9023
1575146 335556 1.9023
1575146 335521 1.8967
335521 1575146 1.8967
335521 335545 2.5082
335545 335521 2.5082
335545 335553 3.0153
335553 335545 3.0153
6471 285177 1.3654
285177 6471 1.3654
285177 285144 7.5641
285144 285177 7.5641
285144 6474 1.2009
6474 285144 1.2009
6474 285101 6.0742
285101 6474 6.0742
285101 6475 2.178
6475 285101 2.178
6475 494388 0.8239
494388 6475 0.8239
494388 1612245 0.8162
1612245 494388 0.8162
1612245 494385 1.1566
494385 1612245 1.1566
494385 494379 2.1574
494379 494385 2.1574
494379 418294 0.3353
418294 494379 0.3353
418294 494372 2.5894
494372 418294 2.5894
494372 285278 1.6709
285278 494372 1.6709
285278 418293 0.611
418293 285278 0.611
418293 6476 0.5081
6476 418293 0.5081
6476 9643 0.4845
9643 6476 0.4845
9643 418291 0.4485
418291 9643 0.4485
418291 285033 0.3651
285033 418291 0.3651
285033 418289 0.397
418289 285033 0.397
418289 6477 0.431
6477 418289 0.431
6477 418290 0.5637
418290 6477 0.5637
418290 6478 0.4881
6478 418290 0.4881
6478 418292 0.3852
418292 6478 0.3852
418292 1612272 0.791
1612272 418292 0.791
1612272 6479 2.501
6479 1612272 2.501
6479 547624 4.9917
547624 6479 4.9917
547624 9648 1.1232
9648 547624 1.1232
9648 6480 8.0506
6480 9648 8.0506
6480 494386 1.476
494386 6480 1.476
494386 494387 0.919
494387 494386 0.919
494387 234530 0.6778
234530 494387 0.6778
234530 234531 2.0957
234531 234530 2.0957
10705 2015287 2.4372
2015287 10705 2.4372
293035 2015289 1.0476
2015289 293035 1.0476
293035 10703 7.47
10703 293035 7.47
10703 10708 68.3964
10708 10703 68.3964
10708 10704 109.8252
10704 10708 109.8252
10705 10713 37.692
10713 10705 37.692
10713 10710 14.1264
10710 10713 14.1264
10710 10707 20.4552
10707 10710 20.4552
2015291 10707 33.21
10707 2015291 33.21
10707 10708 16.9308
10708 10707 16.9308
2015293 10722 6.9876
10722 2015293 6.9876
10722 1140059 4.986
1140059 10722 4.986
1140059 10723 13.5936
10723 1140059 13.5936
10723 10724 18.9576
10724 10723 18.9576
10724 1140058 11.1636
1140058 10724 11.1636
1140058 10725 13.8708
10725 1140058 13.8708
10725 10726 13.824
10726 10725 13.824
