44638
28252 1031331 0.3902
1031331 28252 0.3902
1031331 355240 0.2146
355240 1031331 0.2146
355240 355238 0.3452
355238 355240 0.3452
355238 355235 3.5179
355235 355238 3.5179
355235 3028 0.5933
3028 355235 0.5933
3028 355234 1.2301
355234 3028 1.2301
355234 18577 0.8766
18577 355234 0.8766
18577 339465 0.5054
339465 18577 0.5054
339465 355233 0.9392
355233 339465 0.9392
355233 355232 0.5623
355232 355233 0.5623
355232 355231 0.6656
355231 355232 0.6656
355231 1740815 4.4654
1740815 355231 4.4654
26232 476978 2.0617
476978 26232 2.0617
476978 476979 0.4266
476979 476978 0.4266
476979 3118 0.6894
3118 476979 0.6894
3118 476980 0.7729
476980 3118 0.7729
476980 45242 4.1688
45242 476980 4.1688
45242 3119 1.5908
3119 45242 1.5908
3119 3120 4.4233
3120 3119 4.4233
3120 1016767 1.2193
1016767 3120 1.2193
1016767 1021016 6.0134
1021016 1016767 6.0134
1021016 41949 5.1282
41949 1021016 5.1282
41949 1022061 3.8041
1022061 41949 3.8041
1022061 45241 3.0319
45241 1022061 3.0319
45241 22969 2.7788
22969 45241 2.7788
22969 22975 9.5573
22975 22969 9.5573
22975 41994 7.8509
41994 22975 7.8509
41994 16163 2.7608
16163 41994 2.7608
16163 44787 1.2377
44787 16163 1.2377
44787 3121 2.3044
3121 44787 2.3044
3121 41960 3.8696
41960 3121 3.8696
41960 630449 2.191
630449 41960 2.191
630449 44789 1.008
44789 630449 1.008
44789 3122 1.0339
3122 44789 1.0339
2015195 711141 4.6014
711141 328999 2.5092
328999 798260 9.2358
798260 361480 6.8082
361480 361478 7.4826
361478 43086 24.2076
2015199 1447514 0.481
1447514 2015199 0.481
1447514 630731 0.967
630731 1447514 0.967
630731 1447507 0.7168
1447507 630731 0.7168
1447507 83837 2.8987
83837 1447507 2.8987
83837 1495487 2.61
1495487 83837 2.61
1495487 1471985 0.3067
1471985 1495487 0.3067
1471985 630732 2.1028
630732 1471985 2.1028
630732 1495482 0.5357
1495482 630732 0.5357
1495482 474100 1.2622
474100 1495482 1.2622
67066 16171 1.8342
16171 3397 0.5118
3397 16172 0.801
16172 3398 0.78
3398 3399 1.0782
116328 16173 0.9936
16173 4843 0.7476
4843 16174 0.939
16174 4844 0.5664
4844 3396 1.5966
3394 679404 0.4126
679404 3394 0.4126
679404 43077 3.6497
43077 679404 3.6497
43077 1666854 1.9555
1666854 43077 1.9555
1666854 835228 2.4023
835228 1666854 2.4023
835228 4845 4.3128
4845 835228 4.3128
4845 679492 0.6455
679492 4845 0.6455
679492 4846 0.5321
4846 679492 0.5321
4846 835044 0.4846
835044 4846 0.4846
835044 4847 0.7639
4847 835044 0.7639
4847 1471990 2.5841
1471990 4847 2.5841
1471990 1471994 4.3765
1471994 1471990 4.3765
1471994 83841 1.0652
83841 1471994 1.0652
83841 83843 0.3503
83843 83841 0.3503
83843 83842 0.3942
83842 83843 0.3942
83842 4848 0.2833
4848 83842 0.2833
4848 115912 1.6135
115912 4848 1.6135
4868 4869 11.9466
4869 116337 4.8755
29745 2015223 4.5684
2015223 29745 4.5684
9868 285233 0.4036
285233 9868 0.4036
285233 285088 0.4046
285088 285233 0.4046
285088 285047 3.4416
285047 285088 3.4416
285047 693271 4.6141
693271 285047 4.6141
693271 285171 3.6756
285171 693271 3.6756
285171 9869 1.3144
9869 285171 1.3144
9869 285052 1.2247
285052 9869 1.2247
285052 10265 0.4399
10265 285052 0.4399
10265 285135 0.3805
285135 10265 0.3805
285135 285094 0.5429
285094 285135 0.5429
285094 285205 1.5516
285205 285094 1.5516
10010 10009 4.5185
10009 10010 4.5185
10009 404616 0.4855
404616 10009 0.4855
404616 404615 0.3903
404615 404616 0.3903
404615 10002 0.2926
10002 404615 0.2926
9903 9904 2.839
9904 9903 2.839
9904 1414259 4.1688
1414259 9904 4.1688
1414259 285668 0.7078
285668 1414259 0.7078
9868 285292 0.4518
285292 9868 0.4518
285292 284976 0.5616
284976 285292 0.5616
284976 285229 0.6042
285229 284976 0.6042
9921 285400 2.8173
285400 9921 2.8173
285400 285548 1.3083
285548 285400 1.3083
285548 9922 0.9679
9922 285548 0.9679
9922 1368099 3.239
1368099 9922 3.239
1368099 285380 0.8733
285380 1368099 0.8733
285380 294200 12.8669
294200 285380 12.8669
294200 280740 12.366
280740 294200 12.366
280740 280741 4.2223
280741 280740 4.2223
280741 285676 18.4449
285676 280741 18.4449
285676 1945827 0.6521
1945827 285676 0.6521
1945827 9923 0.3137
9923 1945827 0.3137
9923 9924 1.6879
9924 9923 1.6879
9924 9925 1.243
9925 9924 1.243
9925 10249 0.7838
10249 9925 0.7838
10249 10244 0.3996
10244 10249 0.3996
10244 285598 0.8157
285598 10244 0.8157
285598 285645 5.6535
285645 285598 5.6535
285645 285673 4.3735
285673 285645 4.3735
285673 285575 1.3407
285575 285673 1.3407
285575 9926 1.4122
9926 285575 1.4122
9926 285552 1.5501
285552 9926 1.5501
285552 285679 1.3089
285679 285552 1.3089
9920 9921 2.3133
9921 9920 2.3133
9982 9983 3.0751
9983 9982 3.0751
9983 9984 3.9046
9984 9983 3.9046
9984 9985 4.6915
9985 9984 4.6915
2015275 9985 3.641
9985 2015275 3.641
9907 285618 0.5878
285618 9907 0.5878
285618 285499 0.5611
285499 285618 0.5611
285499 9908 0.4953
9908 285499 0.4953
9908 285405 0.7272
285405 9908 0.7272
285405 9909 1.6663
9909 285405 1.6663
9909 9910 0.9237
9910 9909 0.9237
9910 285522 4.4625
285522 9910 4.4625
285522 285492 1.9111
285492 285522 1.9111
285492 9911 3.5337
9911 285492 3.5337
9911 285546 0.6387
285546 9911 0.6387
285546 285453 0.6274
285453 285546 0.6274
285453 285426 0.5935
285426 285453 0.5935
285426 9912 1.1782
9912 285426 1.1782
9912 1674668 0.233
1674668 9912 0.233
2015277 10016 1.7218
10016 2015277 1.7218
10016 1559310 4.5103
1559310 10016 4.5103
1559310 10015 5.8279
10015 1559310 5.8279
10015 10014 11.3035
10014 10015 11.3035
10014 10013 1.115
10013 10014 1.115
10013 10012 2.3796
10012 10013 2.3796
10012 10011 0.8316
10011 10012 0.8316
10011 10010 5.2925
10010 10011 5.2925
12774 969300 1.0266
969300 12774 1.0266
969300 1961052 5.9292
1961052 969300 5.9292
1961052 481641 1.7286
481641 1961052 1.7286
481641 1961053 8.2422
1961053 481641 8.2422
1961053 976372 2.979
976372 1961053 2.979
976372 10024 1.122
10024 976372 1.122
10186 1728461 5.886
1728461 10186 5.886
1728461 292680 16.812
292680 1728461 16.812
292680 10164 1.944
10164 292680 1.944
10164 988797 46.4976
988797 10164 46.4976
988797 10165 27.7308
10165 988797 27.7308
10165 10166 8.568
10166 10165 8.568
292676 2015281 2.6474
2015281 292676 2.6474
292676 10179 0.6732
10179 292676 0.6732
10179 10180 0.8273
10180 10179 0.8273
10180 10181 0.9878
10181 10180 0.9878
10181 10191 0.3463
10191 10181 0.3463
10191 10182 1.1441
10182 10191 1.1441
10182 10183 1.7388
10183 10182 1.7388
10183 10184 1.9447
10184 10183 1.9447
10184 10185 5.0314
10185 10184 5.0314
10185 10186 0.895
10186 10185 0.895
10186 1728458 1.2024
1728458 10186 1.2024
1728458 1728457 0.7884
1728457 1728458 0.7884
1728457 1728460 0.81
1728460 1728457 0.81
1728460 1728459 1.1052
1728459 1728460 1.1052
1728459 10187 83.7864
10187 1728459 83.7864
10166 10167 13.104
10167 10166 13.104
10167 10187 10.3428
10187 10167 10.3428
10187 2015283 13.2552
2015283 10187 13.2552
10190 10191 21.3552
10191 10190 21.3552
10219 10222 2.8512
10222 10219 2.8512
10222 10223 4.9068
10223 10222 4.9068
10223 10224 11.2464
10224 10223 11.2464
10224 10225 5.814
10225 10224 5.814
10225 10226 6.0084
10226 10225 6.0084
10226 10227 5.4792
10227 10226 5.4792
10227 10228 4.0644
10228 10227 4.0644
10228 10229 4.5684
10229 10228 4.5684
10229 1668737 16.2252
1668737 10229 16.2252
1668737 10230 10.3356
10230 1668737 10.3356
10303 10275 1.3457
10275 10303 1.3457
10275 10349 2.587
10349 10275 2.587
10349 10276 9.851
10276 10349 9.851
10276 285508 4.2905
285508 10276 4.2905
285508 744027 0.2966
744027 285508 0.2966
744027 10277 0.9511
10277 744027 0.9511
10277 744029 2.394
744029 10277 2.394
744029 10278 0.4802
10278 744029 0.4802
10278 10279 16.3642
10279 10278 16.3642
10279 10390 9.7834
10390 10279 9.7834
10390 10280 2.25
10280 10390 2.25
10280 10281 5.0861
10281 10280 5.0861
10281 10350 9.7963
10350 10281 9.7963
10350 10282 6.0386
10282 10350 6.0386
10282 284578 11.0693
284578 10282 11.0693
284578 10283 9.0526
10283 284578 9.0526
10283 10284 1.4911
10284 10283 1.4911
10818 10294 2.6436
10294 10818 2.6436
10294 10295 4.0536
10295 10294 4.0536
10295 10296 3.2352
10296 10295 3.2352
10296 10303 3.402
10303 10296 3.402
10303 10297 2.8368
10297 10303 2.8368
10297 10298 1.674
10298 10297 1.674
10298 10299 10.0872
10299 10298 10.0872
10299 10300 12.9912
10300 10299 12.9912
10300 10301 5.274
10301 10300 5.274
10301 10801 1.3272
10801 10301 1.3272
10801 10302 2.1276
10302 10801 2.1276
10302 10331 5.6124
10331 10302 5.6124
10331 10285 15.7716
10285 10331 15.7716
10285 10286 2.1324
10286 10285 2.1324
10286 10287 3.2544
10287 10286 3.2544
10287 10288 1.0968
10288 10287 1.0968
10288 10289 7.4244
10289 10288 7.4244
10289 10798 2.5068
10798 10289 2.5068
10798 10290 9.6312
10290 10798 9.6312
10290 10291 5.2572
10291 10290 5.2572
10291 10292 2.6628
10292 10291 2.6628
10292 1534890 16.1568
1534890 10292 16.1568
1534890 10293 0.6696
10293 1534890 0.6696
10313 10314 82.4544
10314 10313 82.4544
10314 10315 5.4504
10315 10314 5.4504
10315 10329 38.4948
10329 10315 38.4948
10329 10333 32.76
10333 10329 32.76
10333 10316 6.4188
10316 10333 6.4188
10316 10317 4.2336
10317 10316 4.2336
10317 1668689 4.9104
1668689 10317 4.9104
1668689 1668688 7.704
1668688 1668689 7.704
1668688 10318 5.742
10318 1668688 5.742
10318 10319 4.0032
10319 10318 4.0032
10319 10339 23.886
10339 10319 23.886
10339 10320 10.8936
10320 10339 10.8936
10320 10321 4.4172
10321 10320 4.4172
10321 10322 6.0732
10322 10321 6.0732
10322 10343 9.2628
10343 10322 9.2628
10343 293059 3.9492
293059 10343 3.9492
293059 10323 6.4116
10323 293059 6.4116
10323 10324 5.7096
10324 10323 5.7096
10324 10325 6.0156
10325 10324 6.0156
10325 10326 3.2148
10326 10325 3.2148
10326 10287 26.5176
10287 10326 26.5176
10327 293040 4.0392
293040 10327 4.0392
293040 10328 43.4484
10328 293040 43.4484
10328 10330 41.9652
10330 10328 41.9652
10330 10329 33.9696
10329 10330 33.9696
10330 10332 24.1308
10332 10330 24.1308
10332 10336 23.3964
10336 10332 23.3964
10336 10338 24.138
10338 10336 24.138
10338 10341 23.6808
10341 10338 23.6808
10341 10345 23.1552
10345 10341 23.1552
10345 10346 24.8328
10346 10345 24.8328
10346 10331 6.9372
10331 10346 6.9372
10333 293045 17.9496
293045 10333 17.9496
293045 10332 98.3232
10332 293045 98.3232
10335 10336 104.0832
10336 10335 104.0832
10336 10318 73.1124
10318 10336 73.1124
10337 10338 108.612
10338 10337 108.612
10338 293073 67.2876
293073 10338 67.2876
293073 10339 15.8364
10339 293073 15.8364
10340 10341 111.7188
10341 10340 111.7188
10341 10342 71.1036
10342 10341 71.1036
10342 10343 5.0724
10343 10342 5.0724
10344 10345 113.6124
10345 10344 113.6124
10345 10326 63.4896
10326 10345 63.4896
10346 10347 37.152
10347 10346 37.152
10347 10312 79.2432
10312 10347 79.2432
10333 10357 6.0048
10357 10333 6.0048
10357 10358 4.7484
10358 10357 4.7484
10358 10359 6.0336
10359 10358 6.0336
10359 10360 6.3936
10360 10359 6.3936
10360 293036 8.2692
293036 10360 8.2692
293036 10361 7.5312
10361 293036 7.5312
10361 10362 4.8456
10362 10361 4.8456
10362 10363 14.7312
10363 10362 14.7312
10376 10377 15.5232
10377 10376 15.5232
10377 10378 9.18
10378 10377 9.18
10378 10379 15.5304
10379 10378 15.5304
10379 10380 18.1008
10380 10379 18.1008
10380 10381 17.8632
10381 10380 17.8632
10381 10382 23.4792
10382 10381 23.4792
10382 10383 32.0508
10383 10382 32.0508
10383 10384 21.9492
10384 10383 21.9492
10384 10386 3.7764
10386 10384 3.7764
10386 10385 13.3092
10385 10386 13.3092
10385 10360 7.9452
10360 10385 7.9452
10256 293070 6.1128
293070 10256 6.1128
293070 10398 14.9688
10398 293070 14.9688
10398 10399 15.3864
10399 10398 15.3864
10399 10400 12.24
10400 10399 12.24
10400 10401 10.332
10401 10400 10.332
10401 10402 25.1208
10402 10401 25.1208
10402 10403 18.9216
10403 10402 18.9216
10403 10364 13.896
10364 10403 13.896
10364 10363 9.3672
10363 10364 9.3672
10387 10388 46.908
10388 10387 46.908
10388 10389 6.2172
10389 10388 6.2172
10389 10390 7.5024
10390 10389 7.5024
10262 10391 30.8664
10391 10262 30.8664
10391 10392 12.7152
10392 10391 12.7152
10392 10393 13.356
10393 10392 13.356
10393 10394 11.5488
10394 10393 11.5488
10394 10395 16.7256
10395 10394 16.7256
10395 10396 12.5064
10396 10395 12.5064
10396 10397 10.0728
10397 10396 10.0728
10397 293063 15.6168
293063 10397 15.6168
293063 293058 7.7256
293058 293063 7.7256
293058 10374 4.6296
10374 293058 4.6296
10580 10581 1.4802
10581 10580 1.4802
10581 12329 1.6674
12329 10581 1.6674
933378 10697 11.2752
10697 933378 11.2752
10721 2015291 2.8188
2015291 10721 2.8188
10711 10712 5.8392
10712 10711 5.8392
10714 10715 5.8788
10715 10714 5.8788
10715 10716 3.4884
10716 10715 3.4884
10716 10717 4.716
10717 10716 4.716
10717 10718 6.3072
10718 10717 6.3072
10718 10719 6.4368
10719 10718 6.4368
10719 10720 6.588
10720 10719 6.588
10720 1140027 23.0868
1140027 10720 23.0868
1140027 1140026 7.9416
1140026 1140027 7.9416
1140026 1140028 4.8708
1140028 1140026 4.8708
925559 2015293 5.6736
2015293 925559 5.6736
10796 10789 8.0244
10789 10796 8.0244
10789 293056 26.3556
293056 10789 26.3556
293056 293076 23.6628
293076 293056 23.6628
293076 10797 5.382
10797 293076 5.382
10797 10800 41.0076
10800 10797 41.0076
10800 10764 12.6828
10764 10800 12.6828
10764 10765 12.4668
10765 10764 12.4668
10765 1369095 9.2952
1369095 10765 9.2952
1369095 1369096 3.0312
1369096 1369095 3.0312
1369096 1369094 11.5992
1369094 1369096 11.5992
1369094 10763 3.1824
10763 1369094 3.1824
10763 1414695 5.5476
1414695 10763 5.5476
1414695 10766 3.1968
10766 1414695 3.1968
10766 10767 13.5144
10767 10766 13.5144
10767 10768 6.8724
10768 10767 6.8724
10768 293071 5.2668
293071 10768 5.2668
293071 10769 6.9084
10769 293071 6.9084
10795 1369093 11.3292
1369093 10795 11.3292
1369093 10836 33.6456
10836 1369093 33.6456
10836 10782 17.4312
10782 10836 17.4312
10782 10834 14.202
10834 10782 14.202
10834 10832 32.1084
10832 10834 32.1084
10832 10797 16.5636
10797 10832 16.5636
10775 10776 12.6108
10776 10775 12.6108
10776 10827 12.6252
10827 10776 12.6252
10827 293054 25.7652
293054 10827 25.7652
293054 10830 3.6
10830 293054 3.6
10830 10777 15.6132
10777 10830 15.6132
10777 10778 3.0816
10778 10777 3.0816
10778 10779 7.3764
10779 10778 7.3764
10779 293079 6.5844
293079 10779 6.5844
293079 10780 4.9536
10780 293079 4.9536
10780 10781 81.6552
10781 10780 81.6552
10789 10831 17.7264
10831 10789 17.7264
10831 10846 26.1144
10846 10831 26.1144
10846 10833 5.9292
10833 10846 5.9292
10833 10837 28.8216
10837 10833 28.8216
10837 10835 2.1996
10835 10837 2.1996
10835 10790 30.3084
10790 10835 30.3084
10790 10791 3.0204
10791 10790 3.0204
10791 293072 6.246
293072 10791 6.246
293072 10792 11.52
10792 293072 11.52
10792 293053 4.1292
293053 10792 4.1292
293053 1369093 30.2904
1369093 293053 30.2904
10798 10799 13.41
10799 10798 13.41
10799 10804 24.8508
10804 10799 24.8508
10804 10800 37.8108
10800 10804 37.8108
10801 10802 11.8656
10802 10801 11.8656
10802 10848 18.4824
10848 10802 18.4824
10848 10806 22.5396
10806 10848 22.5396
10806 10852 9.5868
10852 10806 9.5868
10852 10796 19.098
10796 10852 19.098
10796 1537132 8.2008
1537132 10796 8.2008
1537132 10803 4.3956
10803 1537132 4.3956
10804 10805 41.0004
10805 10804 41.0004
10805 10808 38.9268
10808 10805 38.9268
10808 10806 30.1716
10806 10808 30.1716
293048 1680959 10.62
1680959 293048 10.62
1680959 1680960 44.9532
1680960 1680959 44.9532
1680960 1680961 3.1068
1680961 1680960 3.1068
1680961 1680962 3.8232
1680962 1680961 3.8232
1680962 10807 3.3552
10807 1680962 3.3552
10807 1680963 3.2472
1680963 10807 3.2472
1680963 10808 11.0808
10808 1680963 11.0808
10788 10821 10.4544
10821 10788 10.4544
10821 10822 15.3612
10822 10821 15.3612
10822 10823 12.8484
10823 10822 12.8484
10823 10824 10.7244
10824 10823 10.7244
10824 10838 6.858
10838 10824 6.858
10838 10825 31.6296
10825 10838 31.6296
10825 10847 6.5268
10847 10825 6.5268
10847 10826 8.4888
10826 10847 8.4888
10826 10809 25.0668
10809 10826 25.0668
10809 10851 8.0352
10851 10809 8.0352
10851 10810 5.5692
10810 10851 5.5692
10810 10811 8.9352
10811 10810 8.9352
10811 10812 9.0684
10812 10811 9.0684
10812 10813 8.2836
10813 10812 8.2836
10813 10814 6.3036
10814 10813 6.3036
10814 10815 10.0764
10815 10814 10.0764
10815 10816 10.2708
10816 10815 10.2708
10816 10817 23.2452
10817 10816 23.2452
10817 10294 11.3364
10294 10817 11.3364
10771 10772 6.7788
10772 10771 6.7788
10772 10773 59.9688
10773 10772 59.9688
10773 10774 16.6068
10774 10773 16.6068
10774 10775 5.1804
10775 10774 5.1804
10775 10819 30.6108
10819 10775 30.6108
10819 10820 6.4836
10820 10819 6.4836
10820 10815 23.7312
10815 10820 23.7312
10827 10828 91.6812
10828 10827 91.6812
293042 10829 28.8072
10829 293042 28.8072
10829 10830 65.556
10830 10829 65.556
10831 10832 53.2836
10832 10831 53.2836
10833 10834 53.2908
10834 10833 53.2908
10835 10836 53.3124
10836 10835 53.3124
10837 10839 19.4292
10839 10837 19.4292
10839 10838 42.48
10838 10839 42.48
10839 10840 40.05
10840 10839 40.05
10823 10843 7.0056
10843 10823 7.0056
10843 293077 6.174
293077 10843 6.174
293077 10844 4.464
10844 293077 4.464
10844 10845 12.132
10845 10844 12.132
10845 10840 14.6124
10840 10845 14.6124
10846 10847 81.1368
10847 10846 81.1368
10848 10849 37.9044
10849 10848 37.9044
10849 10850 53.1036
10850 10849 53.1036
10850 10817 37.1844
10817 10850 37.1844
10803 10851 100.8864
10851 10803 100.8864
10878 10868 7.5132
10868 10878 7.5132
10868 10869 11.7
10869 10868 11.7
10869 10870 8.8344
10870 10869 8.8344
10870 10871 6.4188
10871 10870 6.4188
10871 10872 7.9416
10872 10871 7.9416
10872 10873 8.1288
10873 10872 8.1288
10873 10853 7.614
10853 10873 7.614
10853 10854 8.6616
10854 10853 8.6616
10854 10859 17.3664
10859 10854 17.3664
10859 10860 8.2944
10860 10859 8.2944
10860 10861 4.3056
10861 10860 4.3056
10861 293029 4.4712
293029 10861 4.4712
293029 10862 3.1356
10862 293029 3.1356
10862 10867 6.5196
10867 10862 6.5196
10867 10863 13.9068
10863 10867 13.9068
10863 10864 21.8376
10864 10863 21.8376
10864 10865 13.464
10865 10864 13.464
10865 10857 8.7732
10857 10865 8.7732
10866 293032 32.8644
293032 10866 32.8644
293032 10867 15.84
10867 293032 15.84
925559 1680967 14.8464
1680967 925559 14.8464
1680967 10874 2.4732
10874 1680967 2.4732
10874 10875 39.1932
10875 10874 39.1932
10875 10878 17.5176
10878 10875 17.5176
10878 10876 14.2596
10876 10878 14.2596
10876 10877 16.2432
10877 10876 16.2432
10854 10855 37.1124
10855 10854 37.1124
10855 10856 32.0148
10856 10855 32.0148
10856 10858 8.3304
10858 10856 8.3304
10858 10857 25.0776
10857 10858 25.0776
10883 10882 20.52
10882 10883 20.52
10882 10881 21.312
10881 10882 21.312
10881 10889 5.0832
10889 10881 5.0832
10889 10880 7.1424
10880 10889 7.1424
10880 2015295 6.9048
2015295 10880 6.9048
10852 1537133 1.6056
1537133 10852 1.6056
1537133 10884 49.9896
10884 1537133 49.9896
10884 10885 49.23
10885 10884 49.23
10885 10886 13.8384
10886 10885 13.8384
10886 1537134 12.4848
1537134 10886 12.4848
1537134 10815 5.5836
10815 1537134 5.5836
10887 12157 9.5544
12157 10887 9.5544
12157 12156 6.7752
12156 12157 6.7752
12156 12155 6.48
12155 12156 6.48
12155 12154 9.3744
12154 12155 9.3744
12154 12153 16.308
12153 12154 16.308
12153 10888 48.4992
10888 12153 48.4992
10888 10889 13.4424
10889 10888 13.4424
11490 11501 0.3931
11501 11490 0.3931
11501 964580 3.7692
964580 11501 3.7692
964580 1042108 4.6858
1042108 964580 4.6858
1042108 11491 2.2162
11491 1042108 2.2162
11491 1031423 0.7049
1031423 11491 0.7049
1031423 11492 0.7034
11492 1031423 0.7034
11492 11493 3.222
11493 11492 3.222
11493 11494 7.2756
11494 11493 7.2756
11494 970522 3.8786
970522 11494 3.8786
970522 970521 1.9872
970521 970522 1.9872
970521 11495 1.998
11495 970521 1.998
11495 11496 2.0138
11496 11495 2.0138
11496 11497 2.0311
11497 11496 2.0311
11497 11498 6.8573
11498 11497 6.8573
11498 746501 1.6949
746501 11498 1.6949
746501 1917042 3.5712
1917042 746501 3.5712
1917042 11522 1.8418
11522 1917042 1.8418
964578 11500 14.58
11500 964578 14.58
11500 1668746 67.8132
1668746 11500 67.8132
1668746 964577 3.8844
964577 1668746 3.8844
964577 11501 1.926
11501 964577 1.926
1917012 2015303 21.4704
2015303 1917012 21.4704
1917012 745504 34.956
745504 1917012 34.956
745504 1917016 18.0576
1917016 745504 18.0576
1917016 1917033 9.9
1917033 1917016 9.9
1917033 1917037 9.9648
1917037 1917033 9.9648
1917037 1917044 17.2728
1917044 1917037 17.2728
1917044 1917046 5.3784
1917046 1917044 5.3784
1917046 1917048 17.1144
1917048 1917046 17.1144
1917048 1949881 4.752
1949881 1917048 4.752
1949881 1949882 4.4856
1949882 1949881 4.4856
1949882 418635 16.7544
418635 1949882 16.7544
11552 11553 6.9444
11553 11552 6.9444
11553 11554 4.8924
11554 11553 4.8924
11554 11574 4.8816
11574 11554 4.8816
11574 969789 3.312
969789 11574 3.312
969789 11555 3.0204
11555 969789 3.0204
11555 11556 6.9084
11556 11555 6.9084
11556 11557 5.184
11557 11556 5.184
11557 969788 6.4188
969788 11557 6.4188
969788 11558 6.3612
11558 969788 6.3612
11558 969787 5.166
969787 11558 5.166
969787 11559 8.1108
11559 969787 8.1108
11559 11560 12.078
11560 11559 12.078
11560 11561 11.9556
11561 11560 11.9556
11561 11562 15.102
11562 11561 15.102
11562 11563 8.5176
11563 11562 8.5176
11563 11564 8.694
11564 11563 8.694
11564 746547 35.4744
746547 11564 35.4744
746547 11565 11.988
11565 746547 11.988
11565 418662 7.2828
418662 11565 7.2828
11574 11575 8.8416
11575 11574 8.8416
11575 11576 6.2676
11576 11575 6.2676
11576 11566 11.268
11566 11576 11.268
11566 969775 8.0064
969775 11566 8.0064
969775 11567 9.1512
11567 969775 9.1512
11567 969776 5.364
969776 11567 5.364
969776 250554 26.0352
250554 969776 26.0352
250554 970506 25.1748
970506 250554 25.1748
970506 11568 0.3312
11568 970506 0.3312
11568 11569 17.2764
11569 11568 17.2764
11526 11527 19.98
11527 11526 19.98
11527 11528 29.3832
11528 11527 29.3832
11528 11529 27.972
11529 11528 27.972
11529 2015305 36.4896
2015305 11529 36.4896
11509 2015307 13.4712
2015307 11509 13.4712
11509 2015309 0.72
2015309 11509 0.72
1917008 2015311 28.4976
2015311 1917008 28.4976
1917008 1917020 35.8776
1917020 1917008 35.8776
1917020 1917025 15.7968
1917025 1917020 15.7968
1917025 11514 31.1328
11514 1917025 31.1328
11514 1025255 13.4352
1025255 11514 13.4352
1025255 11515 23.5584
11515 1025255 23.5584
11515 11516 16.7832
11516 11515 16.7832
11516 1573428 24.6312
1573428 11516 24.6312
1573428 11517 17.3664
11517 1573428 17.3664
11517 11518 25.308
11518 11517 25.308
11518 11519 19.3824
11519 11518 19.3824
11519 11520 19.0944
11520 11519 19.0944
11520 11521 22.464
11521 11520 22.464
11521 11522 13.5576
11522 11521 13.5576
11522 1917023 1.5163
1917023 11522 1.5163
1917023 11499 8.6083
11499 1917023 8.6083
11499 11483 8.8193
11483 11499 8.8193
11483 11484 1.6495
11484 11483 1.6495
11484 11485 2.8253
11485 11484 2.8253
11485 11569 0.4594
11569 11485 0.4594
11569 955647 0.7466
955647 11569 0.7466
955647 967697 1.2002
967697 955647 1.2002
967697 1573443 3.3127
1573443 967697 3.3127
1573443 11486 1.0699
11486 1573443 1.0699
11486 968911 5.2106
968911 11486 5.2106
968911 970350 3.0859
970350 968911 3.0859
970350 970344 0.6012
970344 970350 0.6012
970344 11487 1.1491
11487 970344 1.1491
11487 970347 0.7546
970347 11487 0.7546
970347 11488 2.9765
11488 970347 2.9765
11488 11489 1.5019
11489 11488 1.5019
12358 12303 4.5816
12303 12358 4.5816
12303 1042735 4.8288
1042735 12303 4.8288
1042735 12348 0.8976
12348 1042735 0.8976
12348 12304 4.674
12304 12348 4.674
12304 12305 2.5416
12305 12304 2.5416
12305 12349 4.3488
12349 12305 4.3488
12349 968854 0.78
968854 12349 0.78
968854 12306 2.6592
12306 968854 2.6592
12306 1042765 5.5584
1042765 12306 5.5584
1042765 12354 1.044
12354 1042765 1.044
12354 1042767 0.774
1042767 12354 0.774
1042767 235383 5.736
235383 1042767 5.736
235383 968870 6.2316
968870 235383 6.2316
968870 12307 0.8268
12307 968870 0.8268
12307 235443 5.4756
235443 12307 5.4756
235443 12343 10.4856
12343 235443 10.4856
12343 235397 3.0636
235397 12343 3.0636
235397 12308 7.2528
12308 235397 7.2528
12308 12309 10.8948
12309 12308 10.8948
12309 968893 0.6996
968893 12309 0.6996
968893 235434 6.1848
235434 968893 6.1848
235434 12310 0.528
12310 235434 0.528
12310 978368 2.436
978368 12310 2.436
978368 978369 2.9352
978369 978368 2.9352
978369 956516 5.0916
956516 978369 5.0916
956516 10582 1.1892
10582 956516 1.1892
12318 711582 0.8734
711582 12318 0.8734
711582 12319 0.4601
12319 711582 0.4601
12319 955991 14.8111
955991 12319 14.8111
955991 12320 2.8426
12320 955991 2.8426
12320 955977 12.6266
955977 12320 12.6266
955977 746552 2.8145
746552 955977 2.8145
746552 711583 2.7346
711583 746552 2.7346
711583 12321 2.6834
12321 711583 2.6834
12321 960751 17.7286
960751 12321 17.7286
960751 960746 2.4818
960746 960751 2.4818
960746 711584 5.7499
711584 960746 5.7499
711584 955952 1.2031
955952 711584 1.2031
955952 12322 3.9283
12322 955952 3.9283
12322 453538 4.7066
453538 12322 4.7066
453538 978421 1.2334
978421 453538 1.2334
978421 711585 3.371
711585 978421 3.371
711585 955905 0.437
955905 711585 0.437
955905 12323 1.2182
12323 955905 1.2182
12323 970501 3.294
970501 12323 3.294
970501 12324 0.6746
12324 970501 0.6746
12324 955921 0.5954
955921 12324 0.5954
955921 970498 1.1693
970498 955921 1.1693
970498 12325 3.3739
12325 970498 3.3739
12325 955923 0.5393
955923 12325 0.5393
955923 960738 1.1254
960738 955923 1.1254
960738 953761 1.3306
953761 960738 1.3306
953761 960737 2.4142
960737 953761 2.4142
960737 12326 0.324
12326 960737 0.324
12326 1049334 0.7574
1049334 12326 0.7574
1049334 953760 0.7531
953760 1049334 0.7531
953760 711587 1.3565
711587 953760 1.3565
711587 967681 0.7301
967681 711587 0.7301
967681 39178 1.2823
39178 967681 1.2823
39178 967678 0.2894
967678 39178 0.2894
967678 970193 0.7819
970193 967678 0.7819
970193 1049333 0.5479
1049333 970193 0.5479
1049333 968906 4.2833
968906 1049333 4.2833
968906 969322 3.8477
969322 968906 3.8477
969322 39177 1.2701
39177 969322 1.2701
39177 978383 0.6134
978383 39177 0.6134
978383 12327 0.5695
12327 978383 0.5695
418635 968863 0.9924
968863 418635 0.9924
968863 968862 0.3132
968862 968863 0.3132
968862 968868 3.9096
968868 968862 3.9096
968868 968875 3.6408
968875 968868 3.6408
968875 968882 2.376
968882 968875 2.376
968882 968886 1.8384
968886 968882 1.8384
968886 12330 1.2012
12330 968886 1.2012
12330 12331 2.1876
12331 12330 2.1876
12331 968888 1.0968
968888 12331 1.0968
968888 12332 2.8404
12332 968888 2.8404
12332 968890 4.266
968890 12332 4.266
968890 12333 3.8916
12333 968890 3.8916
12333 968892 2.8512
968892 12333 2.8512
968892 12345 7.878
12345 968892 7.878
12345 1042780 9.15
1042780 12345 9.15
1042780 100069 8.106
100069 1042780 8.106
100069 235444 4.488
235444 100069 4.488
235444 1042784 6.5712
1042784 235444 6.5712
1042784 12328 0.7536
12328 1042784 0.7536
12328 1042785 3.9288
1042785 12328 3.9288
1042785 12342 2.9592
12342 1042785 2.9592
12342 978386 1.932
978386 12342 1.932
978386 1042786 1.8048
1042786 978386 1.8048
1042786 12329 0.5856
12329 1042786 0.5856
12335 12346 8.0412
12346 12335 8.0412
12346 12344 1.5096
12344 12346 1.5096
12344 12336 19.506
12336 12344 19.506
12336 12337 3.1212
12337 12336 3.1212
12337 12338 4.044
12338 12337 4.044
12338 1042782 1.3572
1042782 12338 1.3572
1042782 12339 1.3632
12339 1042782 1.3632
12339 12340 1.7988
12340 12339 1.7988
12340 12341 2.334
12341 12340 2.334
12341 12342 2.2068
12342 12341 2.2068
12343 12344 7.5732
12344 12343 7.5732
12345 12346 6.9816
12346 12345 6.9816
12350 12347 9.1524
12347 12350 9.1524
12347 1042733 10.5792
1042733 12347 10.5792
1042733 12348 1.4124
12348 1042733 1.4124
12351 12349 26.5812
12349 12351 26.5812
12351 1042720 18.6264
1042720 12351 18.6264
1042720 1042721 9.1008
1042721 1042720 9.1008
1042721 12352 3.2436
12352 1042721 3.2436
12352 12356 4.0632
12356 12352 4.0632
12356 12353 13.2504
12353 12356 13.2504
12353 235445 3.8508
235445 12353 3.8508
235445 1042764 6.9792
1042764 235445 6.9792
1042764 12354 0.7932
12354 1042764 0.7932
12355 12356 15.9552
12356 12355 15.9552
12357 12358 15.1308
12358 12357 15.1308
12357 1042717 4.8336
1042717 12357 4.8336
1042717 12359 9.1104
12359 1042717 9.1104
12359 2015323 2.1384
2015323 12359 2.1384
12761 1367928 0.1861
1367928 12761 0.1861
1367928 1367906 1.211
1367906 1367928 1.211
1367906 2015325 0.1778
2015325 1367906 0.1778
1742729 1742730 1.4371
1742730 1742731 0.8482
1742731 355216 0.8186
355216 1245551 0.9425
1245551 355218 0.9468
355218 355221 1.0238
355221 1245552 0.8849
1245552 355222 0.8748
355222 1245553 0.8158
1245553 18698 0.9461
18698 1671445 0.8755
1671445 1671444 0.6264
1671444 1671443 0.6329
1671443 1245554 0.6761
1528441 1740816 3.5964
1740816 1720982 3.348
1720982 1720983 7.4232
1720983 1720981 8.3988
1720981 1528440 13.2408
1528440 1528439 21.0996
1528439 1528438 12.9672
1528438 1528437 6.1812
1528437 1528436 5.6448
1528436 1080696 3.6396
1080696 355211 4.3092
355211 1080700 4.1436
1080700 1080701 3.9276
1080701 355208 3.9852
355208 1080697 6.0912
1080697 1080705 3.222
1080705 355207 3.546
355207 1080698 4.1472
1080698 355205 5.6628
355205 1080699 5.994
1080699 355204 3.3516
355204 1080704 4.5468
1080704 355206 4.4064
355206 1080702 4.5468
1080702 18699 4.3596
18699 1739553 2.7108
1739553 1080703 3.3912
1080703 1739554 3.2148
1739554 1245556 2.7468
355217 18700 0.7716
18700 355215 0.8376
355215 18701 1.11
18701 355214 1.182
355214 355213 1.2288
355213 18702 1.1376
18702 355210 1.554
355210 355209 1.9608
355209 18703 12.378
18703 355201 2.5608
355201 355199 2.4528
355199 355198 2.5008
355198 18704 2.13
18704 1031324 4.8312
1031324 18705 2.6124
18812 1070319 8.5212
1070319 18813 7.6968
18813 18814 3.8196
18818 1070316 0.7038
1070316 1070317 0.4464
1070317 18819 0.2927
18819 18820 0.2887
18820 1070318 0.2779
1070318 18821 0.3071
18821 1729889 0.2675
1729889 18822 0.2718
22966 41996 2.827
41996 22966 2.827
41996 41947 5.4957
41947 41996 5.4957
22965 22968 20.1924
22968 22965 20.1924
22968 22966 17.3676
22966 22968 17.3676
22967 22968 8.8968
22968 22967 8.8968
41965 41964 17.7984
41964 41965 17.7984
41964 1601129 1.9536
1601129 41964 1.9536
1601129 41966 19.3464
41966 1601129 19.3464
22974 22972 9.3574
22972 22974 9.3574
22972 22970 4.355
22970 22972 4.355
22971 22972 5.772
22972 22971 5.772
22964 22978 21.1032
22978 22964 21.1032
22978 22976 7.0776
22976 22978 7.0776
22977 22978 49.0464
22978 22977 49.0464
22965 94724 3.912
94724 22965 3.912
24014 24015 4.344
24015 24014 4.344
24015 1021007 8.4972
1021007 24015 8.4972
1021007 1021006 4.32
1021006 1021007 4.32
1021006 24016 4.1844
24016 1021006 4.1844
24016 24032 4.0896
24032 24016 4.0896
22970 24017 3.6679
24017 22970 3.6679
24017 24018 4.3082
24018 24017 4.3082
24018 24019 3.474
24019 24018 3.474
24019 24033 2.5205
24033 24019 2.5205
22965 41952 4.1558
41952 22965 4.1558
41952 41948 7.4909
41948 41952 7.4909
41947 24020 4.4777
24020 41947 4.4777
24020 24021 13.1702
24021 24020 13.1702
24021 41948 5.0609
41948 24021 5.0609
41948 24022 5.3806
24022 41948 5.3806
24022 24023 9.4874
24023 24022 9.4874
24023 24024 4.333
24024 24023 4.333
24024 24025 4.4366
24025 24024 4.4366
24025 24026 6.1747
24026 24025 6.1747
24026 24027 9.5926
24027 24026 9.5926
24027 24028 7.7652
24028 24027 7.7652
24028 24029 2.388
24029 24028 2.388
24029 24030 16.8528
24030 24029 16.8528
24030 24031 87.7176
24031 24030 87.7176
24031 1692951 8.0928
1692951 24031 8.0928
1692951 3118 4.644
3118 1692951 4.644
24033 24034 5.004
24034 24033 5.004
24034 1692899 3.9826
1692899 24034 3.9826
1692899 41949 0.2479
41949 1692899 0.2479
41949 41950 5.1927
41950 41949 5.1927
41950 41970 6.3633
41970 41950 6.3633
41970 1601118 4.0521
1601118 41970 4.0521
1601118 41983 3.0065
41983 1601118 3.0065
41983 1601119 0.8347
1601119 41983 0.8347
1601119 41971 2.3529
41971 1601119 2.3529
41971 1601120 2.555
1601120 41971 2.555
1601120 44721 0.6465
44721 1601120 0.6465
44721 41972 1.8345
41972 44721 1.8345
24042 24034 42.0636
24034 24042 42.0636
24034 24035 10.11
24035 24034 10.11
24035 24036 1.8048
24036 24035 1.8048
24036 45240 10.3812
45240 24036 10.3812
45240 41969 9.8508
41969 45240 9.8508
24042 24037 3.3696
24037 24042 3.3696
24037 24038 3.2928
24038 24037 3.2928
24038 24039 3.96
24039 24038 3.96
24039 41951 36.7632
41951 24039 36.7632
41951 24040 15.7956
24040 41951 15.7956
24040 24041 15.738
24041 24040 15.738
24041 41952 0.7584
41952 24041 0.7584
41952 33563 22.2792
33563 41952 22.2792
33563 1021010 7.8288
1021010 33563 7.8288
1021010 41996 7.5444
41996 1021010 7.5444
24028 24042 12.7128
24042 24028 12.7128
24042 24043 6.8064
24043 24042 6.8064
41947 24044 9.1337
24044 41947 9.1337
24044 978439 1.098
978439 24044 1.098
978439 24045 4.2711
24045 978439 4.2711
24045 38630 2.017
38630 24045 2.017
38630 24046 0.4469
24046 38630 0.4469
41953 978441 6.7464
978441 41953 6.7464
978441 359342 2.8584
359342 978441 2.8584
359342 24048 157.2912
24048 359342 157.2912
24046 24049 0.7791
24049 24046 0.7791
24049 1295819 0.7575
1295819 24049 0.7575
1295819 24050 0.9684
24050 1295819 0.9684
24050 41953 1.7496
41953 24050 1.7496
22966 24056 3.007
24056 22966 3.007
24056 24057 1.1448
24057 24056 1.1448
24057 24058 1.8777
24058 24057 1.8777
24058 24059 1.9234
24059 24058 1.9234
24059 24060 1.6642
24060 24059 1.6642
24060 24061 1.9234
24061 24060 1.9234
24061 978442 5.2215
978442 24061 5.2215
978442 24052 0.397
24052 978442 0.397
22976 24062 8.5162
24062 22976 8.5162
24062 24063 10.525
24063 24062 10.525
24063 24064 3.1918
24064 24063 3.1918
24064 24065 2.0225
24065 24064 2.0225
24065 24066 1.8943
24066 24065 1.8943
24066 24067 3.9622
24067 24066 3.9622
24067 24068 1.6783
24068 24067 1.6783
24068 24069 15.9041
24069 24068 15.9041
24069 44746 8.2433
44746 24069 8.2433
44746 24070 2.5128
24070 44746 2.5128
24070 1033235 0.6185
1033235 24070 0.6185
1033235 1033236 0.8078
1033236 1033235 0.8078
1033236 24071 4.4798
24071 1033236 4.4798
24071 24072 2.9095
24072 24071 2.9095
35980 181944 7.9344
181944 35980 7.9344
181944 35981 7.272
35981 181944 7.272
35981 35982 9.1584
35982 35981 9.1584
35982 24073 56.7504
24073 35982 56.7504
24073 35988 81.1872
35988 24073 81.1872
35988 35989 6.4152
35989 35988 6.4152
35989 35987 29.2824
35987 35989 29.2824
24093 44755 2.4412
44755 24093 2.4412
44755 45090 2.3656
45090 44755 2.3656
45090 24081 3.096
24081 45090 3.096
38758 45087 0.2423
45087 38758 0.2423
45087 44747 0.8204
44747 45087 0.8204
44747 24079 1.1448
24079 44747 1.1448
24079 804449 0.8125
804449 24079 0.8125
804449 804450 0.441
804450 804449 0.441
804450 24083 0.337
24083 804450 0.337
24083 804451 0.8736
804451 24083 0.8736
804451 804453 1.4076
804453 804451 1.4076
804453 24080 5.5356
24080 804453 5.5356
24080 804456 4.8384
804456 24080 4.8384
804456 24070 1.1676
24070 804456 1.1676
24081 24082 60.8472
24082 24081 60.8472
24082 1703619 16.5456
1703619 24082 16.5456
1703619 35980 26.9424
35980 1703619 26.9424
24082 44752 77.7456
44752 24082 77.7456
44752 24079 95.0904
24079 44752 95.0904
24083 804452 0.3287
804452 24083 0.3287
804452 804454 0.5094
804454 804452 0.5094
804454 804455 2.5992
804455 804454 2.5992
804455 24084 5.179
24084 804455 5.179
24084 1295821 2.6456
1295821 24084 2.6456
1295821 42684 1.6805
42684 1295821 1.6805
42684 41942 4.9367
41942 42684 4.9367
41942 41943 8.725
41943 41942 8.725
41943 41944 1.7644
41944 41943 1.7644
41944 339776 2.3389
339776 41944 2.3389
339776 1132681 2.5625
1132681 339776 2.5625
1132681 1132656 0.3762
1132656 1132681 0.3762
1132656 26035 0.3157
26035 1132656 0.3157
22976 24085 6.1452
24085 22976 6.1452
24085 24086 3.8772
24086 24085 3.8772
24086 41944 31.2012
41944 24086 31.2012
24093 35987 0.7031
35987 24093 0.7031
35987 476966 0.6772
476966 35987 0.6772
476966 476967 0.3359
476967 476966 0.3359
476967 476968 0.3262
476968 476967 0.3262
476968 24094 0.3233
24094 476968 0.3233
24094 1890786 0.2423
1890786 24094 0.2423
1890786 476972 0.774
476972 1890786 0.774
476972 476974 0.2272
476974 476972 0.2272
476974 24095 0.1865
24095 476974 0.1865
24097 24104 4.8197
24104 24097 4.8197
24104 41004 8.5572
41004 24104 8.5572
41004 41005 1.7021
41005 41004 1.7021
41005 476960 9.4579
476960 41005 9.4579
476960 24105 9.8842
24105 476960 9.8842
24105 1149951 8.789
1149951 24105 8.789
1149951 1149950 6.6067
1149950 1149951 6.6067
1149950 44779 8.0446
44779 1149950 8.0446
44779 2015389 8.1907
2015389 44779 8.1907
24098 41004 28.2204
41004 24098 28.2204
24095 94734 11.8512
94734 24095 11.8512
41005 94730 5.8104
94730 41005 5.8104
24093 24121 3.9612
24121 24093 3.9612
24121 24122 3.5124
24122 24121 3.5124
24122 24123 5.6604
24123 24122 5.6604
24123 24124 1.9236
24124 24123 1.9236
24124 24125 4.6104
24125 24124 4.6104
24125 24126 6.6084
24126 24125 6.6084
24126 24127 0.9204
24127 24126 0.9204
24127 1010486 1.0824
1010486 24127 1.0824
1010486 24128 4.296
24128 1010486 4.296
24128 476953 1.1412
476953 24128 1.1412
476953 804435 0.3852
804435 476953 0.3852
804435 804434 0.3168
804434 804435 0.3168
804434 476954 0.834
476954 804434 0.834
476954 804436 0.6864
804436 476954 0.6864
804436 804438 0.462
804438 804436 0.462
804438 804440 0.42
804440 804438 0.42
804440 804443 0.9804
804443 804440 0.9804
804443 476957 1.3308
476957 804443 1.3308
22974 25810 3.8261
25810 22974 3.8261
25810 25811 0.8957
25811 25810 0.8957
25811 25812 1.4047
25812 25811 1.4047
25812 41995 4.0306
41995 25812 4.0306
24056 25813 0.8302
25813 24056 0.8302
25813 25814 1.9771
25814 25813 1.9771
25814 25815 3.888
25815 25814 3.888
25815 25816 4.1263
25816 25815 4.1263
25816 41995 5.436
41995 25816 5.436
41995 25817 3.8448
25817 41995 3.8448
25817 44781 3.7584
44781 25817 3.7584
44781 25818 3.599
25818 44781 3.599
25818 25819 0.2541
25819 25818 0.2541
25819 25820 6.5103
25820 25819 6.5103
25820 978447 6.0274
978447 25820 6.0274
978447 41956 0.3055
41956 978447 0.3055
41956 25850 5.6426
25850 41956 5.6426
25850 25854 4.6814
25854 25850 4.6814
25854 25821 8.2577
25821 25854 8.2577
41955 25822 3.6648
25822 41955 3.6648
25822 25829 14.3417
25829 25822 14.3417
25829 25823 1.9087
25823 25829 1.9087
25823 25824 6.39
25824 25823 6.39
25828 25829 12.0324
25829 25828 12.0324
25823 25821 10.1052
25821 25823 10.1052
25832 978460 11.849
978460 25832 11.849
978460 25852 1.1585
25852 978460 1.1585
25852 25844 5.5735
25844 25852 5.5735
25832 25833 9.1332
25833 25832 9.1332
25833 25834 10.602
25834 25833 10.602
25834 25835 3.7008
25835 25834 3.7008
25835 25836 1.5552
25836 25835 1.5552
25836 25837 3.0096
25837 25836 3.0096
25837 412759 6.8868
412759 25837 6.8868
412759 412760 7.1568
412760 412759 7.1568
412760 1692883 2.682
1692883 412760 2.682
1692883 41957 2.4984
41957 1692883 2.4984
25844 978449 0.1087
978449 25844 0.1087
978449 1692968 0.3089
1692968 978449 0.3089
1692968 44788 6.8227
44788 1692968 6.8227
44788 25859 2.0081
25859 44788 2.0081
25859 41959 4.0932
41959 25859 4.0932
41959 25845 4.9918
25845 41959 4.9918
25845 377438 1.2276
377438 25845 1.2276
377438 25849 2.4113
25849 377438 2.4113
25849 44785 3.505
44785 25849 3.505
44785 44784 1.5934
44784 44785 1.5934
44784 41993 4.1911
41993 44784 4.1911
41993 25847 1.1858
25847 41993 1.1858
25817 25846 2.6604
25846 25817 2.6604
25846 25847 9.2203
25847 25846 9.2203
25847 1022013 7.5514
1022013 25847 7.5514
1022013 41992 7.2763
41992 1022013 7.2763
41992 41969 19.3486
41969 41992 19.3486
25819 25848 9.1066
25848 25819 9.1066
25848 25849 6.3446
25849 25848 6.3446
25850 1022055 3.69
1022055 25850 3.69
1022055 25851 3.8455
25851 1022055 3.8455
25851 25852 10.7172
25852 25851 10.7172
25853 1022962 39.8376
1022962 25853 39.8376
1022962 25832 7.2108
25832 1022962 7.2108
25854 1022961 5.3762
1022961 25854 5.3762
1022961 25855 5.6434
25855 1022961 5.6434
25855 25853 7.7465
25853 25855 7.7465
41993 1692895 58.2048
1692895 41993 58.2048
1692895 41994 2.6784
41994 1692895 2.6784
41959 1692888 17.1252
1692888 41959 17.1252
1692888 41960 1.5696
41960 1692888 1.5696
24055 978448 0.7008
978448 24055 0.7008
978448 25856 13.0284
25856 978448 13.0284
25856 25857 1.3824
25857 25856 1.3824
25857 25858 3.7596
25858 25857 3.7596
25820 25858 5.2258
25858 25820 5.2258
25858 25859 12.8246
25859 25858 12.8246
25917 38757 17.0424
38757 25917 17.0424
38757 25914 118.1952
25914 38757 118.1952
25914 52179 74.8152
52179 25914 74.8152
52179 377491 188.5896
377491 52179 188.5896
377491 1036330 34.92
1036330 377491 34.92
1036330 25886 29.124
25886 1036330 29.124
25886 25911 30.3696
25911 25886 30.3696
