42504
9765 1104799 0.5976
1104799 785021 0.1749
785021 785025 0.5637
785025 358278 1.0106
14665 55672 0.6505
55672 14665 0.6505
55672 14666 0.437
14666 55672 0.437
14666 14667 0.8741
14667 14666 0.8741
14667 941653 0.468
941653 14667 0.468
941653 14668 0.8176
14668 941653 0.8176
14668 14628 6.8688
14628 14668 6.8688
14628 170416 6.336
170416 14628 6.336
170416 14629 2.9034
14629 170416 2.9034
14629 933543 2.2086
933543 14629 2.2086
933543 14630 3.492
14630 933543 3.492
14630 1699908 5.9656
1699908 14630 5.9656
14671 268951 0.7308
268951 14671 0.7308
268951 345598 0.096
345598 268951 0.096
345598 268949 4.5324
268949 345598 4.5324
2015337 14676 85.8132
14676 2015337 85.8132
14676 746160 32.5224
746160 14676 32.5224
14686 910494 0.7392
910494 14686 0.7392
910494 55719 0.3564
55719 910494 0.3564
55719 1737413 1.7892
1737413 55719 1.7892
1737413 558347 0.4176
558347 1737413 0.4176
558347 1569468 2.7432
1569468 558347 2.7432
1569468 14685 0.6504
14685 1569468 0.6504
14685 1875215 3.3852
1875215 14685 3.3852
1875215 185307 4.3008
185307 1875215 4.3008
185307 14684 7.272
14684 185307 7.272
14684 941647 10.9416
941647 14684 10.9416
941647 185312 8.7504
185312 941647 8.7504
185312 941645 3.3996
941645 185312 3.3996
941645 558342 17.5032
558342 941645 17.5032
558342 49285 1.1688
49285 558342 1.1688
49285 558341 7.7076
558341 49285 7.7076
558341 14683 3.9636
14683 558341 3.9636
14692 225166 1.2384
225166 14692 1.2384
225166 1512042 8.7741
1512042 225166 8.7741
1512042 1512027 5.9913
1512027 1512042 5.9913
1512027 1512029 1.548
1512029 1512027 1.548
1512029 1512025 3.1176
1512025 1512029 3.1176
1512025 1512041 0.1413
1512041 1512025 0.1413
1512041 14693 0.8316
14693 1512041 0.8316
14693 1512040 0.924
1512040 14693 0.924
1512040 1835042 10.8384
1835042 1512040 10.8384
1835042 1310674 2.1852
1310674 1835042 2.1852
1310674 1835040 6.3132
1835040 1310674 6.3132
1835040 1310661 11.4096
1310661 1835040 11.4096
1310661 55494 5.8488
55494 1310661 5.8488
55494 1168173 1.1508
1168173 55494 1.1508
1168173 55493 1.9632
55493 1168173 1.9632
55493 14698 4.6416
14698 55493 4.6416
14698 1757414 1.9728
1757414 14698 1.9728
1757414 14695 1.7532
14695 1757414 1.7532
14695 990199 13.0992
990199 14695 13.0992
990199 177009 1.9092
177009 990199 1.9092
177009 246573 8.7288
246573 177009 8.7288
246573 14703 1.086
14703 246573 1.086
14697 225165 1.4532
225165 14697 1.4532
225165 990193 9.3
990193 225165 9.3
990193 990195 7.2504
990195 990193 7.2504
990195 14698 10.9356
14698 990195 10.9356
14704 246578 1.1832
246578 14704 1.1832
246578 941626 6.492
941626 246578 6.492
941626 1167019 12.2484
1167019 941626 12.2484
1167019 1757412 6.792
1757412 1167019 6.792
1757412 246570 0.3744
246570 1757412 0.3744
246570 14703 1.1016
14703 246570 1.1016
15285 55711 0.4957
55711 15285 0.4957
15248 76112 21.522
76112 15248 21.522
76112 76113 0.9996
76113 76112 0.9996
76113 15236 0.6828
15236 76113 0.6828
15236 314124 13.8336
314124 15236 13.8336
314124 15237 21.1032
15237 314124 21.1032
15237 239185 21.7692
239185 15237 21.7692
239185 14710 1.3236
14710 239185 1.3236
14710 239192 1.2876
239192 14710 1.2876
239192 239188 1.884
239188 239192 1.884
239188 239190 3.6156
239190 239188 3.6156
239190 1944613 16.9968
1944613 239190 16.9968
1944613 1516002 0.63
1516002 1944613 0.63
1516002 239235 1.0824
239235 1516002 1.0824
239235 1737408 0.4476
1737408 239235 0.4476
1737408 1541828 0.4476
1541828 1737408 0.4476
1541828 1703100 0.39
1703100 1541828 0.39
15238 309602 0.738
309602 1775695 1.8751
1775695 1774100 7.2026
1774100 15239 0.5385
2015345 14682 0.3821
14682 2015345 0.3821
15265 224976 2.7372
224976 15265 2.7372
224976 177801 4.5696
177801 224976 4.5696
177801 225018 3.3948
225018 177801 3.3948
225018 55644 6.828
55644 225018 6.828
55644 338744 13.38
338744 55644 13.38
338744 184868 1.5096
184868 338744 1.5096
184868 1806634 1.4892
1806634 184868 1.4892
1806634 15266 1.4412
15266 1806634 1.4412
15265 224977 1.0759
224977 15265 1.0759
224977 55624 1.549
55624 224977 1.549
15267 1362799 3.2844
1362799 15267 3.2844
1362799 1362794 3.2064
1362794 1362799 3.2064
1362794 72080 5.0304
72080 1362794 5.0304
72080 181985 14.4228
181985 72080 14.4228
181985 1362808 17.5032
1362808 181985 17.5032
1362808 15268 7.2504
15268 1362808 7.2504
15269 1996588 45.3528
1996588 15269 45.3528
1996588 15266 5.9112
15266 1996588 5.9112
15267 338775 9.792
338775 15267 9.792
338775 181850 29.1744
181850 338775 29.1744
181850 1362671 1.8504
1362671 181850 1.8504
1362671 344484 19.0296
344484 1362671 19.0296
344484 15270 8.568
15270 344484 8.568
15270 15269 124.5024
15269 15270 124.5024
15277 182688 11.3244
182688 15277 11.3244
182688 16850 5.1948
16850 182688 5.1948
16850 1188861 1.2996
1188861 16850 1.2996
1188861 182406 5.3664
182406 1188861 5.3664
182406 727570 17.4468
727570 182406 17.4468
727570 1773965 2.1324
1773965 727570 2.1324
1773965 15276 0.7188
15276 1773965 0.7188
15276 1790958 6.0888
1790958 15276 6.0888
1790958 850413 3.39
850413 1790958 3.39
850413 182403 3.7248
182403 850413 3.7248
182403 237622 8.616
237622 182403 8.616
237622 182456 2.634
182456 237622 2.634
15333 16844 2.5764
16844 15333 2.5764
15280 297682 3.5532
297682 15280 3.5532
297682 297678 1.656
297678 297682 1.656
297678 1702186 6.732
1702186 297678 6.732
1702186 182454 5.292
182454 1702186 5.292
182454 744898 19.386
744898 182454 19.386
744898 310691 3.33
310691 744898 3.33
310691 297676 9.1836
297676 310691 9.1836
297676 182441 11.5308
182441 297676 11.5308
15239 1944612 0.6984
1944612 15239 0.6984
1944612 15221 0.2119
15221 1944612 0.2119
15221 235782 5.9734
235782 15221 5.9734
235782 1944611 1.1196
1944611 235782 1.1196
1944611 15275 0.7411
15275 1944611 0.7411
15282 170434 1.2372
170434 15282 1.2372
170434 185291 1.2012
185291 170434 1.2012
185291 76436 6.6372
76436 185291 6.6372
76436 76437 2.394
76437 76436 2.394
76437 185260 7.4052
185260 76437 7.4052
185260 1736666 1.7844
1736666 185260 1.7844
1736666 15283 0.1776
15283 1736666 0.1776
15283 1736667 0.4392
1736667 15283 0.4392
1736667 1736668 0.4236
1736668 1736667 0.4236
1736668 61544 0.336
61544 1736668 0.336
61544 62198 9.252
62198 61544 9.252
62198 170415 1.164
170415 62198 1.164
170415 76440 6.7932
76440 170415 6.7932
76440 940391 12.1872
940391 76440 12.1872
940391 1582394 1.7484
1582394 940391 1.7484
1582394 61545 6.2856
61545 1582394 6.2856
61545 1582387 10.1232
1582387 61545 10.1232
1582387 185316 1.1856
185316 1582387 1.1856
185316 981862 0.9852
981862 185316 0.9852
981862 1282157 10.644
1282157 981862 10.644
1282157 15284 2.6136
15284 1282157 2.6136
15284 933542 3.3528
933542 15284 3.3528
933542 15248 1.3416
15248 933542 1.3416
55463 142810 0.8466
142810 55463 0.8466
142810 848804 0.4956
848804 142810 0.4956
848804 248934 0.3294
248934 848804 0.3294
248934 235777 0.9078
235777 248934 0.9078
235777 248950 1.6164
248950 235777 1.6164
248950 155667 0.6288
155667 248950 0.6288
155667 437876 2.6742
437876 155667 2.6742
437876 1281594 4.1016
1281594 437876 4.1016
1281594 56033 0.804
56033 1281594 0.804
56033 992123 0.2964
992123 56033 0.2964
992123 1281595 1.0488
1281595 992123 1.0488
1281595 14728 1.7346
14728 1281595 1.7346
14728 235784 5.8404
235784 14728 5.8404
235784 982182 0.7572
982182 235784 0.7572
982182 687959 0.582
687959 982182 0.582
687959 172586 0.4194
172586 687959 0.4194
172586 14729 2.0022
14729 172586 2.0022
14729 172573 7.7472
172573 14729 7.7472
172573 235772 8.6214
235772 172573 8.6214
235772 982178 0.762
982178 235772 0.762
982178 687960 0.2652
687960 982178 0.2652
687960 15268 1.0422
15268 687960 1.0422
15268 565078 1.782
565078 15268 1.782
565078 181970 0.5034
181970 565078 0.5034
181970 982177 0.2214
982177 181970 0.2214
982177 235739 1.3332
235739 982177 1.3332
235739 565082 0.9282
565082 235739 0.9282
565082 14730 0.8652
14730 565082 0.8652
14730 982181 3.2478
982181 14730 3.2478
982181 72090 1.8372
72090 982181 1.8372
72090 14731 1.7466
14731 72090 1.7466
14731 390768 0.3468
390768 14731 0.3468
390768 62604 1.1112
62604 390768 1.1112
62604 14732 2.0604
14732 62604 2.0604
14732 14733 2.6004
14733 14732 2.6004
14733 233895 1.9134
233895 14733 1.9134
233895 14734 3.5748
14734 233895 3.5748
14734 982180 3.432
982180 14734 3.432
982180 1568837 7.407
1568837 982180 7.407
1568837 142811 0.117
142811 1568837 0.117
55464 562155 3.942
562155 55464 3.942
562155 108259 1.5516
108259 562155 1.5516
62241 55821 4.7448
55821 62241 4.7448
55821 1732186 1.122
1732186 55821 1.122
1732186 62240 1.806
62240 1732186 1.806
62240 62239 1.7328
62239 62240 1.7328
62239 317037 1.8576
317037 62239 1.8576
317037 317030 4.4544
317030 317037 4.4544
317030 62242 24.8532
62242 317030 24.8532
62242 15315 1.8204
15315 62242 1.8204
15315 170431 4.9656
170431 15315 4.9656
170431 15316 1.2672
15316 170431 1.2672
933470 940168 0.6084
940168 933470 0.6084
940168 940170 9.1836
940170 940168 9.1836
940170 373631 2.052
373631 940170 2.052
373631 402292 1.1556
402292 373631 1.1556
402292 15328 5.094
15328 402292 5.094
15329 286817 7.113
286817 15329 7.113
286817 15330 0.6924
15330 286817 0.6924
15331 15329 6.4134
15329 15331 6.4134
15332 15329 6.4431
15518 15205 1.9128
15205 15518 1.9128
55495 299800 6.6192
299800 55495 6.6192
299800 299784 0.8268
299784 299800 0.8268
299784 299786 11.5944
299786 299784 11.5944
299786 16843 1.17
16843 299786 1.17
16843 322200 5.0904
322200 16843 5.0904
322200 182446 0.6732
182446 322200 0.6732
182446 55496 10.7304
55496 182446 10.7304
55496 1188871 3.0036
1188871 55496 3.0036
1188871 1774597 4.3452
1774597 1188871 4.3452
1774597 1701600 13.1532
1701600 1774597 13.1532
1701600 15278 6.0996
15278 1701600 6.0996
16850 1790981 7.7496
1790981 16850 7.7496
1790981 311822 2.3196
311822 1790981 2.3196
311822 16851 4.1184
16851 311822 4.1184
16851 1188867 1.5372
1188867 16851 1.5372
1188867 182429 2.9064
182429 1188867 2.9064
182429 182400 5.9064
182400 182429 5.9064
182400 1773989 2.9064
1773989 182400 2.9064
1773989 55496 0.9132
55496 1773989 0.9132
16853 182430 27.558
182430 16853 27.558
357832 1461556 5.8248
1461556 357832 5.8248
1461556 168295 14.1624
168295 1461556 14.1624
16855 1188847 1.0548
1188847 16855 1.0548
1188847 170974 0.5916
170974 1188847 0.5916
170974 170953 2.826
170953 170974 2.826
170953 143176 3.4704
143176 170953 3.4704
143176 184837 1.2384
184837 143176 1.2384
184837 184840 5.8788
184840 184837 5.8788
184840 181843 5.7996
181843 184840 5.7996
181843 181827 1.7988
181827 181843 1.7988
181827 134946 3.0372
134946 181827 3.0372
134946 16856 1.2432
16856 134946 1.2432
16856 126038 1.0752
126038 16856 1.0752
126038 55524 5.3532
55524 126038 5.3532
55524 172984 1.1652
172984 55524 1.1652
172984 138626 11.9928
138626 172984 11.9928
138626 487500 8.9436
487500 138626 8.9436
487500 16857 6.2676
16857 487500 6.2676
16857 172998 4.5312
172998 16857 4.5312
172998 172972 2.0616
172972 172998 2.0616
172972 16858 8.43
16858 172972 8.43
16858 55467 1.3368
55467 16858 1.3368
55504 168254 1.3248
168254 55504 1.3248
168254 55503 6.8568
55503 168254 6.8568
55503 55502 5.7516
55502 55503 5.7516
55502 55501 1.0584
55501 55502 1.0584
55501 55500 1.3644
55500 55501 1.3644
55500 55499 1.1496
55499 55500 1.1496
55499 55498 1.6428
55498 55499 1.6428
55498 55497 1.0644
55497 55498 1.0644
55497 16860 5.1024
16860 55497 5.1024
16860 185743 3.684
185743 16860 3.684
185743 55601 7.5396
55601 185743 7.5396
55601 172963 5.4552
172963 55601 5.4552
172963 55608 4.1028
55608 172963 4.1028
55608 172959 0.954
172959 55608 0.954
172959 182818 4.5072
182818 172959 4.5072
182818 487499 10.8036
487499 182818 10.8036
487499 16857 6.0192
16857 487499 6.0192
16861 172105 4.3308
172105 16861 4.3308
172105 82582 83.304
82582 172105 83.304
82582 16862 16.272
16862 82582 16.272
16862 82593 6.2712
82593 16862 6.2712
82593 82592 7.2648
82592 82593 7.2648
55679 1799508 0.9732
1799508 55679 0.9732
1799508 1252537 2.1564
1252537 1799508 2.1564
1252537 16863 9.8892
16863 1252537 9.8892
16863 73828 3.2004
73828 16863 3.2004
73828 16864 2.5716
16864 73828 2.5716
16864 1033405 0.8856
1033405 16864 0.8856
1033405 16865 5.046
16865 1033405 5.046
16865 1799487 6.798
1799487 16865 6.798
1799487 181294 0.354
181294 1799487 0.354
181294 234725 0.6624
234725 181294 0.6624
234725 16866 2.2812
16866 234725 2.2812
16868 16869 33.6132
16869 16868 33.6132
16869 1188529 11.424
1188529 16869 11.424
1188529 16870 1.056
16870 1188529 1.056
16869 16875 22.728
16875 16869 22.728
16875 16876 25.98
16876 16875 25.98
16876 16877 2.274
16877 16876 2.274
16877 1525935 5.166
1525935 16877 5.166
1525935 16873 17.8236
16873 1525935 17.8236
16871 16872 28.9764
16872 16871 28.9764
16872 16873 10.326
16873 16872 10.326
16873 756727 16.692
756727 16873 16.692
756727 16874 0.6468
16874 756727 0.6468
16923 484218 2.8032
484218 16923 2.8032
484218 376730 14.1168
376730 484218 14.1168
376730 360034 1.7664
360034 376730 1.7664
360034 1931652 1.4928
1931652 360034 1.4928
1931652 369067 6.8484
369067 1931652 6.8484
369067 60083 4.5264
60083 369067 4.5264
60083 1670324 6.2184
1670324 60083 6.2184
1670324 360036 11.7192
360036 1670324 11.7192
18565 537674 1.3548
537674 18565 1.3548
537674 18566 1.3548
18566 537674 1.3548
18566 708405 1.0992
708405 18566 1.0992
708405 1743682 1.5216
1743682 708405 1.5216
1743682 18567 2.1276
18567 1743682 2.1276
18567 965582 5.0112
965582 18567 5.0112
965582 18568 0.4932
18568 965582 0.4932
18568 225002 9.114
225002 18568 9.114
225002 18569 3.9708
18569 225002 3.9708
18569 181686 1.9824
181686 18569 1.9824
181686 708404 1.9656
708404 181686 1.9656
708404 18570 2.8332
18570 708404 2.8332
18570 18571 11.1456
18571 18570 11.1456
1170364 2001724 0.3955
2001724 1170364 0.3955
2001724 76005 6.75
76005 2001724 6.75
76005 2001709 0.6809
2001709 76005 0.6809
2001709 1289070 1.1839
1289070 2001709 1.1839
1289070 1289067 2.1466
1289067 1289070 2.1466
1289067 1538487 0.953
1538487 1289067 0.953
1538487 15231 1.0095
15231 1538487 1.0095
15231 15232 1.7825
15232 15231 1.7825
15232 15233 1.3773
15233 15232 1.3773
15233 15234 1.4215
15234 15233 1.4215
15234 342670 0.8357
342670 15234 0.8357
342670 15235 0.2942
15235 342670 0.2942
15235 76004 1.1181
76004 15235 1.1181
76004 1919123 0.8172
1919123 76004 0.8172
1919123 338769 0.1054
338769 1919123 0.1054
338769 15291 0.2679
15291 338769 0.2679
15291 15286 0.7565
15286 15291 0.7565
358279 19342 7.2108
19342 1104797 5.166
1104797 19343 3.0636
19343 19344 7.398
19344 19345 3.204
19345 19346 19.7784
19346 1104796 10.0584
1104796 19347 0.6696
19347 358449 6.6636
19348 1181020 2.1252
1181020 19348 2.1252
1181020 19375 11.6724
19375 1181020 11.6724
19375 19349 4.992
19349 19375 4.992
19349 19350 4.7772
19350 19349 4.7772
19350 19365 10.4364
19365 19350 10.4364
19365 19361 10.1928
19361 19365 10.1928
19361 19353 10.0416
19353 19361 10.0416
19353 19351 17.1996
19351 19353 17.1996
19352 62597 5.1276
62597 19352 5.1276
62597 19353 33.4332
19353 62597 33.4332
19353 19363 24.768
19363 19353 24.768
19363 19354 13.3428
19354 19363 13.3428
19354 19355 8.526
19355 19354 8.526
19355 19356 7.3344
19356 19355 7.3344
19356 19357 9.372
19357 19356 9.372
19357 232388 6.114
232388 19357 6.114
232388 19358 7.8048
19358 232388 7.8048
19358 1678355 14.8236
1678355 19358 14.8236
1678355 19359 2.1756
19359 1678355 2.1756
19360 19361 35.1144
19361 19360 35.1144
19366 19377 10.4052
19377 19366 10.4052
19377 19363 9.6708
19363 19377 9.6708
19365 19366 24.2436
19366 19365 24.2436
19366 19388 9.4248
19388 19366 9.4248
19388 19385 13.782
19385 19388 13.782
19385 19367 7.2768
19367 19385 7.2768
19367 19368 2.3664
19368 19367 2.3664
19368 73802 1.4256
73802 19368 1.4256
19372 1181046 6.6372
1181046 19372 6.6372
1181046 19350 27.0624
19350 1181046 27.0624
19350 19362 23.8092
19362 19350 23.8092
19362 19373 1.3776
19373 19362 1.3776
62599 19374 1.554
19374 62599 1.554
19374 19375 19.2672
19375 19374 19.2672
19375 62598 17.9676
62598 19375 17.9676
1181011 1181010 2.7156
1181010 1181011 2.7156
1181010 19376 1.9536
19376 1181010 1.9536
19376 19377 14.8044
19377 19376 14.8044
19377 1181013 5.2104
1181013 19377 5.2104
1181013 19378 18.81
19378 1181013 18.81
19378 1181012 2.6232
1181012 19378 2.6232
1181012 19379 1.4784
19379 1181012 1.4784
19379 19380 7.2816
19380 19379 7.2816
19383 1181024 2.766
1181024 19383 2.766
1181024 19391 15.4584
19391 1181024 15.4584
19391 19384 27.9408
19384 19391 27.9408
19384 19385 8.6604
19385 19384 8.6604
19385 77549 1.062
77549 19385 1.062
77549 77548 0.426
77548 77549 0.426
77548 19378 9.36
19378 77548 9.36
1181042 669732 2.5344
669732 1181042 2.5344
669732 1181044 5.9604
1181044 669732 5.9604
1181044 1181018 4.164
1181018 1181044 4.164
1181018 617792 1.1892
617792 1181018 1.1892
617792 1181021 10.1484
1181021 617792 10.1484
1181021 1181019 3.306
1181019 1181021 3.306
1181019 19348 2.2656
19348 1181019 2.2656
19348 1181034 2.0292
1181034 19348 2.0292
1181034 19386 2.8056
19386 1181034 2.8056
19386 1181023 2.814
1181023 19386 2.814
1181023 62598 17.8356
62598 1181023 17.8356
62598 19373 11.9508
19373 62598 11.9508
19373 19387 7.1112
19387 19373 7.1112
19387 19388 6.0384
19388 19387 6.0384
19389 19383 8.832
19383 19389 8.832
19383 1181022 7.3968
1181022 19383 7.3968
1181022 19386 0.7788
19386 1181022 0.7788
73799 73803 22.74
73803 73799 22.74
73803 19390 0.8652
19390 73803 0.8652
19390 1181037 10.872
1181037 19390 10.872
1181037 19389 6.4476
19389 1181037 6.4476
19389 1181027 10.5024
1181027 19389 10.5024
1181027 20159 4.8912
20159 1181027 4.8912
20159 73797 8.7852
73797 20159 8.7852
15313 73806 13.6896
73806 15313 13.6896
73806 73805 2.9928
73805 73806 2.9928
73805 73804 1.1292
73804 73805 1.1292
73804 19390 0.7488
19390 73804 0.7488
19390 19391 8.8788
19391 19390 8.8788
1192134 1192135 11.6172
1192135 1192134 11.6172
1192135 1192136 3.0048
1192136 1192135 3.0048
1192136 1192137 16.3452
1192137 1192136 16.3452
1192137 669780 17.2212
669780 1192137 17.2212
669780 1192119 1.2636
1192119 669780 1.2636
1192119 1192120 0.8292
1192120 1192119 0.8292
1192120 19392 4.4628
19392 1192120 4.4628
19392 19393 9.0948
19393 19392 9.0948
19393 1192126 0.7788
1192126 19393 0.7788
1192126 159991 0.4992
159991 1192126 0.4992
159991 19394 4.2216
19394 159991 4.2216
19394 19395 5.2404
19395 19394 5.2404
19395 19396 5.9604
19396 19395 5.9604
19396 19397 8.934
19397 19396 8.934
19397 19398 5.7816
19398 19397 5.7816
19398 19399 2.1552
19399 19398 2.1552
19399 669779 1.0152
669779 19399 1.0152
669779 669778 1.4472
669778 669779 1.4472
669778 669777 4.9632
669777 669778 4.9632
19395 1944587 4.422
1944587 19395 4.422
1944587 19400 5.8896
19400 1944587 5.8896
19400 19401 3.6624
19401 19400 3.6624
19401 1192127 2.712
1192127 19401 2.712
1192127 19402 1.5912
19402 1192127 1.5912
20158 1799488 3.4056
1799488 20158 3.4056
1799488 1996593 2.1888
1996593 1799488 2.1888
1996593 20157 28.0152
20157 1996593 28.0152
20157 20156 48.2328
20156 20157 48.2328
20156 20155 24.1128
20155 20156 24.1128
20155 20154 67.8816
20154 20155 67.8816
20154 20153 22.3632
20153 20154 22.3632
20153 1799074 38.628
1799074 20153 38.628
1799074 1799073 11.3544
1799073 1799074 11.3544
1799073 20152 9.3744
20152 1799073 9.3744
1799075 482116 3.6468
482116 1799075 3.6468
482116 20166 16.6824
20166 482116 16.6824
20166 482115 16.002
482115 20166 16.002
482115 20150 11.8764
20150 482115 11.8764
358629 358628 11.9952
358628 358629 11.9952
358628 358627 5.4864
358627 358628 5.4864
358627 636232 11.0592
636232 358627 11.0592
636232 221935 5.2416
221935 636232 5.2416
221935 358626 6.6384
358626 221935 6.6384
358626 20236 21.2472
20236 358626 21.2472
22663 22664 2.2577
22664 22663 2.2577
22664 1124061 1.2065
1124061 22664 1.2065
1124061 1672461 1.6359
1672461 1124061 1.6359
1672461 384655 2.3765
384655 1672461 2.3765
384655 231154 0.8943
231154 384655 0.8943
231154 231616 2.4408
231616 231154 2.4408
231616 231573 1.9317
231573 231616 1.9317
231573 483586 2.7391
483586 231573 2.7391
483586 501612 1.3464
501612 483586 1.3464
501612 317423 7.1112
317423 501612 7.1112
317423 448058 5.8584
448058 317423 5.8584
448058 482751 4.4832
482751 448058 4.4832
482751 1672659 5.0364
1672659 482751 5.0364
1672659 22665 2.5272
22665 1672659 2.5272
22665 907491 3.1824
907491 22665 3.1824
907491 907490 3.3624
907490 907491 3.3624
907490 1672666 4.1052
1672666 907490 4.1052
1672666 907489 3.9468
907489 1672666 3.9468
907489 907488 2.2344
907488 907489 2.2344
907488 907487 1.2624
907487 907488 1.2624
907487 22666 6.828
22666 907487 6.828
22666 22667 9.8772
22667 22666 9.8772
22667 231602 1.4112
231602 22667 1.4112
377206 901703 0.5659
901703 377206 0.5659
901703 488852 7.5017
488852 901703 7.5017
488852 485738 14.5303
485738 488852 14.5303
485738 907039 2.0498
907039 485738 2.0498
907039 607276 6.1373
607276 907039 6.1373
607276 493266 1.6531
493266 607276 1.6531
22928 81468 0.7236
81468 22928 0.7236
81468 1441681 1.2426
1441681 81468 1.2426
1441681 1441680 0.261
1441680 1441681 0.261
1441680 1056913 0.2124
1056913 1441680 0.2124
1056913 1441682 0.2832
1441682 1056913 0.2832
1441682 1056914 0.5028
1056914 1441682 0.5028
1056914 1441683 0.837
1441683 1056914 0.837
1441683 360033 1.3068
360033 1441683 1.3068
60131 493273 18.0648
493273 60131 18.0648
493273 60130 1.4242
60130 493273 1.4242
60130 184202 7.956
184202 60130 7.956
184202 493274 7.015
493274 184202 7.015
493274 493272 1.5142
493272 493274 1.5142
493272 322541 0.8582
322541 493272 0.8582
322541 22950 1.2794
22950 322541 1.2794
22950 322605 2.3774
322605 22950 2.3774
322605 493270 1.7957
493270 322605 1.7957
493270 493269 1.638
493269 493270 1.638
493269 493271 1.3889
493271 493269 1.3889
493271 60104 1.3723
60104 493271 1.3723
60104 22949 0.6689
22949 60104 0.6689
22949 994377 1.2629
994377 22949 1.2629
994377 994376 2.0254
994376 994377 2.0254
994376 22948 2.371
22948 994376 2.371
22948 22947 13.8643
22947 22948 13.8643
22947 1192134 0.4118
1192134 22947 0.4118
2015383 1590135 13.0536
1590135 2015383 13.0536
16934 21112 0.6444
21112 16934 0.6444
21112 21113 1.9548
21113 21112 1.9548
21113 1484157 1.5926
1484157 21113 1.5926
1484157 21114 2.5265
21114 1484157 2.5265
21114 21115 5.8406
21115 21114 5.8406
21115 21116 1.6294
21116 21115 1.6294
21116 21117 5.8802
21117 21116 5.8802
21117 360046 1.9951
360046 21117 1.9951
360046 21118 0.9209
21118 360046 0.9209
21118 21119 10.8533
21119 21118 10.8533
21119 21120 4.4892
21120 21119 4.4892
21120 21121 2.7346
21121 21120 2.7346
21121 21122 2.0362
21122 21121 2.0362
21122 21123 27.4702
21123 21122 27.4702
21123 21124 1.4818
21124 21123 1.4818
21124 21125 2.718
21125 21124 2.718
21125 21126 2.5877
21126 21125 2.5877
21126 21127 6.9422
21127 21126 6.9422
21127 21128 7.4894
21128 21127 7.4894
21128 21129 5.2466
21129 21128 5.2466
21129 21130 8.2519
21130 21129 8.2519
21130 21131 5.5526
21131 21130 5.5526
21131 21132 2.5114
21132 21131 2.5114
21132 21133 5.8169
21133 21132 5.8169
21133 378711 1.273
378711 21133 1.273
378711 21134 8.4708
21134 378711 8.4708
21134 378710 6.8839
378710 21134 6.8839
378710 21135 2.8224
21135 378710 2.8224
21135 21136 7.6471
21136 21135 7.6471
21136 21137 5.7874
21137 21136 5.7874
21137 21113 1.3896
21113 21137 1.3896
169084 1188891 12.678
1188891 169084 12.678
1188891 174154 1.9248
174154 1188891 1.9248
45925 182431 5.3364
182431 45925 5.3364
182431 1188851 2.9904
1188851 182431 2.9904
1188851 182444 2.3292
182444 1188851 2.3292
182444 1188848 1.8888
1188848 182444 1.8888
1188848 45926 2.4804
45926 1188848 2.4804
45926 45927 0.954
45927 45926 0.954
45927 45928 4.062
45928 45927 4.062
45928 1774081 1.866
1774081 45928 1.866
1774081 45929 3.5748
45929 1774081 3.5748
49285 941644 1.908
941644 49285 1.908
941644 1512034 13.95
1512034 941644 13.95
1512034 1591088 20.9988
1591088 1512034 20.9988
1591088 99181 1.6092
99181 1591088 1.6092
43401 509930 0.4839
509930 43401 0.4839
509930 155281 4.7227
155281 509930 4.7227
155281 351797 2.4115
351797 155281 2.4115
351797 1871036 1.729
1871036 351797 1.729
1871036 815605 1.4822
815605 1871036 1.4822
815605 1344704 0.3142
1344704 815605 0.3142
1344704 1870847 0.4536
1870847 1344704 0.4536
1870847 991360 9.3621
991360 1870847 9.3621
991360 815622 0.8604
815622 991360 0.8604
815622 1870852 0.27
1870852 815622 0.27
1870852 1871304 5.9652
1871304 1870852 5.9652
1871304 815643 1.0461
815643 1871304 1.0461
815643 53834 1.8813
53834 815643 1.8813
53834 815652 1.3932
815652 53834 1.3932
815652 1870853 0.9093
1870853 815652 0.9093
1870853 1870854 2.0381
1870854 1870853 2.0381
1870854 53835 1.1232
53835 1870854 1.1232
53835 1870855 1.1273
1870855 53835 1.1273
1870855 53836 1.6689
53836 1870855 1.6689
53836 1870856 1.4961
1870856 53836 1.4961
1870856 53837 2.3297
53837 1870856 2.3297
53837 465053 1.5418
465053 53837 1.5418
465053 53838 3.2652
53838 465053 3.2652
53838 53839 5.3213
53839 53838 5.3213
53839 53840 3.762
53840 53839 3.762
53840 700949 15.7176
700949 53840 15.7176
700949 1344754 0.7087
1344754 700949 0.7087
1344754 509942 0.2489
509942 1344754 0.2489
509942 53841 1.8607
53841 509942 1.8607
53841 1344771 5.0143
1344771 53841 5.0143
1344771 53842 2.6342
53842 1344771 2.6342
53842 700954 1.1757
700954 53842 1.1757
700954 53843 0.5014
53843 700954 0.5014
53843 53844 9.8666
53844 53843 9.8666
53844 53845 2.2999
53845 53844 2.2999
53845 53846 4.3637
53846 53845 4.3637
53846 700955 2.2968
700955 53846 2.2968
700955 53847 2.2274
53847 700955 2.2274
53847 700956 3.1459
700956 53847 3.1459
700956 53848 1.8103
53848 700956 1.8103
53848 146655 1.1206
146655 53848 1.1206
146655 53849 1.4544
53849 146655 1.4544
53849 53850 1.5799
53850 53849 1.5799
53850 2015803 1.9553
2015803 53850 1.9553
15264 1170347 0.4474
1170347 1170346 0.5277
1170346 1170343 0.5297
1170343 1170345 0.3384
15241 1170371 2.5416
1170371 1170363 1.1103
1170363 1170372 1.8931
938321 938294 1.5938
15294 15293 2.4372
15293 55687 1.7722
938287 170421 0.2397
170421 55686 0.4526
55686 938326 4.716
55446 55447 4.9176
55447 55446 4.9176
55447 1362791 6.8904
1362791 55447 6.8904
1362791 15267 2.5164
15267 1362791 2.5164
15267 1362669 0.6036
1362669 15267 0.6036
1362669 181992 0.516
181992 1362669 0.516
181992 1701722 6.84
1701722 181992 6.84
1701722 1701718 4.05
1701718 1701722 4.05
1701718 181987 8.3016
181987 1701718 8.3016
181987 55448 1.1808
55448 181987 1.1808
55448 376533 3.216
376533 55448 3.216
376533 55449 2.2116
55449 376533 2.2116
55449 55450 1.5552
55450 55449 1.5552
55450 55451 1.8408
55451 55450 1.8408
55451 182006 3.0192
182006 55451 3.0192
182006 376532 1.8312
376532 182006 1.8312
376532 338754 6.882
338754 376532 6.882
338754 55452 1.0692
55452 338754 1.0692
55452 55453 3.1524
55453 55452 3.1524
55453 55454 2.1576
55454 55453 2.1576
55454 1701730 5.73
1701730 55454 5.73
1701730 55455 0.8736
55455 1701730 0.8736
55455 55456 3.0936
55456 55455 3.0936
55456 1701732 0.6024
1701732 55456 0.6024
1701732 56037 9.5676
56037 1701732 9.5676
56037 55457 4.3704
55457 56037 4.3704
55457 181625 10.6572
181625 55457 10.6572
181625 55458 6.8556
55458 181625 6.8556
55458 55459 1.1388
55459 55458 1.1388
55459 55460 1.2384
55460 55459 1.2384
55460 55461 7.4556
55461 55460 7.4556
55461 170927 18.4428
170927 55461 18.4428
170927 55462 1.5096
55462 170927 1.5096
55462 142810 1.7508
142810 55462 1.7508
55492 1737414 0.4872
1737414 55492 0.4872
1737414 933538 0.4884
933538 1737414 0.4884
933538 1738080 10.494
1738080 933538 10.494
1738080 263480 2.544
263480 1738080 2.544
263480 1738081 1.3824
1738081 263480 1.3824
1738081 1738078 10.74
1738078 1738081 10.74
1738078 1738082 0.7656
1738082 1738078 0.7656
1738082 55493 1.5156
55493 1738082 1.5156
55494 226668 115.812
226668 55494 115.812
226668 225138 49.2696
225138 226668 49.2696
15244 415372 0.4526
415372 15244 0.4526
55505 72072 5.94
72072 55505 5.94
72072 854982 9.8856
854982 72072 9.8856
854982 316680 8.0172
316680 854982 8.0172
316680 55506 10.3608
55506 316680 10.3608
55506 165067 11.2392
165067 55506 11.2392
165067 165066 2.0052
165066 165067 2.0052
165066 55507 1.3788
55507 165066 1.3788
55507 55508 6.7176
55508 55507 6.7176
55508 55509 2.214
55509 55508 2.214
55509 55510 9.9612
55510 55509 9.9612
55510 404563 4.0464
404563 55510 4.0464
55511 72073 5.904
72073 55511 5.904
72073 55520 14.5728
55520 72073 14.5728
55520 173356 10.8252
173356 55520 10.8252
173356 72071 32.7924
72071 173356 32.7924
72071 173754 9.8784
173754 72071 9.8784
173754 55512 32.4432
55512 173754 32.4432
55512 55513 3.0852
55513 55512 3.0852
55513 55514 9.1368
55514 55513 9.1368
55514 55515 4.9032
55515 55514 4.9032
55515 55516 34.3188
55516 55515 34.3188
55516 478225 2.9556
478225 55516 2.9556
478225 55517 3.0816
55517 478225 3.0816
55517 55518 5.3748
55518 55517 5.3748
55518 55519 2.7396
55519 55518 2.7396
55520 55521 48.6324
55521 55520 48.6324
55521 173337 3.1176
173337 55521 3.1176
173337 55522 2.844
55522 173337 2.844
55522 55523 12.3588
55523 55522 12.3588
55524 72078 47.4012
72078 55524 47.4012
72078 138634 15.0372
138634 72078 15.0372
55525 134951 4.2732
134951 55525 4.2732
134951 181813 12.7188
181813 134951 12.7188
181813 170928 13.284
170928 181813 13.284
170928 170978 23.4216
170978 170928 23.4216
170978 55526 3.0132
55526 170978 3.0132
55526 170955 3.7476
170955 55526 3.7476
170955 55527 16.7796
55527 170955 16.7796
55527 55528 2.4372
55528 55527 2.4372
55528 55529 11.0124
55529 55528 11.0124
55529 55530 9.828
55530 55529 9.828
55530 72812 27.3816
72812 55530 27.3816
72812 55531 29.9736
55531 72812 29.9736
55531 55532 4.1508
55532 55531 4.1508
55532 55533 5.382
55533 55532 5.382
55533 55534 3.3804
55534 55533 3.3804
55534 55535 4.6836
55535 55534 4.6836
55535 338744 7.5492
338744 55535 7.5492
49286 941640 24.7464
941640 49286 24.7464
941640 49287 2.754
49287 941640 2.754
55573 55572 2.6784
55572 55573 2.6784
55572 55565 5.9544
55565 55572 5.9544
55572 55566 4.6728
55566 55572 4.6728
55566 55567 3.8016
55567 55566 3.8016
55567 55568 23.1192
55568 55567 23.1192
55568 1862382 12.9816
1862382 55568 12.9816
1862382 55569 6.912
55569 1862382 6.912
55569 62587 30.5856
62587 55569 30.5856
62587 558379 77.0904
558379 62587 77.0904
55565 487821 1.35
487821 55565 1.35
487821 55574 2.1456
55574 487821 2.1456
55574 55575 0.9029
55575 55574 0.9029
55575 55576 1.777
55576 55575 1.777
55576 76209 2.5258
76209 55576 2.5258
76209 76210 13.3927
76210 76209 13.3927
76210 55577 2.8742
55577 76210 2.8742
55577 679841 8.9604
679841 55577 8.9604
679841 55611 0.725
55611 679841 0.725
55611 173336 3.767
173336 55611 3.767
173336 55612 9.3118
55612 173336 9.3118
55612 55613 3.5712
55613 55612 3.5712
55613 55614 8.6789
55614 55613 8.6789
55614 55615 9.2866
55615 55614 9.2866
55615 55616 5.2531
55616 55615 5.2531
55616 55617 5.1163
55617 55616 5.1163
55617 55618 4.5475
55618 55617 4.5475
55618 359027 6.827
359027 55618 6.827
359027 55619 0.5774
55619 359027 0.5774
357833 1461554 5.8392
1461554 357833 5.8392
1461554 55445 17.3736
55445 1461554 17.3736
55601 55602 14.5764
55602 55601 14.5764
55602 55603 3.006
55603 55602 3.006
55603 55604 2.9952
55604 55603 2.9952
55604 55605 21.5604
55605 55604 21.5604
55605 55606 2.4192
55606 55605 2.4192
55606 55607 2.7756
55607 55606 2.7756
55607 55608 15.6996
55608 55607 15.6996
55620 493519 3.2688
493519 55620 3.2688
493519 444022 8.4888
444022 493519 8.4888
444022 1289047 2.916
1289047 444022 2.916
1289047 483667 2.6316
483667 1289047 2.6316
483667 483666 6.0192
483666 483667 6.0192
483666 444021 5.346
444021 483666 5.346
444021 1256359 16.1352
1256359 444021 16.1352
1256359 493518 27.792
493518 1256359 27.792
493518 55621 9.4644
55621 493518 9.4644
15265 15260 1.1038
15260 15265 1.1038
15260 225007 0.2113
225007 15260 0.2113
225007 168278 3.4344
168278 225007 3.4344
168278 168235 0.4216
168235 168278 0.4216
168235 235746 0.8374
235746 168235 0.8374
235746 1304330 1.1002
1304330 235746 1.1002
1304330 55511 0.3114
55511 1304330 0.3114
55511 55639 0.4698
55639 55511 0.4698
55639 235783 0.8273
235783 55639 0.8273
235783 55505 0.158
55505 235783 0.158
55505 55991 1.0663
55991 55505 1.0663
15271 60670 1.931
60670 15271 1.931
60670 328897 0.3233
328897 60670 0.3233
328897 656453 2.9588
656453 328897 2.9588
656453 15272 2.2925
15272 656453 2.2925
15271 15308 1.319
15308 15271 1.319
15308 60669 1.1984
60669 15308 1.1984
60669 234685 0.9072
234685 60669 0.9072
234685 15309 0.931
15309 234685 0.931
15309 15310 2.8915
15310 15309 2.8915
15310 20158 2.9484
20158 15310 2.9484
20158 234739 1.9372
234739 20158 1.9372
234739 1304314 0.3456
1304314 234739 0.3456
1304314 235731 0.7747
235731 1304314 0.7747
235731 16866 3.7562
16866 235731 3.7562
16866 234688 0.675
234688 16866 0.675
234688 1997134 0.0504
1997134 234688 0.0504
1997134 1997137 0.5983
1997137 1997134 0.5983
1997137 15311 0.2603
15311 1997137 0.2603
15311 1997108 1.395
1997108 15311 1.395
1997108 62600 0.0684
62600 1997108 0.0684
15518 15206 4.809
15206 15518 4.809
15206 15207 2.4792
15207 15206 2.4792
15207 232385 0.687
232385 15207 0.687
232385 235759 2.4126
235759 232385 2.4126
235759 15303 1.7064
15303 235759 1.7064
15288 851877 6.6636
851877 15288 6.6636
851877 55640 13.8888
55640 851877 13.8888
55640 1188837 4.842
1188837 55640 4.842
1188837 1188839 13.2948
1188839 1188837 13.2948
1188839 55641 11.8908
55641 1188839 11.8908
55641 55642 10.0512
55642 55641 10.0512
55642 185172 8.9712
185172 55642 8.9712
185172 175864 9.45
175864 185172 9.45
175864 170943 27.8064
170943 175864 27.8064
170943 170969 23.3856
170969 170943 23.3856
55644 225010 1.2984
225010 55644 1.2984
225010 55645 2.1492
55645 225010 2.1492
55645 224986 5.1732
224986 55645 5.1732
224986 55646 9.6924
55646 224986 9.6924
55646 55647 2.2224
55647 55646 2.2224
55647 55648 0.7236
55648 55647 0.7236
55648 55649 5.7612
55649 55648 5.7612
55649 184933 6.3348
184933 55649 6.3348
184933 184910 4.08
184910 184933 4.08
184910 55650 3.6468
55650 184910 3.6468
55653 55654 30.168
55654 55653 30.168
55654 55652 3.6936
55652 55654 3.6936
55677 55678 1.5984
55678 55677 1.5984
55678 1289072 2.9787
1289072 55678 2.9787
1289072 15242 3.456
15242 1289072 3.456
15242 76114 2.1348
76114 15242 2.1348
76114 15243 1.2106
15243 76114 1.2106
15243 732198 0.3081
732198 15243 0.3081
732198 15244 1.0049
15244 732198 1.0049
15251 551228 3.7884
551228 15251 3.7884
551228 55680 5.5632
55680 551228 5.5632
55680 55683 4.0068
55683 55680 4.0068
55683 20148 11.046
20148 55683 11.046
20148 1699295 4.8648
1699295 20148 4.8648
1699295 55621 1.5072
55621 1699295 1.5072
55621 483668 11.2632
483668 55621 11.2632
483668 20149 11.8704
20149 483668 11.8704
15239 299790 16.2564
299790 15239 16.2564
299790 55495 2.6892
55495 299790 2.6892
55495 1774594 3.0684
1774594 55495 3.0684
1774594 310717 5.1036
310717 1774594 5.1036
310717 1645845 4.4004
1645845 310717 4.4004
1645845 182441 0.9552
182441 1645845 0.9552
15239 15332 16.506
14711 185286 6.6456
185286 14711 6.6456
185286 55684 16.7616
55684 185286 16.7616
55684 55688 20.0736
55688 55684 20.0736
55688 55689 12.4632
55689 55688 12.4632
55689 1919151 2.808
1919151 55689 2.808
1919151 55690 24.7104
55690 1919151 24.7104
67862 101527 4.8168
101527 67862 4.8168
101527 558351 3.6864
558351 101527 3.6864
558351 1253665 26.9604
1253665 558351 26.9604
1253665 1936099 20.0592
1936099 1253665 20.0592
1936099 101528 6.066
101528 1936099 6.066
101528 55693 10.8108
55693 101528 10.8108
55693 55694 16.884
55694 55693 16.884
55694 55695 10.0584
55695 55694 10.0584
55695 558345 5.652
558345 55695 5.652
558345 55696 5.8572
55696 558345 5.8572
55696 55692 4.4748
55692 55696 4.4748
55700 55699 15.3864
55699 55700 15.3864
55701 55699 33.3936
55699 55701 33.3936
288927 55697 4.2336
55697 288927 4.2336
55706 168259 1.8828
168259 55706 1.8828
168259 55707 15.9912
55707 168259 15.9912
55707 55708 12.6504
55708 55707 12.6504
55708 185170 14.58
185170 55708 14.58
185170 55709 3.2904
55709 185170 3.2904
55709 185115 5.7276
185115 55709 5.7276
185115 176998 11.5092
176998 185115 11.5092
176998 177014 4.518
177014 176998 4.518
177014 176993 8.91
176993 177014 8.91
176993 177012 2.736
177012 176993 2.736
177012 177015 6.2388
177015 177012 6.2388
177015 176974 3.024
176974 177015 3.024
176974 185157 2.4588
185157 176974 2.4588
185157 177005 5.8248
177005 185157 5.8248
55711 1304346 5.319
1304346 55711 5.319
55713 224958 2.8836
224958 55713 2.8836
224958 55714 18.8604
55714 224958 18.8604
1304346 338782 2.1564
338782 1304346 2.1564
338782 55712 1.2186
55712 338782 1.2186
55712 1304347 3.3768
1304347 55712 3.3768
1304347 55713 3.0204
55713 1304347 3.0204
55713 55548 2.2626
55548 55713 2.2626
55548 55635 8.0892
55635 55548 8.0892
55635 55549 9.2574
55549 55635 9.2574
55549 15287 5.9328
15287 55549 5.9328
15287 328593 0.549
328593 15287 0.549
328593 55715 2.0358
55715 328593 2.0358
55715 55596 2.0619
55596 55715 2.0619
55596 55643 0.6003
55643 55596 0.6003
55643 15288 1.3518
15288 55643 1.3518
15288 249254 0.5166
249254 15288 0.5166
249254 55634 0.7245
55634 249254 0.7245
14686 1737411 1.1333
1737411 14686 1.1333
1737411 55600 0.1134
55600 1737411 0.1134
55600 253643 0.5321
253643 55600 0.5321
253643 14673 0.3776
14673 253643 0.3776
14673 1280872 0.392
1280872 14673 0.392
1280872 14672 0.923
14672 1280872 0.923
14672 1737410 0.1019
1737410 14672 0.1019
1737410 67862 0.6736
67862 1737410 0.6736
67862 99844 2.0059
99844 67862 2.0059
99844 14665 4.977
14665 99844 4.977
14665 224971 4.9856
224971 14665 4.9856
224971 14711 2.0779
14711 224971 2.0779
14711 55718 3.5705
55718 14711 3.5705
55718 870318 1.0426
870318 55718 1.0426
870318 55717 0.3622
55717 870318 0.3622
55717 55599 1.463
55599 55717 1.463
55599 235752 0.4885
235752 55599 0.4885
235752 1919122 4.8146
1919122 235752 4.8146
1919122 1962184 0.1638
1962184 1919122 0.1638
2015827 60462 0.1098
62239 55822 15.1344
55822 62239 15.1344
55822 55823 4.806
55823 55822 4.806
55823 55824 16.2972
55824 55823 16.2972
55824 55825 17.9244
55825 55824 17.9244
55825 1306479 0.1368
1306479 55825 0.1368
55467 170436 16.4664
170436 55467 16.4664
15250 55872 3.69
55872 15250 3.69
15247 55873 3.8412
55873 55874 2.898
55874 55875 2.898
177801 327725 8.172
327725 177801 8.172
327725 177773 2.9592
177773 327725 2.9592
177773 1178350 5.0436
1178350 177773 5.0436
1178350 342953 3.0816
342953 1178350 3.0816
342953 177748 11.9412
177748 342953 11.9412
177748 168293 9.09
168293 177748 9.09
168293 55999 4.1544
55999 168293 4.1544
55999 55998 36.18
55998 55999 36.18
55998 55997 1.3608
55997 55998 1.3608
55997 55996 1.7748
55996 55997 1.7748
55996 55995 2.7756
55995 55996 2.7756
55995 55994 2.6316
55994 55995 2.6316
55994 55993 1.818
55993 55994 1.818
55993 55992 1.6452
55992 55993 1.6452
55992 55990 3.4416
55990 55992 3.4416
55990 327735 1.7244
327735 55990 1.7244
327735 168288 5.2884
168288 327735 5.2884
168288 168264 3.6072
168264 168288 3.6072
168264 55991 4.0284
55991 168264 4.0284
55991 228987 0.1343
228987 55991 0.1343
228987 1304331 1.0894
1304331 228987 1.0894
1304331 999461 0.8647
999461 1304331 0.8647
999461 126041 0.697
126041 999461 0.697
126041 55525 0.653
55525 126041 0.653
55525 1188846 0.2282
1188846 55525 0.2282
1188846 1304336 1.426
1304336 1188846 1.426
1304336 1304339 3.578
1304339 1304336 3.578
1304339 55552 0.2927
55552 1304339 0.2927
55552 1304344 0.2106
1304344 55552 0.2106
1304344 16856 0.409
16856 1304344 0.409
16856 134944 0.4356
134944 16856 0.4356
134944 55551 0.1339
55551 134944 0.1339
55551 235750 2.1269
235750 55551 2.1269
235750 134942 0.6134
134942 235750 0.6134
134942 15261 0.2596
15261 134942 0.2596
15261 235745 1.2838
235745 15261 1.2838
235745 134933 1.1714
134933 235745 1.1714
134933 181841 3.2335
181841 134933 3.2335
181841 172494 0.6001
172494 181841 0.6001
172494 55550 1.2614
55550 172494 1.2614
55550 1304345 0.1336
1304345 55550 0.1336
1304345 15262 0.5501
15262 1304345 0.5501
15262 55705 0.3096
55705 15262 0.3096
55705 77084 0.5555
77084 55705 0.5555
77084 55595 1.0184
55595 77084 1.0184
55595 55638 0.4547
55638 55595 0.4547
55638 16854 0.4234
16854 55638 0.4234
56033 201189 5.598
201189 56033 5.598
201189 437883 5.3784
437883 201189 5.3784
437883 170938 11.2716
170938 437883 11.2716
170938 56034 9.4356
56034 170938 9.4356
56034 1362660 4.9716
1362660 56034 4.9716
1362660 56035 44.9424
56035 1362660 44.9424
56035 376530 7.02
376530 56035 7.02
376530 56036 4.176
56036 376530 4.176
56036 56037 3.06
56037 56036 3.06
56313 2015831 1.638
2015831 56313 1.638
