54234
18953 18936 1.2816
18936 18953 1.2816
18936 18937 2.382
18937 18936 2.382
18937 18938 2.2236
18938 18937 2.2236
18938 1080474 1.386
1080474 18938 1.386
1080474 18939 1.2756
18939 1080474 1.2756
18939 1080473 1.7052
1080473 18939 1.7052
1080473 1080472 1.3092
1080472 1080473 1.3092
1080472 18940 1.0056
18940 1080472 1.0056
18940 1398286 1.4652
1398286 18940 1.4652
1398286 18941 2.5812
18941 1398286 2.5812
18941 734806 0.5988
734806 18941 0.5988
734806 1080471 0.6792
1080471 734806 0.6792
1080471 18942 0.5952
18942 1080471 0.5952
18942 18943 3.9276
18943 18942 3.9276
18943 18944 5.7468
18944 18943 5.7468
18944 18945 6.726
18945 18944 6.726
18945 18946 12.4344
18946 18945 12.4344
18946 18947 8.8308
18947 18946 8.8308
18947 18948 5.574
18948 18947 5.574
18948 18949 1.266
18949 18948 1.266
18949 293417 0.5904
293417 18949 0.5904
293417 18950 2.1456
18950 293417 2.1456
18950 18951 2.2032
18951 18950 2.2032
18951 1398303 3.252
1398303 18951 3.252
1398303 18952 1.7184
18952 1398303 1.7184
18952 734773 8.1984
734773 18952 8.1984
734773 1013563 3.7572
1013563 734773 3.7572
1013563 81761 4.4064
81761 1013563 4.4064
81761 81762 9.8604
81762 81761 9.8604
81762 81727 7.4064
81727 81762 7.4064
18911 18953 0.5965
18953 18911 0.5965
18953 734814 0.5731
734814 18953 0.5731
734814 174742 0.5818
174742 734814 0.5818
174742 710848 0.7225
710848 174742 0.7225
710848 728575 0.3053
728575 710848 0.3053
728575 710847 0.1433
710847 728575 0.1433
710847 18954 0.6505
18954 710847 0.6505
18954 174724 3.0794
174724 18954 3.0794
174724 18955 3.0265
18955 174724 3.0265
18955 734797 2.5286
734797 18955 2.5286
2015371 734797 1.1365
734797 2015371 1.1365
25127 164433 0.5868
164433 25127 0.5868
164433 468242 0.9509
468242 164433 0.9509
468242 53738 0.8573
53738 468242 0.8573
53738 468245 1.0877
468245 53738 1.0877
468245 67351 1.1078
67351 468245 1.1078
130002 1691328 1.9377
1691328 130002 1.9377
1691328 193409 6.228
193409 1691328 6.228
193409 720407 1.2006
720407 193409 1.2006
720407 1691327 0.4491
1691327 720407 0.4491
1691327 190419 0.4491
190419 1691327 0.4491
190419 22545 2.4462
22545 190419 2.4462
18900 728577 0.8146
728577 18900 0.8146
728577 1044316 6.8765
1044316 728577 6.8765
1044316 81869 0.6506
81869 1044316 0.6506
81869 63805 1.1391
63805 81869 1.1391
103306 22581 0.5518
22581 103306 0.5518
22581 1142656 0.5169
1142656 22581 0.5169
1142656 200521 1.3063
200521 1142656 1.3063
200521 103307 0.3163
103307 200521 0.3163
47898 732345 28.6848
732345 47898 28.6848
732345 47899 39.4668
47899 732345 39.4668
47899 47900 43.956
47900 47899 43.956
47900 47901 41.742
47901 47900 41.742
47901 732340 30.4956
732340 47901 30.4956
732340 47902 28.3428
47902 732340 28.3428
47902 732339 16.2648
732339 47902 16.2648
732339 732338 17.19
732338 732339 17.19
732338 732344 30.2004
732344 732338 30.2004
2015699 47905 4.5936
47905 2015699 4.5936
47905 47906 16.3008
47906 47905 16.3008
47906 47907 25.6392
47907 47906 25.6392
47907 47908 27.684
47908 47907 27.684
47908 47909 37.0584
47909 47908 37.0584
47909 47910 35.424
47910 47909 35.424
47910 47911 26.5464
47911 47910 26.5464
47911 732344 43.3944
732344 47911 43.3944
47912 47913 13.6903
47913 47912 13.6903
47913 722867 1.1613
722867 47913 1.1613
722867 47914 0.6552
47914 722867 0.6552
2015701 47914 1.1679
47914 2015701 1.1679
2015803 53851 1.4688
53851 2015803 1.4688
22873 53852 3.2357
53852 22873 3.2357
53852 53853 4.099
53853 53852 4.099
53853 53863 2.8577
53863 53853 2.8577
53863 53854 2.0815
53854 53863 2.0815
53854 53855 1.2377
53855 53854 1.2377
53855 1471816 0.5414
1471816 53855 0.5414
1471816 97548 1.0051
97548 1471816 1.0051
97548 97549 1.2161
97549 97548 1.2161
97549 97550 0.5998
97550 97549 0.5998
97550 97554 1.026
97554 97550 1.026
97554 97555 1.0822
97555 97554 1.0822
97555 97556 1.201
97556 97555 1.201
97556 97557 2.7454
97557 97556 2.7454
97557 247103 1.5451
247103 97557 1.5451
53864 384660 0.9384
384660 53864 0.9384
384660 1344577 2.8116
1344577 384660 2.8116
1344577 1296009 1.9284
1296009 1344577 1.9284
1296009 1344572 2.8932
1344572 1296009 2.8932
1344572 53865 55.6452
53865 1344572 55.6452
53867 710903 0.702
710903 53867 0.702
710903 385851 12.3156
385851 710903 12.3156
385851 441813 3.6756
441813 385851 3.6756
441813 441814 17.088
441814 441813 17.088
441814 441815 5.9544
441815 441814 5.9544
441815 56319 5.0772
56319 441815 5.0772
56319 53868 18.726
53868 56319 18.726
53868 351814 9.1428
351814 53868 9.1428
351814 199026 9.0396
199026 351814 9.0396
199026 372621 3.6456
372621 199026 3.6456
372621 372622 16.1808
372622 372621 16.1808
372622 372623 4.8456
372623 372622 4.8456
372623 167233 23.5944
167233 372623 23.5944
22892 293670 2.01
293670 22892 2.01
293670 293666 15.2484
293666 293670 15.2484
293666 53870 1.512
53870 293666 1.512
22901 548285 1.5744
548285 22901 1.5744
548285 543261 0.465
543261 548285 0.465
543261 442225 0.2058
442225 543261 0.2058
442225 464837 2.8674
464837 442225 2.8674
464837 351815 3.6426
351815 464837 3.6426
351815 160353 0.3972
160353 351815 0.3972
160353 1344547 4.0434
1344547 160353 4.0434
1344547 543274 0.2106
543274 1344547 0.2106
543274 335405 5.2836
335405 543274 5.2836
335405 335406 9.4128
335406 335405 9.4128
335406 70973 1.626
70973 335406 1.626
482461 53885 1.7345
53885 482461 1.7345
53885 53886 1.2089
53886 53885 1.2089
53886 53887 1.8569
53887 53886 1.8569
53887 53888 1.795
53888 53887 1.795
53888 228359 0.8172
228359 53888 0.8172
228359 53889 1.2262
53889 228359 1.2262
53889 53890 2.1154
53890 53889 2.1154
53890 53891 3.654
53891 53890 3.654
53891 228355 2.1262
228355 53891 2.1262
53914 710955 0.9072
710955 53914 0.9072
710955 53915 4.0212
53915 710955 4.0212
53915 56330 13.1472
56330 53915 13.1472
56330 53916 16.7028
53916 56330 16.7028
53916 159660 3.2196
159660 53916 3.2196
159660 116405 6.7512
116405 159660 6.7512
116405 160346 4.884
160346 116405 4.884
160346 53917 6.6324
53917 160346 6.6324
53917 159662 5.8608
159662 53917 5.8608
159662 53918 10.5204
53918 159662 10.5204
53918 159671 13.218
159671 53918 13.218
159671 53919 4.7028
53919 159671 4.7028
53919 116400 7.3032
116400 53919 7.3032
116400 53920 11.3988
53920 116400 11.3988
53920 53909 26.7504
53909 53920 26.7504
53996 173258 0.3862
173258 53996 0.3862
173258 162830 0.4227
162830 173258 0.4227
162830 1142591 1.8921
1142591 162830 1.8921
1142591 159747 0.6202
159747 1142591 0.6202
159747 424297 0.3929
424297 159747 0.3929
424297 53997 0.2973
53997 424297 0.2973
54006 54636 0.3258
54636 54637 0.2916
54637 424323 0.1879
424323 54638 0.0835
22897 293664 0.5297
293664 22897 0.5297
293664 351717 2.214
351717 293664 2.214
351717 54009 6.4661
54009 351717 6.4661
56354 324992 105.9192
324992 56354 105.9192
324992 25090 36.936
25090 324992 36.936
53875 710928 19.4604
710928 53875 19.4604
710928 54630 0.7248
54630 710928 0.7248
54630 710926 0.6228
710926 54630 0.6228
710926 54631 19.9764
54631 710926 19.9764
967259 967254 0.9036
967254 187486 1.683
187486 967249 0.3546
967249 187492 0.4932
187492 967242 0.5112
967242 200803 0.546
200803 180908 1.0194
180908 64271 2.3562
64271 64272 0.759
64272 203896 0.4908
54643 195721 0.3842
195721 54643 0.3842
195721 228252 1.5814
228252 195721 1.5814
228252 1472166 2.4048
1472166 228252 2.4048
1472166 453983 0.7987
453983 1472166 0.7987
453983 91659 0.1255
91659 453983 0.1255
91659 195521 2.124
195521 91659 2.124
195521 429912 2.8039
429912 195521 2.8039
429912 804770 0.6002
804770 429912 0.6002
91663 967342 1.0073
967342 967339 0.7448
967339 429791 0.6894
429791 429851 4.6825
429851 967320 2.7335
967320 967318 0.2855
967318 967317 0.5522
967317 967314 1.5275
967314 967313 0.5713
967313 967308 0.9464
967308 967307 0.59
967307 955207 0.8536
955207 955206 1.2193
955206 429799 0.7103
429799 22550 1.1362
22550 424303 0.4252
424303 54006 0.3366
54633 424324 0.4147
424324 424325 0.3946
424325 424326 0.3456
424326 54634 0.5576
54640 186594 1.5681
186594 54640 1.5681
186594 494189 8.4574
494189 186594 8.4574
494189 54641 1.7301
54641 494189 1.7301
54641 453979 1.6678
453979 54641 1.6678
453979 54642 0.648
54642 453979 0.648
54642 453980 2.0294
453980 54642 2.0294
453980 453981 1.763
453981 453980 1.763
453981 91660 3.1279
91660 453981 3.1279
91660 569684 0.5894
569684 91660 0.5894
569684 569691 10.9481
569691 569684 10.9481
569691 54643 0.3055
54643 569691 0.3055
54640 143307 2.3277
804793 804781 0.4608
804781 804779 0.4922
804779 804791 0.341
54665 54672 0.7992
54672 54664 0.6401
54665 54661 1.1859
54661 54664 0.7365
54678 454026 2.67
454026 54678 2.67
454026 54679 1.866
54679 454026 1.866
54679 323627 15.2592
323627 54679 15.2592
323627 54680 1.1016
54680 323627 1.1016
54680 54681 7.5228
54681 54680 7.5228
54681 617515 3.1812
617515 54681 3.1812
617515 54685 5.9328
54685 617515 5.9328
54685 54686 18.5052
54686 54685 18.5052
232157 945037 10.1088
945037 232157 10.1088
945037 232160 9.036
232160 945037 9.036
55158 55157 35.316
55157 55158 35.316
441569 55159 2.9628
22889 293659 1.2744
293659 22889 1.2744
293659 710875 3.6456
710875 293659 3.6456
2015831 710875 16.5024
710875 2015831 16.5024
56318 493653 3.5676
493653 56318 3.5676
493653 441812 11.7864
441812 493653 11.7864
441812 56319 47.1492
56319 441812 47.1492
53870 56320 14.1768
56320 53870 14.1768
56320 56321 28.7568
56321 56320 28.7568
56321 56322 13.1184
56322 56321 13.1184
56322 56323 21.9384
56323 56322 21.9384
56323 56324 19.44
56324 56323 19.44
56324 56325 19.6668
56325 56324 19.6668
56325 56326 21.4956
56326 56325 21.4956
56326 56327 14.274
56327 56326 14.274
56327 56328 8.1648
56328 56327 8.1648
56328 493742 6.4656
493742 56328 6.4656
493742 56329 4.8348
56329 493742 4.8348
56329 199270 6.1884
199270 56329 6.1884
199270 493745 3.8736
493745 199270 3.8736
493745 1344650 5.1696
1344650 493745 5.1696
1344650 1344649 3.726
1344649 1344650 3.726
1344649 1344648 14.9688
1344648 1344649 14.9688
1344648 1344647 10.5372
1344647 1344648 10.5372
1344647 1344646 32.1336
1344646 1344647 32.1336
160353 543270 11.6484
543270 160353 11.6484
543270 160351 5.3496
160351 543270 5.3496
160351 56330 22.4856
56330 160351 22.4856
56330 56331 5.3484
56331 56330 5.3484
56331 56332 4.8168
56332 56331 4.8168
56332 56333 8.2224
56333 56332 8.2224
56333 56334 15.0048
56334 56333 15.0048
56334 56335 14.5128
56335 56334 14.5128
56335 56336 12.1068
56336 56335 12.1068
56336 160366 13.632
160366 56336 13.632
160366 56337 12.9276
56337 160366 12.9276
56337 160345 1.7148
160345 56337 1.7148
2015833 160345 14.808
160345 2015833 14.808
159674 293681 21.9468
293681 159674 21.9468
293681 159664 1.494
159664 293681 1.494
159664 293675 1.4376
293675 159664 1.4376
293675 159661 22.5996
159661 293675 22.5996
159661 56334 18.0444
56334 159661 18.0444
56334 56344 18.2784
56344 56334 18.2784
474093 1467109 0.4872
1467109 474093 0.4872
1467109 1467110 1.3776
1467110 1467109 1.3776
1467110 336859 5.3484
336859 1467110 5.3484
336859 25088 16.3956
25088 336859 16.3956
25088 56351 27.9384
56351 25088 27.9384
56351 25087 10.5372
25087 56351 10.5372
25087 56353 4.3212
56353 25087 4.3212
56353 56354 3.0444
56354 56353 3.0444
474095 56355 41.424
56355 474095 41.424
56355 56366 12.5616
56366 56355 12.5616
56364 56365 10.6524
56365 56364 10.6524
56365 56366 17.2512
56366 56365 17.2512
22866 1919294 1.3188
1919294 22866 1.3188
1919294 195566 0.5724
195566 1919294 0.5724
195566 1919295 0.6828
1919295 195566 0.6828
1919295 56803 4.4664
56803 1919295 4.4664
56803 1919290 3.4296
1919290 56803 3.4296
1919290 56808 6.4728
56808 1919290 6.4728
56808 172554 4.4064
172554 56808 4.4064
172554 172555 7.0584
172555 172554 7.0584
172555 172556 3.5016
172556 172555 3.5016
56814 209577 0.5739
209577 56814 0.5739
209577 190226 1.7249
190226 209577 1.7249
190226 290004 1.0219
290004 190226 1.0219
151247 129995 33.5916
129995 151247 33.5916
129995 143266 28.1376
143266 129995 28.1376
58050 493899 0.2206
493899 209532 3.2158
209532 169457 1.9286
169457 54000 0.2258
58051 159758 0.3867
159758 180378 3.5383
180378 180384 5.8562
180384 169460 2.466
169460 967360 0.5693
967360 54001 0.5688
54001 548196 0.3734
548196 548194 0.3168
548194 159765 0.2705
159765 54002 0.6552
235157 528573 3.7368
528573 235157 3.7368
528573 1531452 56.5056
1531452 528573 56.5056
1531452 350021 1.206
350021 1531452 1.206
350021 374571 21.3408
374571 350021 21.3408
374571 374530 3.8736
374530 374571 3.8736
374530 374561 24.3
374561 374530 24.3
374561 58103 36.4284
58103 374561 36.4284
58103 374566 16.3728
374566 58103 16.3728
374566 58102 23.5656
58102 374566 23.5656
58102 58101 3.6144
58101 58102 3.6144
58101 58100 4.5144
58100 58101 4.5144
58100 58099 3.9168
58099 58100 3.9168
58099 58098 5.256
58098 58099 5.256
58098 58097 14.9832
58097 58098 14.9832
58097 58096 17.1432
58096 58097 17.1432
58096 58095 21.3624
58095 58096 21.3624
58095 58094 11.2068
58094 58095 11.2068
58094 58093 8.2044
58093 58094 8.2044
58093 58090 25.0344
58090 58093 25.0344
58096 2015867 3.3948
2015867 58096 3.3948
22886 700957 5.4564
700957 22886 5.4564
700957 200074 0.9648
200074 700957 0.9648
200074 22887 0.696
22887 200074 0.696
22887 293662 0.687
293662 22887 0.687
293662 22888 0.7524
22888 293662 0.7524
22888 22889 1.071
22889 22888 1.071
22885 200075 9.6738
200075 22885 9.6738
200075 710872 0.2376
710872 200075 0.2376
710872 22886 10.548
22886 710872 10.548
63419 947224 1.0176
947224 63419 1.0176
947224 366947 22.9464
366947 947224 22.9464
366947 366944 23.5884
366944 366947 23.5884
366944 366943 26.0244
366943 366944 26.0244
366943 366942 18.018
366942 366943 18.018
366942 63803 4.0224
63803 366942 4.0224
63803 63420 2.97
63420 63803 2.97
63420 486507 11.388
486507 63420 11.388
486507 366931 14.3136
366931 486507 14.3136
366931 63421 11.0904
63421 366931 11.0904
63421 366927 1.8636
366927 63421 1.8636
366927 1720862 1.5024
1720862 366927 1.5024
1720862 1720861 2.31
1720861 1720862 2.31
1720861 366924 1.4424
366924 1720861 1.4424
366924 63422 0.4644
63422 366924 0.4644
63422 350374 3.7872
350374 63422 3.7872
350374 63423 4.9284
63423 350374 4.9284
63423 689328 5.322
689328 63423 5.322
689328 1720868 4.2216
1720868 689328 4.2216
1720868 689335 0.7788
689335 1720868 0.7788
689335 1720867 1.5108
1720867 689335 1.5108
1720867 689315 1.296
689315 1720867 1.296
689315 63802 2.0088
63802 689315 2.0088
63802 689314 1.9644
689314 63802 1.9644
689314 63424 1.272
63424 689314 1.272
63805 63804 3.0189
63804 63805 3.0189
63804 29606 6.4281
29606 63804 6.4281
29606 29607 2.7833
29607 29606 2.7833
29607 29608 3.0873
29608 29607 3.0873
29608 29609 7.3373
29609 29608 7.3373
29609 1500184 3.0662
1500184 29609 3.0662
1500184 242356 1.5845
242356 1500184 1.5845
242356 29610 0.6393
29610 242356 0.6393
29610 305998 2.3179
305998 29610 2.3179
305998 305976 1.2682
305976 305998 1.2682
305976 29611 3.0744
29611 305976 3.0744
29611 305937 0.5986
305937 29611 0.5986
305937 80913 2.3961
80913 305937 2.3961
80913 29612 1.3279
29612 80913 1.3279
29612 738149 3.4365
738149 29612 3.4365
738149 80921 2.4773
80921 738149 2.4773
80921 29613 3.3485
29613 80921 3.3485
29613 1080578 1.8298
1080578 29613 1.8298
1080578 1080579 1.7697
1080579 1080578 1.7697
1080579 29614 0.8187
29614 1080579 0.8187
29614 1080580 0.8856
1080580 29614 0.8856
1080580 1500191 2.0623
1500191 1080580 2.0623
1500191 243887 1.385
243887 1500191 1.385
243887 29615 2.9926
29615 243887 2.9926
29615 243885 0.4906
243885 29615 0.4906
243885 29616 7.9174
29616 243885 7.9174
29616 1080581 6.4913
1080581 29616 6.4913
1080581 29617 0.8367
29617 1080581 0.8367
29617 1080582 0.5739
1080582 29617 0.5739
1080582 81009 0.6444
81009 1080582 0.6444
81009 81010 0.9165
81010 81009 0.9165
63957 63958 2.6856
63958 63957 2.6856
63958 401014 3.852
401014 63958 3.852
401014 401015 5.7369
401015 401014 5.7369
401015 33262 2.1723
33262 401015 2.1723
33262 322027 2.2042
322027 33262 2.2042
322027 202636 0.9977
202636 322027 0.9977
202636 321986 7.7066
321986 202636 7.7066
321986 839279 1.0872
839279 321986 1.0872
839279 612786 1.4122
612786 839279 1.4122
612786 790170 0.8285
790170 612786 0.8285
790170 33263 0.7236
33263 790170 0.7236
33263 790205 0.7884
790205 33263 0.7884
790205 202767 1.0893
202767 790205 1.0893
202767 1781165 1.2739
1781165 202767 1.2739
1781165 790207 2.3822
790207 1781165 2.3822
790207 790209 2.6445
790209 790207 2.6445
790209 33264 1.0749
33264 790209 1.0749
33264 612787 1.1983
612787 33264 1.1983
612787 790136 1.5423
790136 612787 1.5423
790136 790141 4.0284
790141 790136 4.0284
790141 790149 2.2809
790149 790141 2.2809
790149 33265 1.9635
33265 790149 1.9635
133076 990800 0.5055
990800 133076 0.5055
990800 990801 0.3991
990801 990800 0.3991
990801 143294 0.5801
143294 990801 0.5801
143294 990803 0.2242
990803 143294 0.2242
990803 442174 0.2186
442174 990803 0.2186
442174 990804 0.1918
990804 442174 0.1918
990804 143289 0.2181
143289 990804 0.2181
143289 143287 0.558
143287 143289 0.558
702187 315134 0.6521
315134 702187 0.6521
315134 64122 0.9684
64122 315134 0.9684
64122 151564 1.1844
151564 64122 1.1844
151564 315145 2.9854
315145 151564 2.9854
315145 702223 0.397
702223 315145 0.397
702223 702241 5.0981
702241 702223 5.0981
702241 315119 0.4695
315119 702241 0.4695
315119 64257 3.402
64257 315119 3.402
546449 64183 7.7328
64183 546449 7.7328
64183 400746 24.9156
400746 64183 24.9156
400746 64184 22.6548
64184 400746 22.6548
64184 400745 13.6512
400745 64184 13.6512
400745 64185 29.1708
64185 400745 29.1708
64185 64186 10.5156
64186 64185 10.5156
64186 548116 29.2464
548116 64186 29.2464
702190 143295 0.3605
143295 702190 0.3605
143295 64189 2.3487
64189 143295 2.3487
64189 442200 1.8355
442200 64189 1.8355
442200 315183 0.1944
315183 442200 0.1944
315183 230240 0.7586
230240 315183 0.7586
230240 315189 1.5979
315189 230240 1.5979
315189 64190 1.5835
64190 315189 1.5835
64190 315185 4.5951
315185 64190 4.5951
315185 64192 0.3862
64192 315185 0.3862
64192 315100 0.6468
315100 64192 0.6468
315100 230236 2.0736
230236 315100 2.0736
230236 230264 3.825
230264 230236 3.825
230264 64198 2.6022
64198 230264 2.6022
64198 230233 6.6498
230233 64198 6.6498
230233 182126 1.8846
182126 230233 1.8846
182126 64193 3.3624
64193 182126 3.3624
64193 442214 2.2596
442214 64193 2.2596
442214 230323 2.292
230323 442214 2.292
230323 64194 2.2194
64194 230323 2.2194
64122 702202 2.4156
702202 64122 2.4156
702202 64195 12.0384
64195 702202 12.0384
64195 949217 13.6692
949217 64195 13.6692
949217 315187 14.6916
315187 949217 14.6916
315187 425368 3.9924
425368 315187 3.9924
425368 425369 8.6184
425369 425368 8.6184
425369 315192 4.1436
315192 425369 4.1436
315192 425370 4.6476
425370 315192 4.6476
425370 315188 38.4768
315188 425370 38.4768
315188 230236 2.6244
230236 315188 2.6244
64197 64199 9.612
64199 64197 9.612
64257 702251 4.752
702251 64257 4.752
702251 64256 20.4444
64256 702251 20.4444
64256 442203 21.4812
442203 64256 21.4812
442203 442204 12.4092
442204 442203 12.4092
442204 64201 10.4292
64201 442204 10.4292
64208 702263 9.378
702263 64208 9.378
702263 64212 5.7924
64212 702263 5.7924
64212 64213 11.4804
64213 64212 11.4804
64213 64214 15.5844
64214 64213 15.5844
64214 230344 6.2676
230344 64214 6.2676
230344 230343 7.0056
230343 230344 7.0056
804775 165178 2.3652
165178 804775 2.3652
165178 839911 1.242
839911 165178 1.242
839911 208581 6.3324
208581 839911 6.3324
208581 165175 5.4648
165175 208581 5.4648
165175 698565 2.2572
698565 165175 2.2572
698565 165176 2.502
165176 698565 2.502
165176 698564 5.5404
698564 165176 5.5404
698564 165174 2.2644
165174 698564 2.2644
165174 698557 6.0048
698557 165174 6.0048
698557 80116 3.9996
80116 698557 3.9996
80116 165172 12.978
165172 80116 12.978
64266 64265 22.3992
64265 64266 22.3992
64270 187502 1.236
187502 453974 0.4512
453974 187489 0.357
187489 64269 0.6726
64269 64268 0.5958
64268 64267 1.6176
64296 64297 2.6546
55159 86417 0.6174
64300 64301 0.405
64301 187490 0.2052
187490 64302 0.2604
64302 187483 0.4182
187483 64303 2.1612
64274 64312 0.7176
64312 453971 0.4644
453971 64313 0.3936
64313 453972 0.42
453972 64314 0.4098
64314 453973 1.0026
453973 453975 0.8628
453975 64303 1.0236
64315 64316 2.3796
64316 64315 2.3796
64316 493767 1.0296
493767 64316 1.0296
493767 64317 1.8259
64317 493767 1.8259
64317 493773 1.8605
493773 64317 1.8605
493773 380961 0.4831
380961 493773 0.4831
380961 64318 1.1556
64318 380961 1.1556
64318 64319 2.8188
64319 64318 2.8188
64319 64320 3.1932
64320 64319 3.1932
64568 64569 1.9903
64569 64568 1.9903
64569 450444 0.2695
450444 64569 0.2695
450444 468271 0.1779
468271 450444 0.1779
468271 53727 0.1713
53727 468271 0.1713
53727 450445 0.6459
450445 53727 0.6459
450445 53726 3.0425
53726 450445 3.0425
53726 331288 6.4265
331288 53726 6.4265
331288 53725 2.4763
53725 331288 2.4763
53725 80124 1.1535
80124 53725 1.1535
80124 80125 0.5487
80125 80124 0.5487
80125 450447 0.3446
450447 80125 0.3446
450447 53724 0.3687
53724 450447 0.3687
53724 80123 0.4546
80123 53724 0.4546
80123 80122 0.6094
80122 80123 0.6094
80122 80127 1.638
80127 80122 1.638
80127 53723 0.4233
53723 80127 0.4233
53723 450448 0.4582
450448 53723 0.4582
450448 735356 5.7163
735356 450448 5.7163
735356 175161 0.6927
175161 735356 0.6927
175161 336683 3.8834
336683 175161 3.8834
336683 450450 1.278
450450 336683 1.278
450450 735361 1.1726
735361 450450 1.1726
735361 450451 0.3456
450451 735361 0.3456
450451 53722 1.693
53722 450451 1.693
175176 54682 14.2164
54682 175176 14.2164
54682 54683 26.9496
54683 54682 26.9496
54683 67358 14.3904
67358 54683 14.3904
859654 1044237 4.7496
1044237 859654 4.7496
1044237 859655 0.3552
859655 1044237 0.3552
859655 321973 6.4728
321973 859655 6.4728
321973 400717 1.0344
400717 321973 1.0344
400717 321946 9.6696
321946 400717 9.6696
321946 321960 10.1064
321960 321946 10.1064
321960 321972 9.2436
321972 321960 9.2436
321972 400719 2.5164
400719 321972 2.5164
400719 321967 8.0388
321967 400719 8.0388
321967 321951 9.6948
321951 321967 9.6948
321951 321969 1.512
321969 321951 1.512
321969 67363 6.48
67363 321969 6.48
67362 67364 17.8416
67364 67362 17.8416
67364 67365 7.9272
67365 67364 7.9272
67365 1539474 6.0048
1539474 67365 6.0048
1539474 67366 8.3736
67366 1539474 8.3736
67366 67367 42.7392
67367 67366 42.7392
67367 67368 20.5848
67368 67367 20.5848
67368 67369 13.8168
67369 67368 13.8168
67369 67370 15.0264
67370 67369 15.0264
67367 788791 1.452
788791 67367 1.452
788791 788792 1.362
788792 788791 1.362
788792 67371 0.8916
67371 788792 0.8916
67371 788793 1.9668
788793 67371 1.9668
788793 67372 3.1644
67372 788793 3.1644
67372 788794 1.8204
788794 67372 1.8204
788794 67373 1.3884
67373 788794 1.3884
67373 788795 1.6284
788795 67373 1.6284
788795 788796 2.1696
788796 788795 2.1696
788796 67374 2.3676
67374 788796 2.3676
67374 788797 5.0436
788797 67374 5.0436
788797 67375 4.7448
67375 788797 4.7448
67375 788810 3.1272
788810 67375 3.1272
788810 67376 6.27
67376 788810 6.27
67376 67377 6.2556
67377 67376 6.2556
67377 400720 5.5068
400720 67377 5.5068
400720 67378 4.9092
67378 400720 4.9092
67378 788824 2.262
788824 67378 2.262
788824 1539463 1.6968
1539463 788824 1.6968
1539463 67379 4.7892
67379 1539463 4.7892
67379 67380 5.5884
67380 67379 5.5884
67363 1539462 11.0376
1539462 67363 11.0376
1539462 67380 3.5568
67380 1539462 3.5568
67351 175207 1.3296
175207 67351 1.3296
175207 67391 32.1
67391 175207 32.1
67391 147039 21.1248
147039 67391 21.1248
147039 67393 10.7952
67393 147039 10.7952
67354 164439 1.2084
164439 67354 1.2084
164439 67389 16.608
67389 164439 16.608
67356 164444 1.428
164444 67356 1.428
164444 67386 13.3836
67386 164444 13.3836
67386 243054 4.1316
243054 67386 4.1316
243054 67387 14.2596
67387 243054 14.2596
67387 147031 16.8096
147031 67387 16.8096
147031 147032 23.6928
147032 147031 23.6928
67357 164448 1.5696
164448 67357 1.5696
164448 67395 7.2972
67395 164448 7.2972
67395 67396 1.7196
67396 67395 1.7196
67396 67384 1.566
67384 67396 1.566
70971 70972 86.9832
70972 70971 86.9832
70973 70972 6.3336
70972 70973 6.3336
70972 543276 3.942
543276 70972 3.942
543276 160348 1.8768
160348 543276 1.8768
71016 71017 0.5191
71017 71016 0.5191
71017 247080 1.255
247080 71017 1.255
247080 1471804 0.9817
1471804 247080 0.9817
1471804 71018 0.8233
71018 1471804 0.8233
71018 1182211 0.9338
1182211 71018 0.9338
1182211 1182210 1.3817
1182210 1182211 1.3817
1182210 1182205 2.4098
1182205 1182210 2.4098
1182205 1296011 2.0675
1296011 1182205 2.0675
1296011 385981 0.3456
385981 1296011 0.3456
385981 385979 2.362
385979 385981 2.362
385979 385978 1.6463
385978 385979 1.6463
385978 63418 0.1638
63418 385978 0.1638
71019 71016 0.3092
71016 71019 0.3092
71019 22873 0.2887
22873 71019 0.2887
22873 22872 2.5603
22872 22873 2.5603
22872 607338 0.544
607338 22872 0.544
607338 390157 0.6041
390157 607338 0.6041
78935 195719 0.5988
195719 78935 0.5988
195719 698539 2.8512
698539 195719 2.8512
698539 219695 9.09
219695 698539 9.09
219695 78937 0.894
78937 219695 0.894
78937 219680 4.6272
219680 78937 4.6272
219680 208577 2.0904
208577 219680 2.0904
208577 430112 2.8932
430112 208577 2.8932
430112 944948 0.4812
944948 430112 0.4812
944948 78936 0.756
78936 944948 0.756
78936 944949 0.9072
944949 78936 0.9072
944949 804771 0.3624
804771 944949 0.3624
80114 78937 4.5768
78937 80114 4.5768
78937 219685 3.8604
219685 78937 3.8604
219685 78938 8.0568
78938 219685 8.0568
78938 219682 7.8048
219682 78938 7.8048
219682 698537 1.2432
698537 219682 1.2432
698537 166655 5.4552
166655 698537 5.4552
166655 1012675 1.71
1012675 166655 1.71
1012675 219639 2.4228
219639 1012675 2.4228
219639 195517 7.6836
195517 219639 7.6836
195517 219631 7.6476
219631 195517 7.6476
219631 78942 3.372
78942 219631 3.372
78942 698506 6.6768
698506 78942 6.6768
698506 219644 14.628
219644 698506 14.628
219644 78941 0.9252
78941 219644 0.9252
78941 78944 14.4852
78944 78941 14.4852
78940 195724 0.6624
195724 78940 0.6624
195724 698492 5.0196
698492 195724 5.0196
698492 698493 3.714
698493 698492 3.714
698493 78941 3.7308
78941 698493 3.7308
80117 195717 1.89
195717 80117 1.89
195717 80118 7.1136
80118 195717 7.1136
54641 208872 3.6624
208872 54641 3.6624
208872 149495 11.7732
149495 208872 11.7732
149495 195706 11.8116
195706 149495 11.8116
195706 429821 1.188
429821 195706 1.188
429821 429827 0.4164
429827 429821 0.4164
429827 162904 0.5448
162904 429827 0.5448
162904 967317 0.4668
967317 162904 0.4668
798575 955204 0.2041
955204 798574 0.23
798574 955203 0.2092
955203 798573 0.1742
798573 955202 0.2797
955202 955205 0.229
955205 80119 0.2596
80119 194014 0.7106
194014 429789 0.7762
80127 80128 1.7652
80128 80127 1.7652
80128 80129 1.6488
80129 80128 1.6488
80129 80130 2.622
80130 80129 2.622
80130 546014 18.4848
546014 80130 18.4848
546014 80131 6.1416
80131 546014 6.1416
80131 617513 2.0808
617513 80131 2.0808
617513 175163 1.9716
175163 617513 1.9716
175163 175157 1.9704
175157 175163 1.9704
175157 617514 1.2204
617514 175157 1.2204
80136 80228 26.28
80228 80136 26.28
80228 80229 12.6792
80229 80228 12.6792
80229 468285 152.244
468285 80229 152.244
468285 88745 18.0864
88745 468285 18.0864
2016130 496359 3.3953
496359 2016130 3.3953
496359 730492 3.707
730492 496359 3.707
730492 80333 0.6105
80333 730492 0.6105
80431 1013545 2.5872
1013545 80431 2.5872
1013545 80432 1.32
80432 1013545 1.32
80432 612798 2.9544
612798 80432 2.9544
612798 1013543 10.488
1013543 612798 10.488
1013543 80433 0.6216
80433 1013543 0.6216
80441 602096 2.7252
602096 80441 2.7252
602096 80442 6.588
80442 602096 6.588
80442 81868 6.5844
81868 80442 6.5844
81868 80443 8.586
80443 81868 8.586
80443 602099 6.0768
602099 80443 6.0768
602099 80444 2.6712
80444 602099 2.6712
80445 728579 0.9072
728579 80445 0.9072
728579 311120 8.7324
311120 728579 8.7324
311120 80446 6.8352
80446 311120 6.8352
80446 311118 7.1772
311118 80446 7.1772
311118 294105 6.5616
294105 311118 6.5616
294105 1336680 7.0716
1336680 294105 7.0716
1336680 1336681 1.9404
1336681 1336680 1.9404
1336681 1013671 2.6892
1013671 1336681 2.6892
1013671 80447 0.8352
80447 1013671 0.8352
80447 1013655 9.9156
1013655 80447 9.9156
1013655 80448 2.6772
80448 1013655 2.6772
80448 321576 0.6432
321576 80448 0.6432
321576 80449 9.804
80449 321576 9.804
80449 80433 13.9968
80433 80449 13.9968
80440 80450 21.0276
80450 80440 21.0276
2016132 80459 26.0712
80459 2016132 26.0712
2016134 80459 18.7344
80459 2016134 18.7344
47898 884802 7.4988
884802 47898 7.4988
884802 732341 19.8468
732341 884802 19.8468
732341 80460 25.2288
80460 732341 25.2288
80460 2016136 10.1808
2016136 80460 10.1808
80913 80914 7.8912
80914 80913 7.8912
80914 305984 6.0876
305984 80914 6.0876
305984 80915 14.814
80915 305984 14.814
80915 808591 14.67
808591 80915 14.67
808591 80916 15.4512
80916 808591 15.4512
80916 808592 16.9308
808592 80916 16.9308
808592 80917 10.7676
80917 808592 10.7676
80917 810494 22.0356
810494 80917 22.0356
810494 306020 13.4892
306020 810494 13.4892
306020 80918 10.0944
80918 306020 10.0944
80918 242379 33.4656
242379 80918 33.4656
242379 80919 28.4256
80919 242379 28.4256
80919 80920 18.684
80920 80919 18.684
80921 738160 37.8108
738160 80921 37.8108
80925 612788 1.5706
612788 80925 1.5706
612788 81867 2.8291
81867 612788 2.8291
81867 81862 2.1811
81862 81867 2.1811
81862 80926 1.7357
80926 81862 1.7357
80930 327934 0.5333
327934 80930 0.5333
327934 350359 2.7648
350359 327934 2.7648
350359 461590 3.6751
461590 350359 3.6751
461590 324335 5.6808
324335 461590 5.6808
324335 1479883 0.7776
1479883 324335 0.7776
1479883 84962 4.067
84962 1479883 4.067
84962 1346321 6.1992
1346321 84962 6.1992
1346321 350339 0.6346
350339 1346321 0.6346
80932 730485 4.5504
730485 80932 4.5504
730485 730483 5.3748
730483 730485 5.3748
730483 80933 10.134
80933 730483 10.134
80933 80934 7.7112
80934 80933 7.7112
80934 80935 7.7508
80935 80934 7.7508
80935 80936 8.1792
80936 80935 8.1792
80936 80937 4.5756
80937 80936 4.5756
2016144 80937 1.3788
80937 2016144 1.3788
63836 81214 68.4144
81214 63836 68.4144
81214 81215 57.7188
81215 81214 57.7188
2016146 81215 8.7192
81215 2016146 8.7192
63411 81217 28.602
81217 63411 28.602
81217 81218 4.59
81218 81217 4.59
81218 81219 4.0896
81219 81218 4.0896
81219 81220 4.1616
81220 81219 4.1616
81220 81221 5.6592
81221 81220 5.6592
81221 730466 8.1576
730466 81221 8.1576
730466 730465 6.6384
730465 730466 6.6384
2016148 730465 9.4968
730465 2016148 9.4968
2016150 730456 8.8776
730456 2016150 8.8776
730456 730461 23.904
730461 730456 23.904
730461 730462 2.808
730462 730461 2.808
730462 730465 2.4948
730465 730462 2.4948
81712 81713 35.2008
81713 81712 35.2008
81714 81715 24.7464
81715 81714 24.7464
81715 81716 16.9704
81716 81715 16.9704
81716 81717 19.6344
81717 81716 19.6344
81717 81718 9.648
81718 81717 9.648
81718 81719 11.7216
81719 81718 11.7216
81719 81720 9.36
81720 81719 9.36
81720 81721 36.8856
81721 81720 36.8856
81721 81722 8.5176
81722 81721 8.5176
81722 81723 4.9248
81723 81722 4.9248
81723 81724 8.1648
81724 81723 8.1648
81724 81725 20.8656
81725 81724 20.8656
81725 81726 13.8672
81726 81725 13.8672
81726 81727 3.636
81727 81726 3.636
81728 81729 8.658
81729 81728 8.658
81729 81730 6.516
81730 81729 6.516
81730 81731 16.3368
81731 81730 16.3368
81731 81732 5.5728
81732 81731 5.5728
81732 81733 10.7676
81733 81732 10.7676
81733 730539 19.7064
730539 81733 19.7064
730539 81734 23.7384
81734 730539 23.7384
81734 81735 5.2416
81735 81734 5.2416
81735 306301 6.084
306301 81735 6.084
306301 81736 5.0184
81736 306301 5.0184
80459 81737 36.252
81737 80459 36.252
81737 81738 33.75
81738 81737 33.75
81738 81739 5.8932
81739 81738 5.8932
81739 1787656 2.8908
1787656 81739 2.8908
1787656 81740 2.0016
81740 1787656 2.0016
81740 81741 9.6948
81741 81740 9.6948
81741 81742 4.9032
81742 81741 4.9032
81742 820371 21.87
820371 81742 21.87
80333 730157 1.3248
730157 80333 1.3248
730157 81743 4.0524
81743 730157 4.0524
81743 730158 2.0748
730158 81743 2.0748
730158 81744 2.5008
81744 730158 2.5008
81744 81745 7.296
81745 81744 7.296
81745 81746 0.882
81746 81745 0.882
81746 81747 1.7328
81747 81746 1.7328
81747 81748 1.3536
81748 81747 1.3536
81748 81713 1.8252
81713 81748 1.8252
81749 81750 53.6904
81750 81749 53.6904
81750 1013499 19.476
1013499 81750 19.476
1013499 81751 2.142
81751 1013499 2.142
81751 1013497 3.3768
1013497 81751 3.3768
1013497 1013496 2.7144
1013496 1013497 2.7144
1013496 81712 6.4872
81712 1013496 6.4872
81712 730508 5.5908
730508 81712 5.5908
730508 730507 9.6912
730507 730508 9.6912
730507 1013490 5.6232
1013490 730507 5.6232
1013490 730159 6.0336
730159 1013490 6.0336
730159 81752 3.5352
81752 730159 3.5352
81753 81754 74.0448
81754 81753 74.0448
81754 820367 16.5744
820367 81754 16.5744
81755 81756 41.4
81756 81755 41.4
81756 81754 43.1928
81754 81756 43.1928
81754 291863 18.9288
291863 81754 18.9288
291863 820362 11.4336
820362 291863 11.4336
2016156 820362 10.908
820362 2016156 10.908
2016158 82984 10.5768
82984 2016158 10.5768
82984 973846 13.6368
973846 82984 13.6368
973846 973844 14.8896
973844 973846 14.8896
973844 816007 11.5992
816007 973844 11.5992
81753 81759 43.9056
81759 81753 43.9056
81759 81756 27.3456
81756 81759 27.3456
81756 81760 21.852
81760 81756 21.852
81760 820371 7.4592
820371 81760 7.4592
81728 1163047 57.4704
1163047 81728 57.4704
1163047 81763 15.6168
81763 1163047 15.6168
81763 81714 15.7824
81714 81763 15.7824
2016160 81831 4.2264
81831 2016160 4.2264
81831 81832 31.4064
81832 81831 31.4064
81832 726784 78.0264
726784 81832 78.0264
81862 81863 3.7476
81863 81862 3.7476
81863 81864 3.7944
81864 81863 3.7944
81864 281102 2.0052
281102 81864 2.0052
1044351 1044356 5.3946
1044356 1044351 5.3946
1044356 1044358 1.926
1044358 1044356 1.926
1044358 1044359 3.1356
1044359 1044358 3.1356
1044359 1044360 2.385
1044360 1044359 2.385
1044360 1044361 1.6992
1044361 1044360 1.6992
1044361 1044362 5.688
1044362 1044361 5.688
1044362 1044357 5.3532
1044357 1044362 5.3532
1044357 1044355 2.5686
1044355 1044357 2.5686
1044355 1044354 2.0826
1044354 1044355 2.0826
1044354 1044353 3.6756
1044353 1044354 3.6756
1044353 1044352 6.4926
1044352 1044353 6.4926
1044352 1044351 1.1628
1044351 1044352 1.1628
1044351 1044350 4.6062
1044350 1044351 4.6062
1044350 1044319 2.7828
1044319 1044350 2.7828
1044319 1500162 2.2716
1500162 1044319 2.2716
1500162 1044320 2.6874
1044320 1500162 2.6874
1044320 81869 1.4418
81869 1044320 1.4418
82984 82985 4.2624
82985 82984 4.2624
82985 82986 13.1544
82986 82985 13.1544
2016166 82986 1.9512
82986 2016166 1.9512
83080 291863 3.7188
291863 83080 3.7188
291863 83082 6.6312
83082 291863 6.6312
83082 820351 5.1084
820351 83082 5.1084
820351 83083 7.29
83083 820351 7.29
2016168 722660 14.0436
722660 2016168 14.0436
80446 83198 38.8008
83198 80446 38.8008
83198 83199 7.344
83199 83198 7.344
83201 688705 10.6056
688705 83201 10.6056
688705 688922 1.4508
688922 688705 1.4508
688922 688926 7.8936
688926 688922 7.8936
688926 688707 5.7312
688707 688926 5.7312
688707 174773 4.0452
174773 688707 4.0452
174773 174714 12.5184
174714 174773 12.5184
174714 688948 12.2568
688948 174714 12.2568
688948 174733 12.3552
174733 688948 12.3552
174733 83202 12.4956
83202 174733 12.4956
83203 688918 1.4424
688918 83203 1.4424
688918 201355 4.8384
201355 688918 4.8384
201355 688824 0.5136
688824 201355 0.5136
688824 83202 8.382
83202 688824 8.382
83202 688837 0.3408
688837 83202 0.3408
688837 201347 9.2664
201347 688837 9.2664
201347 493540 4.7772
493540 201347 4.7772
493540 83204 3.1164
83204 493540 3.1164
493538 83205 3.5316
83205 493538 3.5316
83205 689071 8.46
689071 83205 8.46
689071 689007 2.7396
689007 689071 2.7396
689007 689069 6.2388
689069 689007 6.2388
689069 689008 10.8288
689008 689069 10.8288
689008 689014 1.0332
689014 689008 1.0332
689014 496212 7.596
496212 689014 7.596
496212 83206 8.0136
83206 496212 8.0136
83210 689059 2.1492
689059 83210 2.1492
689059 689055 3.618
689055 689059 3.618
689055 689057 2.8476
689057 689055 2.8476
689057 493533 2.0448
493533 689057 2.0448
493533 689056 2.0736
689056 493533 2.0736
689056 756036 1.9908
756036 689056 1.9908
756036 493532 1.6848
493532 756036 1.6848
493532 689266 3.24
689266 493532 3.24
689266 493541 1.4472
493541 689266 1.4472
493541 493531 4.0572
493531 493541 4.0572
83216 689150 3.4452
689150 83216 3.4452
689150 689149 3.5748
689149 689150 3.5748
689149 689134 4.2156
689134 689149 4.2156
689134 689136 4.4892
689136 689134 4.4892
689136 689140 2.6928
689140 689136 2.6928
689140 850297 5.094
850297 689140 5.094
850297 65218 2.196
65218 850297 2.196
65218 689100 20.2428
689100 65218 20.2428
689100 335561 20.25
335561 689100 20.25
335561 83217 20.7792
83217 335561 20.7792
83217 850294 4.4712
850294 83217 4.4712
850294 1541930 9.2376
1541930 850294 9.2376
1541930 592144 6.0372
592144 1541930 6.0372
592144 1541943 1.2384
1541943 592144 1.2384
1541943 689101 21.15
689101 1541943 21.15
689101 1541935 16.2468
1541935 689101 16.2468
1541935 1541938 4.3884
1541938 1541935 4.3884
1541938 400760 44.8272
400760 1541938 44.8272
400760 83218 119.1636
83218 400760 119.1636
83218 764524 21.9384
764524 83218 21.9384
764524 491185 17.388
491185 764524 17.388
491185 850285 1.1196
850285 491185 1.1196
850285 546578 20.8008
546578 850285 20.8008
546578 546577 13.8528
546577 546578 13.8528
546577 491186 8.9604
491186 546577 8.9604
491186 546429 17.8632
546429 491186 17.8632
546429 235268 36.8064
235268 546429 36.8064
235268 83219 21.1968
83219 235268 21.1968
83219 521228 34.9128
521228 83219 34.9128
521228 83220 90.99
83220 521228 90.99
83220 816438 2.2608
816438 83220 2.2608
816438 525267 13.6836
525267 816438 13.6836
525267 1542017 20.9016
1542017 525267 20.9016
80449 1013574 0.6684
1013574 80449 0.6684
1013574 696544 16.8996
696544 1013574 16.8996
696544 83239 1.5264
83239 696544 1.5264
734851 738115 21.3732
738115 734851 21.3732
738115 83241 44.0784
83241 738115 44.0784
83241 83240 41.2344
83240 83241 41.2344
734849 947226 3.2076
947226 734849 3.2076
947226 370848 6.696
370848 947226 6.696
370848 1500124 5.3676
1500124 370848 5.3676
1500124 370846 12.6396
370846 1500124 12.6396
370846 1500133 4.5684
1500133 370846 4.5684
1500133 370844 6.8076
370844 1500133 6.8076
370844 947221 35.2116
947221 370844 35.2116
947221 370852 7.452
370852 947221 7.452
370852 947222 4.3524
947222 370852 4.3524
947222 83243 5.958
83243 947222 5.958
83243 1336643 7.8768
1336643 83243 7.8768
1336643 1336641 3.9672
1336641 1336643 3.9672
1336641 1336642 7.866
1336642 1336641 7.866
1336642 1336644 19.638
1336644 1336642 19.638
1336644 1336645 4.7916
1336645 1336644 4.7916
83243 83244 11.8368
83244 83243 11.8368
83244 83245 16.2288
83245 83244 16.2288
83245 83246 17.3016
83246 83245 17.3016
83246 1500189 6.3576
1500189 83246 6.3576
1500189 83247 15.7824
83247 1500189 15.7824
83219 83258 56.9736
83258 83219 56.9736
83258 83259 270.5832
83259 83258 270.5832
83259 83260 276.3792
83260 83259 276.3792
83260 83261 70.9416
83261 83260 70.9416
83268 83269 13.0824
83269 83268 13.0824
83269 538915 11.8728
538915 83269 11.8728
538915 83270 14.3064
83270 538915 14.3064
83270 83271 57.9528
83271 83270 57.9528
83271 83272 42.6744
83272 83271 42.6744
83272 539076 63.972
539076 83272 63.972
539076 359440 10.1232
359440 539076 10.1232
359440 83273 63.7776
83273 359440 63.7776
83273 2016172 32.112
2016172 83273 32.112
83263 83264 8.0136
83264 83263 8.0136
83264 83265 21.5748
83265 83264 21.5748
83265 83266 8.388
83266 83265 8.388
83266 1471235 12.1896
1471235 83266 12.1896
1471235 83267 13.788
83267 1471235 13.788
83267 83268 2.952
83268 83267 2.952
83268 543857 4.032
543857 83268 4.032
543857 235237 22.5972
235237 543857 22.5972
235237 235253 33.8292
235253 235237 33.8292
235253 527613 3.1428
527613 235253 3.1428
527613 235111 3.6252
235111 527613 3.6252
235111 711557 18.4716
711557 235111 18.4716
711557 235189 53.6472
235189 711557 53.6472
235189 711558 9.5796
711558 235189 9.5796
711558 711559 12.564
711559 711558 12.564
711559 1470973 9.8604
1470973 711559 9.8604
1470973 546441 57.1032
546441 1470973 57.1032
546441 527619 132.2208
527619 546441 132.2208
525286 527618 25.8876
527618 525286 25.8876
527618 527617 5.454
527617 527618 5.454
527617 498588 3.3768
498588 527617 3.3768
498588 548792 11.3364
548792 498588 11.3364
548792 546445 20.8224
546445 548792 20.8224
546445 527621 32.4396
