23041
1179257 1179256 4.5288
1179256 1179257 4.5288
1179256 1367824 0.9576
1367824 1179256 0.9576
1367824 1179258 1.3104
1179258 1367824 1.3104
1179258 1179255 2.5344
1179255 1179258 2.5344
1179255 646039 4.7556
646039 1179255 4.7556
646039 646064 8.82
646064 646039 8.82
646064 646075 13.5432
646075 646064 13.5432
646075 1179254 3.5352
1179254 646075 3.5352
1179254 1179253 3.4812
1179253 1179254 3.4812
550855 3127 15.5412
3127 550855 15.5412
28069 600081 2.1269
600081 28069 2.1269
600081 28071 0.3658
28071 600081 0.3658
28071 1540652 1.3072
1540652 28071 1.3072
1540652 28072 2.7475
28072 1540652 2.7475
28072 1540659 1.1473
1540659 28072 1.1473
1540659 28073 1.8324
28073 1540659 1.8324
28073 28074 1.714
28074 28073 1.714
28074 579648 1.1894
579648 28074 1.1894
579648 28075 1.057
28075 579648 1.057
28075 28076 8.6285
28076 28075 8.6285
28070 28079 9.1159
28079 28070 9.1159
28082 1200674 0.8669
1200674 1200670 0.9745
1200670 1200671 0.8395
1200671 28083 0.6743
28083 1200672 1.1531
1200672 1200673 0.6959
1200673 28078 1.0091
28077 1200678 0.729
1200678 28084 0.3974
28084 28085 0.4108
28085 1200677 0.3528
1200677 28086 0.3146
28086 1200676 0.3521
1200676 28087 0.3488
28087 1200675 0.4169
1200675 28082 0.6872
28093 579683 0.374
579683 579681 0.2068
579681 579680 0.2104
579680 579682 0.434
579682 28091 0.4276
28092 579675 0.3836
579675 579676 0.2396
579676 579677 0.1864
579677 579678 0.1736
579678 579679 0.214
579679 28093 0.4768
28088 1016994 0.614
1016994 1016991 0.4276
1016991 1016989 0.342
1016989 28094 0.44
28093 1930608 0.1396
1930608 28093 0.1396
1930608 1765990 1.8428
1765990 1930608 1.8428
1765990 1765995 0.7544
1765995 1765990 0.7544
1765995 1093980 1.2712
1093980 1765995 1.2712
1093980 28094 0.1824
28094 1093980 0.1824
28094 1016987 0.2824
1016987 1016988 0.3968
1016988 1765980 0.2936
1765980 1016986 0.3292
1016986 28089 0.6188
28097 28100 0.7277
28100 28097 0.7277
28100 1765931 0.4053
1765931 28100 0.4053
1765931 579664 0.3806
579664 1765931 0.3806
579664 1765930 0.3461
1765930 579664 0.3461
1765930 28101 0.4274
28101 1765930 0.4274
28101 1765929 0.5847
1765929 28101 0.5847
1765929 579665 0.7951
579665 1765929 0.7951
579665 28102 1.4549
28102 579665 1.4549
28102 28103 0.5909
28103 28102 0.5909
28103 1765928 0.4253
1765928 28103 0.4253
1765928 579666 0.359
579666 1765928 0.359
579666 579667 0.4068
579667 579666 0.4068
579667 579668 0.2335
579668 579667 0.2335
579668 579669 0.3451
579669 579668 0.3451
579669 28104 0.2957
28104 579669 0.2957
28104 856993 0.2787
856993 28104 0.2787
107483 1079109 1.0159
1079109 107483 1.0159
1079109 2015423 7.4455
2015423 1079109 7.4455
39098 547407 3.9168
547407 39098 3.9168
547407 1539950 1.8468
1539950 547407 1.8468
1539950 1430434 5.1084
1430434 1539950 5.1084
1430434 1539951 4.176
1539951 1430434 4.176
1539951 748421 16.038
748421 1539951 16.038
748421 748420 6.156
748420 748421 6.156
748420 748414 2.2932
748414 748420 2.2932
748414 547412 1.5156
547412 748414 1.5156
28076 31118 13.1756
31118 28076 13.1756
31118 579647 15.6516
579647 31118 15.6516
579647 719644 7.5184
719644 579647 7.5184
719644 31119 7.7548
31119 719644 7.7548
31119 719643 7.702
719643 31119 7.702
719643 106868 7.6884
106868 719643 7.6884
106868 1472792 4.9496
1472792 106868 4.9496
1472792 1702460 0.0492
1702460 1472792 0.0492
1702460 719642 0.4688
719642 1702460 0.4688
719642 1702462 0.7592
1702462 719642 0.7592
1702462 1472793 2.0456
1472793 1702462 2.0456
1472793 733796 4.0884
733796 1472793 4.0884
733796 31120 1.9132
31120 733796 1.9132
31120 733788 3.22
733788 31120 3.22
733788 1472794 0.5172
1472794 733788 0.5172
1472794 733772 12.272
733772 1472794 12.272
733772 992331 4.4512
992331 733772 4.4512
992331 733766 0.3988
733766 992331 0.3988
733766 111374 0.3548
111374 733766 0.3548
111374 1472789 0.5776
1472789 111374 0.5776
2015485 1472789 15.6392
1472789 2015485 15.6392
106513 899986 0.2016
899986 106513 0.2016
899986 1200682 0.2462
1200682 899986 0.2462
1200682 28081 0.2574
28081 1200682 0.2574
28081 1200681 0.2639
1200681 28081 0.2639
1200681 899987 0.2502
899987 1200681 0.2502
899987 1200680 0.2891
1200680 899987 0.2891
1200680 117869 0.3802
117869 1200680 0.3802
117869 1200679 0.4082
1200679 117869 0.4082
1200679 28082 0.3298
28082 1200679 0.3298
31125 31126 64.7568
31126 31125 64.7568
28019 2015607 0.8352
2015607 28019 0.8352
28019 28020 5.2826
28020 28019 5.2826
28020 218339 7.6262
218339 28020 7.6262
218339 78078 7.7512
78078 218339 7.7512
2015609 78078 5.8824
78078 2015609 5.8824
272042 1380633 3.9312
1380633 272042 3.9312
1380633 272053 1.8468
272053 1380633 1.8468
272053 272045 6.8904
272045 272053 6.8904
272045 1380632 9.8172
1380632 272045 9.8172
1380632 1278803 16.9956
1278803 1380632 16.9956
1278803 444895 4.2984
444895 1278803 4.2984
6518 444775 3.06
444775 6518 3.06
444775 1380597 0.7668
1380597 444775 0.7668
1380597 444776 0.4884
444776 1380597 0.4884
444776 1380600 4.134
1380600 444776 4.134
1380600 1380599 7.7448
1380599 1380600 7.7448
1380599 58796 1.0944
58796 1380599 1.0944
47446 47447 11.6532
47447 47446 11.6532
47447 444895 2.772
444895 47447 2.772
444895 1380637 1.008
1380637 444895 1.008
1380637 272046 8.9748
272046 1380637 8.9748
272046 47450 2.4012
47450 272046 2.4012
47081 2015849 5.7975
2015849 47081 5.7975
444501 651874 3.4934
651874 444501 3.4934
651874 444770 0.7798
444770 651874 0.7798
444770 889573 0.3449
889573 444770 0.3449
889573 6516 8.3225
6516 889573 8.3225
6516 1846233 2.9772
1846233 6516 2.9772
1846233 6515 1.2852
6515 1846233 1.2852
6515 748514 0.7524
748514 6515 0.7524
748514 748513 7.3771
748513 748514 7.3771
748513 748512 4.4165
748512 748513 4.4165
748512 1846226 0.5112
1846226 748512 0.5112
1846226 6182 0.8683
6182 1846226 0.8683
6182 1610138 5.7578
1610138 6182 5.7578
1610138 73612 10.9786
73612 1610138 10.9786
73612 58807 9.8964
58807 73612 9.8964
58807 1516420 0.3521
1516420 58807 0.3521
1516420 444465 1.7438
444465 1516420 1.7438
444465 1516419 0.3377
1516419 444465 0.3377
1516419 100632 2.6568
100632 1516419 2.6568
100632 1428226 0.4406
1428226 100632 0.4406
1428226 1846228 0.4838
1846228 1428226 0.4838
1846228 165578 0.3348
165578 1846228 0.3348
165578 59020 6.7666
59020 165578 6.7666
59020 917259 8.3491
917259 59020 8.3491
917259 94739 1.6891
94739 917259 1.6891
657680 659712 21.132
659712 657680 21.132
659712 2015873 31.896
2015873 659712 31.896
443936 143150 43.3296
143150 443936 43.3296
143150 58383 32.256
58383 143150 32.256
706169 143166 3.78
143166 706169 3.78
143166 455875 13.6656
455875 143166 13.6656
455875 58645 5.5656
58645 455875 5.5656
58645 5147 1.6344
5147 58645 1.6344
58658 443931 2.9088
443931 58658 2.9088
443931 455874 4.5144
455874 443931 4.5144
455874 656147 11.5488
656147 455874 11.5488
656147 143151 1.764
143151 656147 1.764
143151 706166 53.0136
706166 143151 53.0136
706166 706171 10.548
706171 706166 10.548
58782 58783 25.776
58783 58782 25.776
58784 703754 2.196
703754 58784 2.196
703754 656275 41.0472
656275 703754 41.0472
656275 659699 11.5848
659699 656275 11.5848
659699 58785 2.0736
58785 659699 2.0736
1610137 58797 48.456
58797 1610137 48.456
58797 444806 11.3112
444806 58797 11.3112
444806 444805 10.908
444805 444806 10.908
444805 58798 20.1384
58798 444805 20.1384
58798 73614 27.0216
73614 58798 27.0216
73614 58799 23.9112
58799 73614 23.9112
58799 58800 26.0136
58800 58799 26.0136
58800 444795 12.2328
444795 58800 12.2328
444795 444794 17.8488
444794 444795 17.8488
444794 444793 11.7792
444793 444794 11.7792
444793 444791 13.2912
444791 444793 13.2912
444791 58801 12.564
58801 444791 12.564
73612 73613 14.7528
73613 73612 14.7528
73613 73614 185.6016
73614 73613 185.6016
73614 444815 144.7056
444815 73614 144.7056
444815 455868 89.6472
455868 444815 89.6472
455868 73687 6.876
73687 455868 6.876
73687 73686 31.3848
73686 73687 31.3848
73686 73615 37.7928
73615 73686 37.7928
73615 73616 16.8552
73616 73615 16.8552
73616 73617 18.0648
73617 73616 18.0648
73617 73618 23.7312
73618 73617 23.7312
73618 445025 13.4496
445025 73618 13.4496
445025 445026 3.4488
445026 445025 3.4488
445026 445029 5.3208
445029 445026 5.3208
445029 73619 5.5152
73619 445029 5.5152
73619 73656 3.2688
73656 73619 3.2688
73656 445035 5.7888
445035 73656 5.7888
445035 445038 5.7744
445038 445035 5.7744
445038 73620 3.7728
73620 445038 3.7728
73620 445040 5.7024
445040 73620 5.7024
445040 445042 5.868
445042 445040 5.868
445042 73621 6.2856
73621 445042 6.2856
73621 73622 7.5168
73622 73621 7.5168
73622 73623 4.5936
73623 73622 4.5936
73623 73624 2.592
73624 73623 2.592
73624 73625 2.5128
73625 73624 2.5128
73625 73626 6.6672
73626 73625 6.6672
73626 73627 5.0616
73627 73626 5.0616
73627 73628 3.6864
73628 73627 3.6864
73628 73629 2.4264
73629 73628 2.4264
73629 73630 5.1336
73630 73629 5.1336
73630 73631 11.0088
73631 73630 11.0088
73631 73632 13.1328
73632 73631 13.1328
73632 444887 7.3872
444887 73632 7.3872
444887 444884 5.904
444884 444887 5.904
444884 444881 7.8192
444881 444884 7.8192
444881 444878 2.0808
444878 444881 2.0808
444878 444877 1.6128
444877 444878 1.6128
444877 444875 4.2912
444875 444877 4.2912
444875 444872 4.86
444872 444875 4.86
444872 444867 4.8816
444867 444872 4.8816
444867 73633 11.4264
73633 444867 11.4264
73633 444981 14.7024
444981 73633 14.7024
444981 73634 42.9552
73634 444981 42.9552
73634 73635 30.5856
73635 73634 30.5856
73635 73682 3.888
73682 73635 3.888
73682 444964 3.996
444964 73682 3.996
444964 444963 5.76
444963 444964 5.76
444963 444962 3.8304
444962 444963 3.8304
444962 444961 5.1552
444961 444962 5.1552
444961 444960 2.952
444960 444961 2.952
444960 444959 2.9808
444959 444960 2.9808
444959 444827 12.7656
444827 444959 12.7656
444827 444826 2.3688
444826 444827 2.3688
444826 444817 19.3464
444817 444826 19.3464
444817 73636 2.9808
73636 444817 2.9808
73636 444816 6.4152
444816 73636 6.4152
444816 444814 9.0864
444814 444816 9.0864
444814 73637 8.0424
73637 444814 8.0424
73637 444812 13.1688
444812 73637 13.1688
444812 444811 8.46
444811 444812 8.46
444811 444810 4.6368
444810 444811 4.6368
444810 444808 5.5584
444808 444810 5.5584
444808 444807 15.1704
444807 444808 15.1704
444807 444804 12.5856
444804 444807 12.5856
444804 73638 4.0536
73638 444804 4.0536
73638 444803 2.9016
444803 73638 2.9016
444803 444802 4.1616
444802 444803 4.1616
444802 73639 2.7792
73639 444802 2.7792
73639 444801 3.3552
444801 73639 3.3552
444801 73640 2.5416
73640 444801 2.5416
73640 73641 4.1976
73641 73640 4.1976
73641 444800 3.2976
444800 73641 3.2976
444800 444799 2.7
444799 444800 2.7
444799 444798 2.412
444798 444799 2.412
444798 73642 7.9128
73642 444798 7.9128
73642 73643 18.18
73643 73642 18.18
73643 444797 13.6296
444797 73643 13.6296
444797 73644 14.184
73644 444797 14.184
73644 444796 5.1984
444796 73644 5.1984
444796 73645 8.0712
73645 444796 8.0712
73645 73646 10.152
73646 73645 10.152
73646 73647 2.3832
73647 73646 2.3832
73647 444792 6.5304
444792 73647 6.5304
444792 73648 3.3264
73648 444792 3.3264
73648 73649 4.5792
73649 73648 4.5792
73649 58801 5.7816
58801 73649 5.7816
58801 73650 8.0856
73650 58801 8.0856
73650 444952 15.0048
444952 73650 15.0048
444952 444951 3.7728
444951 444952 3.7728
444951 444950 4.284
444950 444951 4.284
444950 58802 6.732
58802 444950 6.732
58802 444949 5.3856
444949 58802 5.3856
444949 444948 4.5144
444948 444949 4.5144
444948 444947 3.0024
444947 444948 3.0024
444947 444946 10.8288
444946 444947 10.8288
444946 444945 5.4792
444945 444946 5.4792
444945 444944 6.6384
444944 444945 6.6384
444944 58808 14.3208
58808 444944 14.3208
58808 444943 15.2928
444943 58808 15.2928
444943 444942 12.7728
444942 444943 12.7728
444942 444941 13.0032
444941 444942 13.0032
444941 444940 6.7032
444940 444941 6.7032
444940 58803 8.2512
58803 444940 8.2512
58803 58804 5.4936
58804 58803 5.4936
58804 444939 5.9328
444939 58804 5.9328
444939 444938 5.04
444938 444939 5.04
444938 444937 5.2848
444937 444938 5.2848
444937 444936 7.3296
444936 444937 7.3296
444936 444935 6.2928
444935 444936 6.2928
444935 444934 6.3792
444934 444935 6.3792
444934 444933 5.5944
444933 444934 5.5944
444933 58805 4.7952
58805 444933 4.7952
58805 58806 4.6656
58806 58805 4.6656
58806 444932 4.1688
444932 58806 4.1688
444932 1516420 11.2536
1516420 444932 11.2536
445262 445261 1.4393
445261 445262 1.4393
445261 2012370 1.5574
2012370 445261 1.5574
2012370 784997 20.8015
784997 2012370 20.8015
784997 451530 12.9492
451530 784997 12.9492
451530 466051 2.9959
466051 451530 2.9959
58821 646013 2.687
646013 58821 2.687
646013 58822 5.2416
58822 646013 5.2416
58822 58823 3.649
58823 58822 3.649
58823 646017 1.3378
646017 58823 1.3378
646017 58824 1.4911
58824 646017 1.4911
58824 646010 0.9626
646010 58824 0.9626
646010 58825 1.4501
58825 646010 1.4501
58825 646015 1.3435
646015 58825 1.3435
646015 646024 1.4796
646024 646015 1.4796
646024 58826 8.6263
58826 646024 8.6263
58826 58827 2.4048
58827 58826 2.4048
58827 58828 2.9527
58828 58827 2.9527
58828 58829 4.001
58829 58828 4.001
58829 1428249 1.0274
1428249 58829 1.0274
1428249 1517494 1.0858
1517494 1428249 1.0858
1517494 58830 1.3046
58830 1517494 1.3046
58830 466039 0.517
466039 58830 0.517
58864 58865 40.0248
58865 58864 40.0248
58865 1428217 4.824
1428217 58865 4.824
1428217 1509853 17.3304
1509853 1428217 17.3304
1509853 58866 12.852
58866 1509853 12.852
58866 1509854 6.0984
1509854 58866 6.0984
1509854 1509851 14.4144
1509851 1509854 14.4144
1509851 58867 10.7424
58867 1509851 10.7424
58867 444447 145.4616
444447 58867 145.4616
444447 444446 3.1608
444446 444447 3.1608
444446 444445 2.5848
444445 444446 2.5848
444445 444443 2.4696
444443 444445 2.4696
444443 444442 1.8936
444442 444443 1.8936
444442 444440 2.5848
444440 444442 2.5848
444440 58868 2.1744
58868 444440 2.1744
444448 58870 2.7
58870 444448 2.7
58870 58869 4.6152
58869 58870 4.6152
58869 444444 1.9512
444444 58869 1.9512
58872 58873 9.9072
58873 58872 9.9072
58873 58871 21.3048
58871 58873 21.3048
444483 58874 2.9844
58874 444483 2.9844
58874 660053 15.5376
660053 58874 15.5376
660053 889306 18.0288
889306 660053 18.0288
889306 58875 57.1608
58875 889306 57.1608
58875 444486 6.2388
444486 58875 6.2388
58876 444481 6.6168
444481 58876 6.6168
444481 58877 21.456
58877 444481 21.456
58877 444482 8.1792
444482 58877 8.1792
444482 58874 6.9984
58874 444482 6.9984
59020 59021 379.8576
59021 59020 379.8576
59021 59022 2.52
59022 59021 2.52
59022 59023 2.7144
59023 59022 2.7144
59023 58863 1.8792
58863 59023 1.8792
444454 444453 6.732
444453 444454 6.732
444453 444452 1.4544
444452 444453 1.4544
444452 444450 2.0448
444450 444452 2.0448
444450 444449 0.972
444449 444450 0.972
444449 444451 0.9864
444451 444449 0.9864
444451 444448 0.8784
444448 444451 0.8784
59292 59293 2.2188
59293 59292 2.2188
59293 59294 2.2836
59294 59293 2.2836
59294 59295 2.9136
59295 59294 2.9136
59295 59296 5.832
59296 59295 5.832
59296 59297 6.0564
59297 59296 6.0564
59297 1513778 2.1552
1513778 59297 2.1552
1513778 59298 4.8156
59298 1513778 4.8156
59298 59299 7.0308
59299 59298 7.0308
59299 59300 15.4512
59300 59299 15.4512
59300 59301 26.1
59301 59300 26.1
59301 59302 1.3548
59302 59301 1.3548
59302 59303 2.2824
59303 59302 2.2824
59303 59304 2.052
59304 59303 2.052
59304 59305 2.952
59305 59304 2.952
59305 59306 1.6344
59306 59305 1.6344
59306 59307 1.3644
59307 59306 1.3644
59307 59308 2.0016
59308 59307 2.0016
59308 59309 6.6024
59309 59308 6.6024
59309 59310 7.2336
59310 59309 7.2336
59310 59311 4.914
59311 59310 4.914
59311 59312 5.052
59312 59311 5.052
59312 59313 4.1376
59313 59312 4.1376
59313 59314 3.1344
59314 59313 3.1344
59314 59315 2.922
59315 59314 2.922
59315 59316 3.8784
59316 59315 3.8784
59316 59317 5.7732
59317 59316 5.7732
59317 59318 2.0844
59318 59317 2.0844
59318 59319 7.4268
59319 59318 7.4268
59319 59320 12.4596
59320 59319 12.4596
59320 59321 0.8328
59321 59320 0.8328
59321 59322 1.5696
59322 59321 1.5696
59322 59323 3.0384
59323 59322 3.0384
59323 59324 0.8472
59324 59323 0.8472
59324 59325 4.7976
59325 59324 4.7976
59325 59326 4.524
59326 59325 4.524
59326 59327 3.0564
59327 59326 3.0564
59327 59328 2.8836
59328 59327 2.8836
59328 59329 2.0676
59329 59328 2.0676
59329 59330 3.6588
59330 59329 3.6588
59330 59331 0.708
59331 59330 0.708
59331 59332 1.0488
59332 59331 1.0488
59332 59333 2.3544
59333 59332 2.3544
59333 59334 2.9568
59334 59333 2.9568
59334 59335 1.0932
59335 59334 1.0932
59335 59336 1.3488
59336 59335 1.3488
59336 59337 2.7468
59337 59336 2.7468
59337 59338 2.4288
59338 59337 2.4288
59338 59339 3.1788
59339 59338 3.1788
59339 59340 0.714
59340 59339 0.714
59340 59341 2.2488
59341 59340 2.2488
59341 59342 4.4376
59342 59341 4.4376
59342 59343 2.0892
59343 59342 2.0892
59343 59344 0.996
59344 59343 0.996
59344 59345 1.6608
59345 59344 1.6608
59345 59346 2.4168
59346 59345 2.4168
59346 59347 1.158
59347 59346 1.158
59347 59348 1.5912
59348 59347 1.5912
59348 59349 2.0916
59349 59348 2.0916
59349 59350 7.5624
59350 59349 7.5624
59350 59351 1.0236
59351 59350 1.0236
59351 59352 6.2856
59352 59351 6.2856
59352 59353 1.5024
59353 59352 1.5024
59353 59354 3.024
59354 59353 3.024
59354 59355 3.5232
59355 59354 3.5232
59355 59356 4.1304
59356 59355 4.1304
59356 59357 4.0884
59357 59356 4.0884
59357 59358 6.0984
59358 59357 6.0984
59358 59359 1.2456
59359 59358 1.2456
59359 59360 0.9216
59360 59359 0.9216
59360 59361 4.1832
59361 59360 4.1832
59361 59362 3.2976
59362 59361 3.2976
59362 59363 0.5928
59363 59362 0.5928
59363 59364 0.6588
59364 59363 0.6588
59364 59365 0.8184
59365 59364 0.8184
59365 59366 11.8092
59366 59365 11.8092
59366 59367 11.2632
59367 59366 11.2632
59367 59368 9.0864
59368 59367 9.0864
59368 59369 5.844
59369 59368 5.844
59369 59370 5.6904
59370 59369 5.6904
59370 59371 4.2648
59371 59370 4.2648
59371 59372 2.562
59372 59371 2.562
59372 59373 3.1068
59373 59372 3.1068
59373 59374 4.0572
59374 59373 4.0572
59374 59375 4.47
59375 59374 4.47
59375 59376 1.4988
59376 59375 1.4988
59376 59377 7.1916
59377 59376 7.1916
59377 59378 3.18
59378 59377 3.18
59378 59379 4.926
59379 59378 4.926
59379 59380 3.8688
59380 59379 3.8688
59380 59381 5.7108
59381 59380 5.7108
59381 59382 4.0224
59382 59381 4.0224
59382 59383 3.0792
59383 59382 3.0792
59383 59384 1.8948
59384 59383 1.8948
59384 59385 1.7976
59385 59384 1.7976
59385 59386 4.3584
59386 59385 4.3584
59386 157202 8.6436
157202 59386 8.6436
157202 59387 0.12
59387 157202 0.12
59387 59388 0.81
59388 59387 0.81
59388 59389 1.0944
59389 59388 1.0944
59389 78069 0.8148
78069 59389 0.8148
78069 59390 0.15
59390 78069 0.15
59390 59391 0.72
59391 59390 0.72
59391 59392 0.474
59392 59391 0.474
78078 78077 1.4954
78077 78078 1.4954
78077 78076 1.0786
78076 78077 1.0786
78076 78075 4.0435
78075 78076 4.0435
78075 59411 14.197
59411 78075 14.197
59411 59406 3.0478
59406 59411 3.0478
59406 59412 2.9124
59412 59406 2.9124
59412 59413 3.5237
59413 59412 3.5237
59413 59414 2.0131
59414 59413 2.0131
59414 157239 2.0477
157239 59414 2.0477
157239 59415 0.4147
59415 157239 0.4147
59415 59416 1.2233
59416 59415 1.2233
59416 59417 1.7287
59417 59416 1.7287
59417 59418 4.5331
59418 59417 4.5331
59418 59419 1.5646
59419 59418 1.5646
59419 59420 1.8475
59420 59419 1.8475
59420 59421 2.7785
59421 59420 2.7785
59421 59422 1.4566
59422 59421 1.4566
59422 59423 1.1585
59423 59422 1.1585
59423 59424 2.2622
59424 59423 2.2622
59424 59425 2.3018
59425 59424 2.3018
59425 836201 18.2592
836201 59425 18.2592
836201 59426 8.9928
59426 836201 8.9928
59426 59427 18.432
59427 59426 18.432
59427 836190 17.1936
836190 59427 17.1936
836190 59428 4.3776
59428 836190 4.3776
59428 59429 11.5776
59429 59428 11.5776
59429 59430 35.316
59430 59429 35.316
59430 157214 28.2528
157214 59430 28.2528
157214 59431 15.7896
59431 157214 15.7896
59431 59432 22.5144
59432 59431 22.5144
59432 59433 35.9928
59433 59432 35.9928
59433 59434 134.208
59434 59433 134.208
59434 59435 54.4464
59435 59434 54.4464
59435 59436 11.268
59436 59435 11.268
59436 59437 14.9256
59437 59436 14.9256
59437 59438 18.396
59438 59437 18.396
59438 59439 41.6592
59439 59438 41.6592
59439 59440 41.9256
59440 59439 41.9256
59440 59441 24.444
59441 59440 24.444
59441 59442 20.2104
59442 59441 20.2104
59442 157225 8.1504
157225 59442 8.1504
157225 59443 2.7864
59443 157225 2.7864
59443 59444 12.6072
59444 59443 12.6072
59444 59445 10.8864
59445 59444 10.8864
59445 59446 25.6752
59446 59445 25.6752
59446 59447 59.2992
59447 59446 59.2992
59447 59448 34.236
59448 59447 34.236
59448 59449 8.9064
59449 59448 8.9064
59449 59450 25.1208
59450 59449 25.1208
59450 59451 29.844
59451 59450 29.844
59451 59452 58.1976
59452 59451 58.1976
59452 59453 12.2616
59453 59452 12.2616
59453 59454 9.2952
59454 59453 9.2952
59454 59455 10.224
59455 59454 10.224
59455 59456 8.0568
59456 59455 8.0568
59456 59457 12.0096
59457 59456 12.0096
59457 59458 13.8168
59458 59457 13.8168
59458 59459 28.3392
59459 59458 28.3392
59459 59460 10.9656
59460 59459 10.9656
59460 59461 8.5104
59461 59460 8.5104
59461 59462 6.0552
59462 59461 6.0552
59462 59463 9.18
59463 59462 9.18
59463 59464 14.2128
59464 59463 14.2128
59464 59465 5.364
59465 59464 5.364
59465 59466 5.4432
59466 59465 5.4432
59466 59467 7.2504
59467 59466 7.2504
59467 59468 17.5752
59468 59467 17.5752
59468 59469 21.4704
59469 59468 21.4704
59469 59470 16.6608
59470 59469 16.6608
59470 1763450 11.7972
1763450 59470 11.7972
1763450 59472 4.2936
59472 1763450 4.2936
59472 59471 1.9608
59471 59472 1.9608
59472 59473 14.8644
59473 59472 14.8644
1763451 1763452 3.918
1763452 1763451 3.918
1763452 1763449 1.5756
1763449 1763452 1.5756
1763449 1763453 2.3556
1763453 1763449 2.3556
1763453 59474 11.562
59474 1763453 11.562
59474 59473 4.026
59473 59474 4.026
59473 59484 18.1824
59484 59473 18.1824
59484 59475 36.9444
59475 59484 36.9444
59475 1932805 4.6068
1932805 59475 4.6068
1932805 59477 3.4368
59477 1932805 3.4368
59477 218403 0.4044
218403 59477 0.4044
218403 1746263 3.9612
1746263 218403 3.9612
1746263 59476 4.2768
59476 1746263 4.2768
1932805 1932804 0.576
1932804 1932805 0.576
1932804 1932803 1.2564
1932803 1932804 1.2564
1932803 1932802 1.8144
1932802 1932803 1.8144
1932802 1932806 0.8472
1932806 1932802 0.8472
1932806 1763444 5.9136
1763444 1932806 5.9136
1763444 59478 8.73
59478 1763444 8.73
59478 59479 1.698
59479 59478 1.698
59479 1763445 1.446
1763445 59479 1.446
1763445 59480 2.3664
59480 1763445 2.3664
59480 59481 13.9872
59481 59480 13.9872
59481 59482 13.1496
59482 59481 13.1496
59482 59485 8.568
59485 59482 8.568
59485 59483 1.6884
59483 59485 1.6884
59484 1763446 2.88
1763446 59484 2.88
1763446 1763447 3.792
1763447 1763446 3.792
1763447 1763448 3.7368
1763448 1763447 3.7368
1763448 59485 4.3128
59485 1763448 4.3128
59493 59492 2.3028
59492 59493 2.3028
59492 59490 5.502
59490 59492 5.502
59490 1749053 3.2868
1749053 59490 3.2868
1749053 165498 3.6384
165498 1749053 3.6384
165498 59489 1.02
59489 165498 1.02
59489 59488 6.4008
59488 59489 6.4008
59488 1411111 2.0076
1411111 59488 2.0076
1411111 218415 0.4404
218415 1411111 0.4404
218415 59486 1.6644
59486 218415 1.6644
59486 1702031 1.686
1702031 59486 1.686
1702031 683516 1.86
683516 1702031 1.86
683516 59487 0.282
59487 683516 0.282
59487 111266 10.2924
111266 59487 10.2924
111266 794820 5.0568
794820 111266 5.0568
794820 28051 4.4364
28051 794820 4.4364
59493 59494 10.5804
59494 59493 10.5804
59494 1673567 6.174
1673567 59494 6.174
1673567 59495 4.4136
59495 1673567 4.4136
59495 59496 14.004
59496 59495 14.004
59496 59497 14.2704
59497 59496 14.2704
59497 59498 15.9084
59498 59497 15.9084
59498 59499 9.4932
59499 59498 9.4932
59499 1411109 3.8592
1411109 59499 3.8592
1411109 218410 1.4904
218410 1411109 1.4904
218410 59500 3.2688
59500 218410 3.2688
59500 59501 13.0284
59501 59500 13.0284
59501 59502 11.8944
59502 59501 11.8944
59502 59503 9.6732
59503 59502 9.6732
59503 59504 8.478
59504 59503 8.478
59504 59505 12.5604
59505 59504 12.5604
59505 784991 12.1356
784991 59505 12.1356
784991 718612 9.1008
718612 784991 9.1008
718612 718581 45.9
718581 718612 45.9
718581 59506 9.8892
59506 718581 9.8892
59506 59507 8.8956
59507 59506 8.8956
59507 59508 8.8884
59508 59507 8.8884
59508 59509 7.4196
59509 59508 7.4196
59509 59510 10.5768
59510 59509 10.5768
59510 59511 29.5596
59511 59510 29.5596
59511 59512 7.4916
59512 59511 7.4916
59512 59513 7.218
59513 59512 7.218
59513 59523 5.1372
59523 59513 5.1372
59523 59514 7.0488
59514 59523 7.0488
59514 157329 8.4456
157329 59514 8.4456
157329 59515 10.3572
59515 157329 10.3572
59515 59516 14.2704
59516 59515 14.2704
59516 59517 13.7232
59517 59516 13.7232
59517 59518 9.1476
59518 59517 9.1476
59518 59519 4.8888
59519 59518 4.8888
59519 59520 3.2076
59520 59519 3.2076
59520 59521 8.0316
59521 59520 8.0316
59521 59540 5.004
59540 59521 5.004
59540 75518 15.4656
75518 59540 15.4656
75518 59522 6.7788
59522 75518 6.7788
59523 59524 4.2624
59524 59523 4.2624
59524 59525 5.8176
59525 59524 5.8176
59525 59526 6.7248
59526 59525 6.7248
59526 59527 7.8192
59527 59526 7.8192
59527 59528 5.652
59528 59527 5.652
59528 59529 14.7528
59529 59528 14.7528
59529 59530 8.8848
59530 59529 8.8848
59530 59531 99.6624
59531 59530 99.6624
59531 59532 75.3552
59532 59531 75.3552
59532 59533 97.236
59533 59532 97.236
59533 59534 15.5808
59534 59533 15.5808
59534 59535 7.848
59535 59534 7.848
59535 59536 58.8816
59536 59535 58.8816
59536 59537 39.564
59537 59536 39.564
59537 59538 20.1744
59538 59537 20.1744
59538 59539 31.1688
59539 59538 31.1688
59540 59541 6.84
59541 59540 6.84
59541 59542 6.084
59542 59541 6.084
59542 59543 8.28
59543 59542 8.28
59543 59544 9.4896
59544 59543 9.4896
59544 59545 10.368
59545 59544 10.368
59545 59546 9.6264
59546 59545 9.6264
59546 59547 8.496
59547 59546 8.496
59547 59548 8.3808
59548 59547 8.3808
59548 59549 20.4192
59549 59548 20.4192
59549 59550 9.3816
59550 59549 9.3816
59550 165486 11.9304
165486 59550 11.9304
165486 59551 15.1776
59551 165486 15.1776
59551 59552 11.0592
59552 59551 11.0592
59552 59553 22.5864
59553 59552 22.5864
59553 59556 14.8032
59556 59553 14.8032
59556 59557 2.304
59557 59556 2.304
59557 59558 2.5776
59558 59557 2.5776
59558 59559 3.24
59559 59558 3.24
59559 59560 4.2912
59560 59559 4.2912
59560 59561 5.1408
59561 59560 5.1408
59561 59562 6.9192
59562 59561 6.9192
59562 59563 8.2512
59563 59562 8.2512
59563 59564 11.1024
59564 59563 11.1024
59564 59565 5.508
59565 59564 5.508
59565 111332 8.748
111332 59565 8.748
111332 59566 20.1384
59566 111332 20.1384
59566 59567 9.3816
59567 59566 9.3816
59567 59568 9.1872
59568 59567 9.1872
59568 59569 8.6832
59569 59568 8.6832
59569 59570 17.604
59570 59569 17.604
59570 59571 18.0288
59571 59570 18.0288
59571 59572 11.592
59572 59571 11.592
59572 59573 7.9632
59573 59572 7.9632
59573 59574 11.052
59574 59573 11.052
59574 718430 14.616
718430 59574 14.616
718430 59575 11.7792
59575 718430 11.7792
59575 59576 4.4208
59576 59575 4.4208
59576 718428 7.092
718428 59576 7.092
718428 59577 7.4232
59577 718428 7.4232
59577 718432 12.3984
718432 59577 12.3984
718432 75521 12.6144
75521 718432 12.6144
59556 59554 4.5792
59554 59556 4.5792
59554 59555 3.312
59555 59554 3.312
58796 444834 1.086
444834 58796 1.086
444834 444777 1.1532
444777 444834 1.1532
444740 444738 10.6488
444738 444740 10.6488
444738 61606 8.3244
61606 444738 8.3244
61606 61607 28.9992
61607 61606 28.9992
61607 62016 9.0072
62016 61607 9.0072
62016 58876 67.3776
58876 62016 67.3776
58876 1589217 19.764
1589217 58876 19.764
1589217 62017 27.3528
62017 1589217 27.3528
62017 62018 54.36
62018 62017 54.36
62018 62019 41.7168
62019 62018 41.7168
62019 62020 18.2232
62020 62019 18.2232
62020 62021 48.168
62021 62020 48.168
62021 62022 42.7248
62022 62021 42.7248
62022 62023 41.9688
62023 62022 41.9688
62023 659935 1.201
659935 62023 1.201
659935 660018 1.5401
660018 659935 1.5401
660018 660006 1.2658
660006 660018 1.2658
660006 62024 2.9174
62024 660006 2.9174
62024 62025 2.0052
62025 62024 2.0052
62025 62026 1.3356
62026 62025 1.3356
62026 62027 1.134
62027 62026 1.134
62027 62028 3.5042
62028 62027 3.5042
62028 62029 3.865
62029 62028 3.865
62029 62030 0.8561
62030 62029 0.8561
62030 62031 0.9022
62031 62030 0.9022
62031 62032 1.8043
62032 62031 1.8043
62032 62033 1.1441
62033 62032 1.1441
62033 62034 1.0087
62034 62033 1.0087
62034 62035 2.093
62035 62034 2.093
62035 62036 5.9047
62036 62035 5.9047
62036 62037 3.078
62037 62036 3.078
62037 62038 3.2386
62038 62037 3.2386
67666 69363 24.7524
69363 67666 24.7524
69363 1093317 25.3728
1093317 69363 25.3728
1093317 1093315 5.3508
1093315 1093317 5.3508
1093315 444464 15.6216
444464 1093315 15.6216
444460 69364 29.5428
69364 444460 29.5428
69364 67668 25.2624
67668 69364 25.2624
67668 67667 3.774
67667 67668 3.774
6514 67670 1.2192
67670 6514 1.2192
67670 67669 50.4192
67669 67670 50.4192
67671 67672 4.9464
67672 67671 4.9464
67672 67673 20.4264
67673 67672 20.4264
67673 67675 28.7388
67675 67673 28.7388
67675 67678 26.028
67678 67675 26.028
67671 519490 2.6052
519490 67671 2.6052
519490 519491 6.5532
519491 519490 6.5532
519491 444763 41.67
444763 519491 41.67
67673 67674 46.0008
67674 67673 46.0008
67675 67676 42.8724
67676 67675 42.8724
67677 67678 39.276
67678 67677 39.276
445262 445263 4.0176
445263 445262 4.0176
445263 2012416 5.8644
2012416 445263 5.8644
2012416 1334551 4.4784
1334551 2012416 4.4784
1334551 445265 11.6316
445265 1334551 11.6316
445265 1430421 8.3124
1430421 445265 8.3124
1430421 445266 1.7316
445266 1430421 1.7316
445266 67680 9.2052
67680 445266 9.2052
67777 67776 30.9456
67776 67777 30.9456
67776 67775 21.2904
67775 67776 21.2904
67775 2012453 17.136
2012453 67775 17.136
2012453 361294 8.1072
361294 2012453 8.1072
361294 2012458 5.2488
2012458 361294 5.2488
2012458 67774 10.4544
67774 2012458 10.4544
6182 519497 1.0236
519497 6182 1.0236
519497 519496 3.3588
519496 519497 3.3588
519496 69363 9.126
69363 519496 9.126
69363 69369 9.4056
69369 69363 9.4056
69369 69367 9.0852
69367 69369 9.0852
69367 69365 9.8664
69365 69367 9.8664
69365 69364 10.4976
69364 69365 10.4976
444461 69365 38.4624
69365 444461 38.4624
69365 69371 16.6584
69371 69365 16.6584
69371 69366 11.436
69366 69371 11.436
444462 69367 41.4696
69367 444462 41.4696
69367 69368 26.796
69368 69367 26.796
444463 69369 44.2776
69369 444463 44.2776
69369 69370 25.5444
69370 69369 25.5444
165601 741199 21.7728
741199 165601 21.7728
741199 351690 19.9944
351690 741199 19.9944
351690 351689 44.7264
351689 351690 44.7264
351689 356308 20.7576
356308 351689 20.7576
356308 351688 18.4464
351688 356308 18.4464
351688 351687 78.1848
351687 351688 78.1848
351687 741169 30.3408
741169 351687 30.3408
741169 1363362 21.9312
1363362 741169 21.9312
1363362 351686 12.4848
351686 1363362 12.4848
351686 741161 47.3832
741161 351686 47.3832
741161 1363363 9.7488
1363363 741161 9.7488
1363363 1363364 16.1568
1363364 1363363 16.1568
1363364 351685 8.5176
351685 1363364 8.5176
351685 741155 47.304
741155 351685 47.304
741155 351684 36.3312
351684 741155 36.3312
351684 351683 21.0528
351683 351684 21.0528
351683 741153 30.2904
741153 351683 30.2904
741153 69386 35.4672
69386 741153 35.4672
69386 69387 43.6104
69387 69386 43.6104
69387 69388 39.6288
69388 69387 39.6288
69388 69389 44.0856
69389 69388 44.0856
69389 69390 26.784
69390 69389 26.784
69390 69391 34.1784
69391 69390 34.1784
69391 69392 29.304
69392 69391 29.304
92204 717900 26.424
717900 92204 26.424
717900 92205 14.2092
92205 717900 14.2092
92205 92206 11.0628
92206 92205 11.0628
92206 92207 21.8052
92207 92206 21.8052
92207 92208 10.2996
92208 92207 10.2996
92208 92209 12.2688
92209 92208 12.2688
92209 717899 17.7984
717899 92209 17.7984
717899 92210 17.1036
92210 717899 17.1036
92210 92211 9.8028
92211 92210 9.8028
92211 717898 7.1604
717898 92211 7.1604
717898 69394 29.6676
69394 717898 29.6676
69394 642246 5.6052
642246 69394 5.6052
642246 642245 7.0164
642245 642246 7.0164
642245 642243 10.656
642243 642245 10.656
642243 642241 10.5336
642241 642243 10.5336
642241 717897 6.12
717897 642241 6.12
717897 642240 5.5368
642240 717897 5.5368
642240 642242 6.2892
642242 642240 6.2892
642242 642244 7.758
642244 642242 7.758
642244 642247 13.2516
642247 642244 13.2516
642247 642248 7.2576
642248 642247 7.2576
642248 92212 7.5744
92212 642248 7.5744
92212 2015996 15.138
2015996 92212 15.138
73624 73651 3.8952
73651 73624 3.8952
73651 73652 7.2
73652 73651 7.2
73652 73653 7.0848
73653 73652 7.0848
73653 73654 5.1912
73654 73653 5.1912
73654 73655 5.6232
73655 73654 5.6232
445158 2016038 2.1096
2016038 445158 2.1096
445158 445157 11.7
445157 445158 11.7
445157 445156 7.596
445156 445157 7.596
445156 445155 6.1272
445155 445156 6.1272
445155 445154 8.6472
445154 445155 8.6472
445154 445153 7.344
445153 445154 7.344
445153 445152 5.0976
445152 445153 5.0976
445152 445151 8.1864
445151 445152 8.1864
445151 445150 4.5504
445150 445151 4.5504
445150 445149 6.5448
445149 445150 6.5448
445149 445148 6.1776
445148 445149 6.1776
445148 445147 9.288
445147 445148 9.288
445147 445146 10.9584
445146 445147 10.9584
445146 445145 7.6032
445145 445146 7.6032
445145 445144 6.912
445144 445145 6.912
445144 445143 4.5504
445143 445144 4.5504
445143 445142 4.5216
445142 445143 4.5216
445142 445141 4.5576
445141 445142 4.5576
445141 445140 4.0752
445140 445141 4.0752
445140 445139 2.5704
445139 445140 2.5704
445139 445138 3.2976
445138 445139 3.2976
445138 445137 4.6296
445137 445138 4.6296
445137 445136 2.16
445136 445137 2.16
445136 445132 2.7576
445132 445136 2.7576
445132 445134 6.1272
445134 445132 6.1272
445134 445135 4.5144
445135 445134 4.5144
445135 445133 3.4848
445133 445135 3.4848
445133 445131 2.9232
445131 445133 2.9232
445131 445130 1.7784
445130 445131 1.7784
445130 445129 1.5768
445129 445130 1.5768
445129 445128 7.4592
445128 445129 7.4592
445128 445127 33.6456
445127 445128 33.6456
445127 445126 33.3144
445126 445127 33.3144
445126 445125 12.7872
445125 445126 12.7872
445125 445124 6.2712
445124 445125 6.2712
445124 445123 4.0248
445123 445124 4.0248
445123 445122 4.3632
445122 445123 4.3632
445122 445121 2.916
445121 445122 2.916
445121 445120 3.1176
445120 445121 3.1176
445120 445119 3.7728
445119 445120 3.7728
445119 1534529 1.7424
1534529 445119 1.7424
1534529 445118 2.7792
445118 1534529 2.7792
445118 445117 2.952
445117 445118 2.952
445117 445116 1.7496
445116 445117 1.7496
445116 445115 1.8648
445115 445116 1.8648
445115 445114 3.5928
445114 445115 3.5928
445114 445113 3.7296
445113 445114 3.7296
445113 445112 4.2192
445112 445113 4.2192
445112 445111 4.0248
445111 445112 4.0248
445111 445110 6.2784
445110 445111 6.2784
445110 445109 3.168
445109 445110 3.168
445109 445108 8.1144
445108 445109 8.1144
445108 445107 4.3848
445107 445108 4.3848
445107 445106 4.4496
445106 445107 4.4496
445106 445105 3.7008
445105 445106 3.7008
445105 73656 4.5792
73656 445105 4.5792
73656 73657 11.3328
73657 73656 11.3328
73657 73658 9.3096
73658 73657 9.3096
73658 73655 12.636
73655 73658 12.636
73659 73660 6.5304
73660 73659 6.5304
73660 73661 6.6384
73661 73660 6.6384
73661 445140 5.2056
445140 73661 5.2056
445140 73662 2.772
73662 445140 2.772
73662 73663 7.1928
73663 73662 7.1928
73663 73664 8.7192
73664 73663 8.7192
73664 445102 3.1104
445102 73664 3.1104
445102 445100 3.2328
445100 445102 3.2328
445100 73665 3.5352
73665 445100 3.5352
73665 445098 3.636
445098 73665 3.636
445098 73666 4.536
73666 445098 4.536
73666 73667 9.1152
73667 73666 9.1152
73667 445101 2.6136
445101 73667 2.6136
445101 73668 4.1544
73668 445101 4.1544
73668 445103 2.088
445103 73668 2.088
445103 73669 2.8296
73669 445103 2.8296
73669 73670 3.78
73670 73669 3.78
73670 445099 4.6224
445099 73670 4.6224
445099 445097 4.5288
445097 445099 4.5288
445097 73671 4.7664
73671 445097 4.7664
73671 445096 6.3216
445096 73671 6.3216
445096 445095 5.5584
445095 445096 5.5584
445095 73672 4.4496
73672 445095 4.4496
73672 73673 4.5648
73673 73672 4.5648
73673 445089 3.672
445089 73673 3.672
445089 73674 4.7808
73674 445089 4.7808
73674 73675 10.296
73675 73674 10.296
73675 73676 14.976
73676 73675 14.976
73676 445083 7.7256
445083 73676 7.7256
445083 73677 6.4728
73677 445083 6.4728
73677 73678 20.7648
73678 73677 20.7648
73678 1534524 2.6136
1534524 73678 2.6136
1534524 73679 15.7536
73679 1534524 15.7536
73679 445070 10.4904
445070 73679 10.4904
445070 73680 11.2176
73680 445070 11.2176
73680 73681 11.3328
73681 73680 11.3328
73681 73655 8.1504
73655 73681 8.1504
444818 444819 1.44
444819 444818 1.44
444819 444820 1.7784
444820 444819 1.7784
444820 444821 2.0808
444821 444820 2.0808
444821 444822 1.3392
444822 444821 1.3392
444822 444823 2.5056
444823 444822 2.5056
444823 444824 2.5272
444824 444823 2.5272
444824 444825 2.3904
444825 444824 2.3904
444825 444828 3.3408
444828 444825 3.3408
444828 444830 2.304
444830 444828 2.304
444830 444832 3.924
444832 444830 3.924
444832 444835 2.3904
444835 444832 2.3904
444835 444836 2.556
444836 444835 2.556
444836 444839 2.4768
444839 444836 2.4768
444839 444841 3.6432
444841 444839 3.6432
444841 444842 3.1968
444842 444841 3.1968
444842 444845 3.3192
444845 444842 3.3192
444845 444846 2.7288
444846 444845 2.7288
444846 444848 2.3472
444848 444846 2.3472
444848 73682 1.9152
73682 444848 1.9152
73682 73683 2.304
73683 73682 2.304
73683 73684 9.756
73684 73683 9.756
73684 73685 14.1048
73685 73684 14.1048
73685 73686 17.136
73686 73685 17.136
47446 1428600 2.2644
1428600 47446 2.2644
1428600 1428601 4.3452
1428601 1428600 4.3452
1428601 73693 7.1892
73693 1428601 7.1892
73693 73694 36.7524
73694 73693 36.7524
73659 73695 5.0976
73695 73659 5.0976
73695 73694 16.6428
73694 73695 16.6428
59574 75519 14.0328
75519 59574 14.0328
75519 718433 13.9464
718433 75519 13.9464
718433 75520 9.504
75520 718433 9.504
75520 75521 7.02
75521 75520 7.02
59368 157241 186.9048
157241 59368 186.9048
157241 157204 8.7984
157204 157241 8.7984
157204 59365 50.148
59365 157204 50.148
59365 75522 5.22
75522 59365 5.22
75522 75523 20.9016
75523 75522 20.9016
75523 78068 97.0344
78068 75523 97.0344
78068 75524 91.404
75524 78068 91.404
75524 75525 81.864
75525 75524 81.864
75525 75526 12.5064
75526 75525 12.5064
75526 75527 46.6848
75527 75526 46.6848
75526 78067 175.9968
78067 75526 175.9968
78067 78068 12.8448
78068 78067 12.8448
59393 59394 2.4912
59394 59393 2.4912
59394 59395 3.3552
59395 59394 3.3552
59395 59396 7.8984
59396 59395 7.8984
59396 59397 11.4696
59397 59396 11.4696
59397 59398 27.4464
59398 59397 27.4464
59398 59399 20.1456
59399 59398 20.1456
59399 59400 15.12
59400 59399 15.12
59400 59401 12.9672
59401 59400 12.9672
59401 59402 11.5632
59402 59401 11.5632
59402 59403 11.9304
59403 59402 11.9304
59403 59404 14.4288
59404 59403 14.4288
59404 59405 17.1
59405 59404 17.1
59405 59406 8.0352
59406 59405 8.0352
78069 78070 3.6864
78070 78069 3.6864
78070 78071 3.5496
78071 78070 3.5496
78071 78072 3.7008
78072 78071 3.7008
78072 78073 3.8664
78073 78072 3.8664
78073 78074 5.0472
78074 78073 5.0472
78074 59393 8.3232
59393 78074 8.3232
59490 59491 3.3036
59491 59490 3.3036
28080 1017071 16.0704
1017071 28080 16.0704
1017071 1017067 2.4646
1017067 1017071 2.4646
1017067 1017064 2.4818
1017064 1017067 2.4818
1017064 106467 2.4127
106467 1017064 2.4127
106467 1462800 2.1694
1462800 106467 2.1694
1462800 106468 4.0334
106468 1462800 4.0334
106468 1016976 0.9086
1016976 106468 0.9086
1016976 106469 0.8179
106469 1016976 0.8179
106469 106470 1.3471
106470 106469 1.3471
106470 106471 3.6612
106471 106470 3.6612
106471 1093981 0.3809
1093981 106471 0.3809
1093981 1016975 0.7186
1016975 1093981 0.7186
1016975 1016974 1.3946
1016974 1016975 1.3946
1016974 106472 1.4594
106472 1016974 1.4594
106472 204427 2.4444
204427 106472 2.4444
204427 106473 1.3414
106473 204427 1.3414
106474 600286 120.9024
600286 106474 120.9024
600286 106477 74.4192
106477 600286 74.4192
106477 106478 107.28
106478 106477 107.28
106478 477333 107.172
477333 106478 107.172
477333 106479 6.5376
106479 477333 6.5376
106479 1151721 7.9632
1151721 106479 7.9632
1151721 1017296 49.0752
1017296 1151721 49.0752
1017296 566613 8.0856
566613 1017296 8.0856
106483 1763906 30.901
1763906 106483 30.901
724732 724704 34.3056
724704 724732 34.3056
724704 106484 32.778
