42672
19007 19011 3.0276
19011 19007 3.0276
19011 19013 4.1051
19013 19011 4.1051
235213 543843 45.4248
543843 235213 45.4248
543843 532813 2.16
532813 543843 2.16
532813 491169 12.8352
491169 532813 12.8352
491169 491168 25.4664
491168 491169 25.4664
491168 585724 5.7816
585724 491168 5.7816
585724 491181 14.5188
491181 585724 14.5188
491181 491167 14.3436
491167 491181 14.3436
491167 40253 2.9316
40253 491167 2.9316
19797 174547 1.4148
174547 19797 1.4148
174547 174559 3.1596
174559 174547 3.1596
174559 174570 3.126
174570 174559 3.126
174570 174553 2.1672
174553 174570 2.1672
174553 174508 2.0028
174508 174553 2.0028
174508 174541 5.8968
174541 174508 5.8968
174541 174534 5.3016
174534 174541 5.3016
174534 174545 4.824
174545 174534 4.824
174545 47723 1.8888
47723 174545 1.8888
47723 174557 6.8232
174557 47723 6.8232
174557 174533 6.3528
174533 174557 6.3528
174533 174523 10.5996
174523 174533 10.5996
174523 174528 8.3268
174528 174523 8.3268
174528 47724 2.7384
47724 174528 2.7384
47732 823898 0.9478
823898 395186 0.7113
395186 174638 0.1954
47737 816543 10.2204
816543 47737 10.2204
816543 559114 4.878
559114 816543 4.878
559114 487152 11.0808
487152 559114 11.0808
487152 559109 13.3056
559109 487152 13.3056
559109 47738 17.3844
47738 559109 17.3844
47738 559108 8.3088
559108 47738 8.3088
248557 573905 28.3032
573905 248557 28.3032
573905 252963 54.1656
252963 573905 54.1656
252963 252962 58.0536
252962 252963 58.0536
47732 174605 1.1196
174605 47732 1.1196
174605 48707 8.5596
48707 174605 8.5596
48707 48708 2.1072
48708 48707 2.1072
48708 174613 1.0404
174613 48708 1.0404
174613 48709 1.5252
48709 174613 1.5252
48709 174598 8.2656
174598 48709 8.2656
174598 395185 8.5536
395185 174598 8.5536
56750 56763 1.8821
56763 56750 1.8821
56763 184062 2.381
184062 56763 2.381
184062 184072 0.9547
184072 184062 0.9547
184072 184071 0.4622
184071 184072 0.4622
184071 184077 0.2045
184077 184071 0.2045
184077 184069 0.4601
184069 184077 0.4601
184069 184066 1.0944
184066 184069 1.0944
184066 184067 0.9259
184067 184066 0.9259
184067 1960514 0.8136
1960514 184067 0.8136
1960514 184064 0.3283
184064 1960514 0.3283
184064 184060 1.8252
184060 184064 1.8252
184060 184074 1.8439
184074 184060 1.8439
184074 184070 1.5516
184070 184074 1.5516
184070 184068 1.2571
184068 184070 1.2571
184068 184065 0.6595
184065 184068 0.6595
184065 184061 3.7469
184061 184065 3.7469
184061 184063 6.7212
184063 184061 6.7212
184063 524354 1.2989
524354 184063 1.2989
524354 184075 4.8701
184075 524354 4.8701
184075 184073 3.6166
184073 184075 3.6166
56722 595178 1.2996
595178 56722 1.2996
595178 56764 6.2309
56764 595178 6.2309
56764 56765 8.0323
56765 56764 8.0323
56765 56766 2.3249
56766 56765 2.3249
56766 56767 4.3596
56767 56766 4.3596
56767 520190 3.8362
520190 56767 3.8362
520190 183316 9.697
183316 520190 9.697
183316 56768 4.6109
56768 183316 4.6109
56768 200682 1.8778
200682 56768 1.8778
200682 56769 2.5884
56769 200682 2.5884
56769 56787 15.4519
56787 56769 15.4519
56787 488494 27.2354
488494 56787 27.2354
488494 56788 3.0528
56788 488494 3.0528
56771 595206 6.8868
595206 56771 6.8868
595206 56786 7.092
56786 595206 7.092
56786 595215 17.5896
595215 56786 17.5896
56788 1805857 1.6639
1805857 56788 1.6639
1805857 917277 3.7548
917277 1805857 3.7548
917277 148653 1.6697
148653 917277 1.6697
148653 56792 5.2474
56792 148653 5.2474
56792 148654 1.0555
148654 56792 1.0555
148654 56794 0.7884
56794 148654 0.7884
56794 56795 1.0231
56795 56794 1.0231
56795 148655 2.2925
148655 56795 2.2925
148655 56796 2.0707
56796 148655 2.0707
56796 546592 2.7432
546592 56796 2.7432
56787 56800 10.692
56800 56787 10.692
56800 56801 20.2716
56801 56800 20.2716
56801 56802 43.9056
56802 56801 43.9056
56802 431612 3.6612
431612 56802 3.6612
431612 955833 3.8772
955833 431612 3.8772
955833 200660 2.6316
200660 955833 2.6316
200660 431613 10.2636
431613 200660 10.2636
431613 431617 8.9028
431617 431613 8.9028
431617 431623 37.0944
431623 431617 37.0944
431623 431624 26.6616
431624 431623 26.6616
431624 431622 16.326
431622 431624 16.326
431622 431621 1.764
431621 431622 1.764
431621 431620 1.9332
431620 431621 1.9332
431620 431619 11.9916
431619 431620 11.9916
431619 431616 9.8244
431616 431619 9.8244
431616 431615 1.9728
431615 431616 1.9728
431615 431614 2.0016
431614 431615 2.0016
431614 431618 1.3788
431618 431614 1.3788
431618 431623 14.8824
431623 431618 14.8824
2015867 58089 10.7172
58089 2015867 10.7172
58089 58081 20.0376
58081 58089 20.0376
58081 58107 20.7576
58107 58081 20.7576
58107 58104 20.0376
58104 58107 20.0376
58104 58105 54.8244
58105 58104 54.8244
58105 58106 28.0908
58106 58105 28.0908
58106 58107 73.5516
58107 58106 73.5516
58106 58108 28.3896
58108 58106 28.3896
58107 58109 60.282
58109 58107 60.282
58109 58110 20.8404
58110 58109 20.8404
58109 58111 16.3764
58111 58109 16.3764
58111 58112 2.718
58112 58111 2.718
58112 58113 3.4812
58113 58112 3.4812
58113 58104 60.552
58104 58113 60.552
1281152 901718 0.7524
901718 1281152 0.7524
901718 942335 8.1216
942335 901718 8.1216
942335 60217 4.7541
60217 942335 4.7541
60398 230188 0.2016
230188 60398 0.2016
230188 154676 2.5771
154676 230188 2.5771
154676 164013 2.1019
164013 154676 2.1019
164013 236023 0.9365
236023 164013 0.9365
236023 152590 1.3299
152590 236023 1.3299
152590 422462 0.2741
422462 152590 0.2741
422462 422469 0.882
422469 422462 0.882
422469 164049 0.3471
164049 422469 0.3471
164049 152598 3.1387
152598 164049 3.1387
152598 702067 0.5673
702067 152598 0.5673
702067 148719 1.6051
148719 702067 1.6051
68405 248521 25.3188
248521 68405 25.3188
248521 68406 26.712
68406 248521 26.712
68406 68407 28.1376
68407 68406 28.1376
68407 248523 29.4048
248523 68407 29.4048
2016172 83274 69.8688
83274 2016172 69.8688
83274 83275 21.24
83275 83274 21.24
83275 83276 123.4728
83276 83275 123.4728
83276 83277 200.0304
83277 83276 200.0304
83277 525077 52.1064
525077 83277 52.1064
525077 462231 2.5776
462231 525077 2.5776
462231 1947268 3.9096
1947268 462231 3.9096
1947268 1947287 3.3048
1947287 1947268 3.3048
1947287 1947288 4.248
1947288 1947287 4.248
1947288 525076 10.0656
525076 1947288 10.0656
525076 1214774 14.6664
1214774 525076 14.6664
605447 97684 0.4956
97684 605447 0.4956
97684 97691 6.9132
97691 97684 6.9132
97691 97690 2.6472
97690 97691 2.6472
97690 97689 3.756
97689 97690 3.756
97689 97688 1.7388
97688 97689 1.7388
97688 97687 2.0892
97687 97688 2.0892
97687 97686 4.5372
97686 97687 4.5372
97686 605454 0.4632
605454 97686 0.4632
605454 149649 1.6476
149649 605454 1.6476
149649 149650 3.3648
149650 149649 3.3648
149650 149648 1.9668
149648 149650 1.9668
97689 482905 0.6602
482905 97689 0.6602
482905 97692 1.0015
97692 482905 1.0015
97692 97693 5.6945
97693 97692 5.6945
186555 387297 44.6076
387297 186555 44.6076
387297 186550 59.5584
186550 387297 59.5584
186550 109459 83.5416
109459 186550 83.5416
109459 186557 22.752
186557 109459 22.752
186557 1176197 49.5396
1176197 186557 49.5396
60395 579072 0.6984
579072 60395 0.6984
579072 154662 0.7704
154662 579072 0.7704
154662 955165 3.7152
955165 154662 3.7152
955165 955168 3.0804
955168 955165 3.0804
955168 955172 3.0552
955172 955168 3.0552
955172 955173 3.0696
955173 955172 3.0696
955173 150042 2.8128
150042 955173 2.8128
150042 200452 5.1144
200452 150042 5.1144
200452 199697 3.708
199697 200452 3.708
199697 955184 2.5032
955184 199697 2.5032
955184 955188 2.8128
955188 955184 2.8128
955188 955191 2.6844
955191 955188 2.6844
955191 955195 2.6712
955195 955191 2.6712
955195 500899 1.9536
500899 955195 1.9536
500899 109475 0.3252
109475 500899 0.3252
109474 431490 1.3082
431490 109474 1.3082
431490 172786 0.6358
172786 431490 0.6358
109480 109474 3.4387
109474 109480 3.4387
109519 471161 2.1672
471161 109519 2.1672
471161 248506 7.1376
248506 471161 7.1376
248506 243910 0.7152
243910 248506 0.7152
243910 246674 0.7068
246674 243910 0.7068
246674 246689 4.3932
246689 246674 4.3932
246689 109513 1.1076
109513 246689 1.1076
109513 243259 1.1352
243259 109513 1.1352
243259 243925 4.1916
243925 243259 4.1916
243925 575125 13.0536
575125 243925 13.0536
575125 243899 1.1148
243899 575125 1.1148
243899 249963 8.8632
249963 243899 8.8632
249963 109511 4.4436
109511 249963 4.4436
109511 243949 0.7368
243949 109511 0.7368
243949 243941 3.4224
243941 243949 3.4224
243941 109510 10.5948
109510 243941 10.5948
109510 109509 4.2012
109509 109510 4.2012
109509 254505 5.2008
254505 109509 5.2008
254505 109497 5.6292
109497 254505 5.6292
109497 109498 1.0812
109498 109497 1.0812
109498 109496 0.5988
109496 109498 0.5988
109496 248483 18.1932
248483 109496 18.1932
248483 109495 6.8904
109495 248483 6.8904
19037 109518 0.7488
109518 248518 1.4138
248518 109514 1.3407
109491 109494 1.686
109494 109491 1.686
109494 109488 6.804
109488 109494 6.804
109488 460220 12.9864
460220 109488 12.9864
460220 109489 2.9172
109489 460220 2.9172
109489 609832 1.6524
609832 109489 1.6524
609832 243760 1.1556
243760 609832 1.1556
243760 243761 18.7824
243761 243760 18.7824
109511 243905 6.2256
243905 109511 6.2256
243905 243915 4.518
243915 243905 4.518
243915 471155 6.576
471155 243915 6.576
471155 243931 4.4664
243931 471155 4.4664
243931 756935 3.7752
756935 243931 3.7752
756935 109506 1.1676
109506 756935 1.1676
109512 756916 1.0956
756916 109512 1.0956
756916 243907 15.936
243907 756916 15.936
243907 109513 9.9336
109513 243907 9.9336
184403 422516 4.9896
422516 184403 4.9896
422516 184397 3.06
184397 422516 3.06
184397 185246 2.4624
185246 184397 2.4624
185246 184400 11.556
184400 185246 11.556
184400 155810 3.0024
155810 184400 3.0024
155810 184396 18.4104
184396 155810 18.4104
184396 97702 10.4904
97702 184396 10.4904
97701 154515 13.5036
154515 97701 13.5036
56765 200709 15.1452
200709 56765 15.1452
200709 595186 4.806
595186 200709 4.806
595186 137075 15.1956
137075 595186 15.1956
137075 595191 3.4164
595191 137075 3.4164
595191 137076 0.7848
137076 595191 0.7848
137076 137077 5.4144
137077 137076 5.4144
137077 137078 7.3008
137078 137077 7.3008
137078 137079 13.284
137079 137078 13.284
137079 595200 1.8936
595200 137079 1.8936
595200 137080 2.34
137080 595200 2.34
137080 137081 21.4452
137081 137080 21.4452
137081 137082 14.0616
137082 137081 14.0616
137082 137083 4.2336
137083 137082 4.2336
137083 137084 5.2668
137084 137083 5.2668
137084 137085 7.3656
137085 137084 7.3656
137085 137086 4.7736
137086 137085 4.7736
137086 595230 12.078
595230 137086 12.078
595230 137087 11.3652
137087 595230 11.3652
137087 595498 12.4668
595498 137087 12.4668
595498 137088 1.9692
137088 595498 1.9692
137088 137089 3.8196
137089 137088 3.8196
137089 595241 4.3632
595241 137089 4.3632
595241 595238 7.1136
595238 595241 7.1136
595238 137070 4.9068
137070 595238 4.9068
137070 595240 4.068
595240 137070 4.068
595240 137071 13.1616
137071 595240 13.1616
137071 137072 10.4832
137072 137071 10.4832
137072 137073 19.4184
137073 137072 19.4184
137073 193568 14.0004
193568 137073 14.0004
193568 137074 7.1424
137074 193568 7.1424
137074 137090 30.8448
137090 137074 30.8448
137090 137091 23.7312
137091 137090 23.7312
137094 137424 2.0436
137424 137094 2.0436
137424 137425 5.9676
137425 137424 5.9676
137425 137095 7.1508
137095 137425 7.1508
137095 137096 2.7324
137096 137095 2.7324
2017034 137096 9.2724
137096 2017034 9.2724
756985 196417 0.7135
196417 756985 0.7135
196417 196414 1.728
196414 196417 1.728
137427 137431 6.1092
137431 137427 6.1092
137431 137432 9.3852
137432 137431 9.3852
137432 815906 21.132
815906 137432 21.132
815906 137433 25.5348
137433 815906 25.5348
137433 644330 157.9788
644330 137433 157.9788
644330 644339 40.6224
644339 644330 40.6224
644339 137434 11.2104
137434 644339 11.2104
22839 154518 0.9833
154518 22839 0.9833
154518 702102 0.2001
702102 154518 0.2001
702102 756861 2.8975
756861 702102 2.8975
756861 155065 7.2807
155065 756861 7.2807
155065 186538 7.2658
186538 155065 7.2658
186538 150676 1.0738
150676 186538 1.0738
148676 228429 3.3612
228429 149139 0.7248
149139 955136 6.216
955136 149135 0.7728
149135 152602 2.598
152602 422424 0.6552
422424 148718 3.5424
148718 164075 0.8772
164075 164058 3.6468
164058 164071 2.4864
164071 149146 3.1236
149146 149143 4.4532
149143 149142 8.9796
149142 164005 3.6672
164005 154665 5.5152
154665 149315 0.5736
192600 148675 1.1777
148675 192600 1.1777
148675 154745 1.8802
154745 148675 1.8802
154745 154740 4.5396
154740 154745 4.5396
154740 482889 2.3256
482889 154740 2.3256
482889 150676 0.4737
150676 482889 0.4737
149044 154201 1.0197
154201 149044 1.0197
154201 247238 1.1511
247238 154201 1.1511
247238 192610 0.6111
192610 247238 0.6111
192610 192599 1.9314
192599 192610 1.9314
192599 148688 1.8027
148688 192599 1.8027
148688 845124 0.2853
845124 148688 0.2853
845124 149161 1.0242
149161 845124 1.0242
149161 148689 0.8163
148689 149161 0.8163
148689 184251 0.6372
184251 148689 0.6372
184251 152623 1.107
152623 184251 1.107
148692 479069 6.4944
479069 493670 4.5732
493670 422479 9.834
422479 422472 2.7588
422472 1421436 2.5344
1421436 152590 0.4404
148692 387327 3.726
387327 148692 3.726
387327 479073 1.596
479073 387327 1.596
479073 422501 3.114
422501 479073 3.114
422501 208604 2.2884
208604 422501 2.2884
208604 387325 0.636
387325 208604 0.636
387325 109460 5.412
109460 387325 5.412
148676 149154 6.5388
149154 148676 6.5388
149154 315110 0.75
315110 149154 0.75
315110 164030 2.3208
164030 315110 2.3208
164030 148677 2.5392
148677 164030 2.5392
148677 164033 3.4284
164033 148677 3.4284
164033 236033 0.7356
236033 164033 0.7356
236033 155814 4.602
155814 236033 4.602
148674 149153 1.0824
149153 422398 0.7068
422398 387279 4.656
387279 148676 6.0624
148679 154655 0.8052
154655 148679 0.8052
154655 150032 8.5932
150032 154655 8.5932
150032 150033 4.4412
150033 150032 4.4412
150033 148695 3.7056
148695 150033 3.7056
148695 236031 10.5576
236031 148695 10.5576
148696 519872 0.3192
519872 148696 0.3192
519872 519871 1.1844
519871 519872 1.1844
519871 200454 15.642
200454 519871 15.642
148712 154660 4.2192
154660 148712 4.2192
154660 148713 19.512
148713 154660 19.512
148718 228439 2.1996
228439 148718 2.1996
228439 164052 22.0392
164052 228439 22.0392
164052 164055 1.854
164055 164052 1.854
164055 164012 1.2564
164012 164055 1.2564
164012 164070 5.0472
164070 164012 5.0472
164070 164050 17.4888
164050 164070 17.4888
164050 164046 3.5676
164046 164050 3.5676
164046 164069 12.024
164069 164046 12.024
164069 149132 3.3444
149132 164069 3.3444
149132 154667 17.5068
154667 149132 17.5068
154667 148719 2.8584
148719 154667 2.8584
22830 387340 1.435
387340 22830 1.435
387340 152622 1.2049
152622 387340 1.2049
152622 22831 1.1797
22831 152622 1.1797
22831 387334 2.2252
387334 22831 2.2252
387334 155764 0.7204
155764 387334 0.7204
155764 22832 0.8831
22832 155764 0.8831
22832 149623 0.5807
149623 22832 0.5807
149623 845136 0.8204
845136 149623 0.8204
845136 22833 1.8626
22833 845136 1.8626
22833 1692677 0.7322
1692677 22833 0.7322
1692677 387333 0.3337
387333 1692677 0.3337
387333 1111157 0.7258
1111157 387333 0.7258
1111157 387332 0.1228
387332 1111157 0.1228
387332 387331 0.5569
387331 387332 0.5569
387331 22834 0.567
22834 387331 0.567
22834 698444 1.0292
698444 22834 1.0292
698444 387330 1.1635
387330 698444 1.1635
387330 22835 0.9911
22835 387330 0.9911
22835 200646 0.5551
200646 22835 0.5551
200646 22836 0.6008
22836 200646 0.6008
22836 200648 0.481
200648 22836 0.481
200648 22837 1.0678
22837 200648 1.0678
22837 22838 0.4763
22838 22837 0.4763
22838 200647 0.342
200647 22838 0.342
200647 22839 0.3456
22839 200647 0.3456
22839 534764 0.0652
534764 22839 0.0652
534764 148669 1.2773
148669 534764 1.2773
148669 186574 0.2459
186574 148669 0.2459
186574 148668 0.4432
148668 186574 0.4432
148668 219806 2.281
219806 148668 2.281
219806 219797 3.3293
219797 219806 3.3293
219797 233328 2.3004
233328 219797 2.3004
605452 148998 6.8832
148998 605452 6.8832
148998 148999 12.0564
148999 148998 12.0564
149000 154511 12.4344
154511 149000 12.4344
149001 154512 11.094
154512 149001 11.094
149002 118759 7.9308
118759 149002 7.9308
149003 154513 7.9356
154513 149003 7.9356
149004 149005 17.1096
149005 149004 17.1096
22808 154758 0.4637
154758 22808 0.4637
154758 1275398 0.5159
1275398 154758 0.5159
1275398 1275395 0.2077
1275395 1275398 0.2077
1275395 1275402 0.585
1275402 1275395 0.585
1275402 22809 3.469
22809 1275402 3.469
22809 845673 2.9452
845673 22809 2.9452
845673 845675 5.9177
845675 845673 5.9177
845675 439151 5.0105
439151 845675 5.0105
439151 846088 5.3323
846088 439151 5.3323
846088 160416 1.3205
160416 846088 1.3205
97700 97710 19.6608
97710 97700 19.6608
149008 315124 0.4032
315124 149008 0.4032
315124 252403 5.1984
252403 315124 5.1984
252403 172795 3.3768
172795 252403 3.3768
172795 572866 3.2436
572866 172795 3.2436
572866 252401 0.5592
252401 572866 0.5592
252401 149041 2.6652
149041 252401 2.6652
149041 172799 0.7956
172799 149041 0.7956
172799 149009 16.2912
149009 172799 16.2912
22813 109486 0.4293
109486 22813 0.4293
109486 22814 0.5913
22814 109486 0.5913
22814 431435 2.1591
431435 22814 2.1591
431435 22815 2.5767
22815 431435 2.5767
22815 161007 3.6567
161007 22815 3.6567
161007 161018 10.0269
161018 161007 10.0269
161018 431461 2.5263
431461 161018 2.5263
431461 22816 2.0727
22816 431461 2.0727
22816 431467 0.8613
431467 22816 0.8613
431467 109485 0.8541
109485 431467 0.8541
109485 109483 1.7757
109483 109485 1.7757
109483 431469 0.8802
431469 109483 0.8802
431469 422594 0.9189
422594 431469 0.9189
422594 184247 1.6722
184247 422594 1.6722
184247 422591 0.3015
422591 184247 0.3015
422591 154657 0.3204
154657 422591 0.3204
154657 161026 0.999
161026 154657 0.999
186571 569681 0.6048
569681 186571 0.6048
569681 149039 1.2744
149039 569681 1.2744
149039 711955 0.8568
711955 149039 0.8568
711955 165185 6.1596
165185 711955 6.1596
165185 756762 1.692
756762 165185 1.692
756762 149016 1.2456
149016 756762 1.2456
149016 756769 5.616
756769 149016 5.616
756769 756770 12.132
756770 756769 12.132
756770 154760 4.1508
154760 756770 4.1508
154760 756790 14.4072
756790 154760 14.4072
756790 700605 7.038
700605 756790 7.038
700605 967189 6.336
967189 700605 6.336
967189 756797 4.0248
756797 967189 4.0248
756797 154761 6.4368
154761 756797 6.4368
154761 756803 3.1176
756803 154761 3.1176
756803 149017 3.7728
149017 756803 3.7728
149017 689934 1.3392
689934 149017 1.3392
689934 793749 6.2244
793749 689934 6.2244
793749 1256570 1.2168
1256570 793749 1.2168
1256570 793753 0.9756
793753 1256570 0.9756
793753 793755 1.3356
793755 793753 1.3356
149044 468049 17.6472
468049 149044 17.6472
468049 468039 6.1956
468039 468049 6.1956
468039 756853 3.1068
756853 468039 3.1068
756853 468029 3.1104
468029 756853 3.1104
468029 468023 6.2352
468023 468029 6.2352
468023 149045 10.0728
149045 468023 10.0728
109465 230183 1.692
230183 109465 1.692
230183 149046 10.6344
149046 230183 10.6344
149046 453938 1.3212
453938 149046 1.3212
453938 149047 7.5996
149047 453938 7.5996
149047 149048 17.8236
149048 149047 17.8236
149048 711101 14.8716
711101 149048 14.8716
711101 149049 1.8036
149049 711101 1.8036
149047 468019 9.7488
468019 149047 9.7488
468019 468033 8.046
468033 468019 8.046
468033 528744 7.1172
528744 468033 7.1172
528744 468043 1.0008
468043 528744 1.0008
468043 149052 9.5832
149052 468043 9.5832
149053 468044 9.8964
468044 149053 9.8964
468044 468030 8.0856
468030 468044 8.0856
468030 468020 8.0892
468020 468030 8.0892
468020 165184 4.2372
165184 468020 4.2372
165184 154765 5.4828
154765 165184 5.4828
154765 149054 12.258
149054 154765 12.258
149054 164079 5.4756
164079 149054 5.4756
164079 710890 1.3356
710890 164079 1.3356
710890 149049 2.5956
149049 710890 2.5956
149055 432007 5.8284
432007 149055 5.8284
432007 431996 6.9444
431996 432007 6.9444
431996 149056 4.1436
149056 431996 4.1436
149056 431986 2.7216
431986 149056 2.7216
431986 150028 8.9856
150028 431986 8.9856
150028 988084 4.5504
988084 150028 4.5504
988084 988078 8.1576
988078 988084 8.1576
988078 154744 4.1004
154744 988078 4.1004
154744 186565 2.6244
186565 154744 2.6244
149060 432041 1.7424
432041 149060 1.7424
432041 182586 9.9612
182586 432041 9.9612
182586 468040 5.7096
468040 182586 5.7096
468040 468034 6.2136
468034 468040 6.2136
468034 468024 6.1812
468024 468034 6.1812
468024 468015 6.3
468015 468024 6.3
468015 149061 3.9636
149061 468015 3.9636
149062 182600 11.9844
182600 149062 11.9844
182600 468047 5.832
468047 182600 5.832
468047 468036 6.2928
468036 468047 6.2928
468036 164077 0.7308
164077 468036 0.7308
164077 468026 5.58
468026 164077 5.58
468026 468016 6.2928
468016 468026 6.2928
468016 149063 9.1692
149063 468016 9.1692
109465 154643 5.4864
154643 109465 5.4864
154643 801569 5.346
801569 154643 5.346
801569 149057 4.5504
149057 801569 4.5504
149057 149059 3.9816
149059 149057 3.9816
149059 149055 19.5912
149055 149059 19.5912
149055 154754 9.8532
154754 149055 9.8532
154754 149063 17.73
149063 154754 17.73
149063 149045 9.5616
149045 149063 9.5616
149045 149065 4.7016
149065 149045 4.7016
149065 149066 10.98
149066 149065 10.98
149066 432010 4.6188
432010 149066 4.6188
432010 432012 5.7276
432012 432010 5.7276
432012 432014 5.8284
432014 432012 5.8284
432014 432018 5.6916
432018 432014 5.6916
432018 432021 5.7636
432021 432018 5.7636
432021 149067 5.2344
149067 432021 5.2344
149067 149068 9.2556
149068 149067 9.2556
149068 432025 5.5836
432025 149068 5.5836
432025 432027 5.8104
432027 432025 5.8104
432027 432031 5.85
432031 432027 5.85
432031 232196 3.582
232196 432031 3.582
232196 432034 2.2896
432034 232196 2.2896
432034 149069 4.932
149069 432034 4.932
149069 149070 9.0036
149070 149069 9.0036
149070 432038 5.5116
432038 149070 5.5116
432038 432042 5.7708
432042 432038 5.7708
432042 432044 5.688
432044 432042 5.688
432044 432048 5.7024
432048 432044 5.7024
432048 432051 4.3416
432051 432048 4.3416
432051 149064 2.4012
149064 432051 2.4012
149132 149133 13.4712
149133 149132 13.4712
149133 468100 8.1864
468100 149133 8.1864
468100 154668 12.4128
154668 468100 12.4128
154668 149134 2.6568
149134 154668 2.6568
149134 1421429 1.7568
1421429 149134 1.7568
1421429 172792 12.744
172792 1421429 12.744
172792 172783 34.1784
172783 172792 34.1784
172783 501292 2.4012
501292 172783 2.4012
501292 501291 1.8396
501291 501292 1.8396
501291 501288 5.0868
501288 501291 5.0868
149135 955134 11.4408
955134 149135 11.4408
955134 149136 12.942
149136 955134 12.942
149136 228425 7.9776
228425 149136 7.9776
228425 149137 2.9952
149137 228425 2.9952
149137 149138 10.4508
149138 149137 10.4508
149138 228423 22.3128
228423 149138 22.3128
228423 149139 2.34
149139 228423 2.34
149137 149152 9.3996
149152 149137 9.3996
149152 149140 3.4524
149140 149152 3.4524
149040 149141 4.9644
149141 149040 4.9644
149141 315160 5.6088
315160 149141 5.6088
315160 232190 5.904
232190 315160 5.904
232190 315083 5.742
315083 232190 5.742
315083 315109 5.454
315109 315083 5.454
315109 315162 5.454
315162 315109 5.454
315162 149142 4.3128
149142 315162 4.3128
164043 164054 7.4232
164054 164043 7.4232
164054 593328 12.7368
593328 164054 12.7368
593328 164064 11.5848
164064 593328 11.5848
164064 387296 12.0312
387296 164064 12.0312
387296 149143 4.6224
149143 387296 4.6224
149133 164069 28.0152
164069 149133 28.0152
164069 164074 11.6352
164074 164069 11.6352
164074 164051 14.4648
164051 164074 14.4648
164051 164060 9.1008
164060 164051 9.1008
164060 702028 3.9816
702028 164060 3.9816
702028 702026 4.356
702026 702028 4.356
702026 164062 4.7088
164062 702026 4.7088
164062 702024 6.156
702024 164062 6.156
702024 702023 5.9256
702023 702024 5.9256
702023 164044 8.316
164044 702023 8.316
148718 315137 10.4112
315137 148718 10.4112
315137 315130 11.9088
315130 315137 11.9088
315130 315080 11.3328
315080 315130 11.3328
315080 315149 12.1896
315149 315080 12.1896
315149 315098 11.4768
315098 315149 11.4768
315098 149149 10.152
149149 315098 10.152
149149 756857 4.4064
756857 149149 4.4064
756857 493662 4.536
493662 756857 4.536
148674 177258 9.3384
177258 148674 9.3384
177258 432036 7.8732
432036 177258 7.8732
432036 149155 2.2752
149155 432036 2.2752
149155 432039 2.2896
432039 149155 2.2896
432039 164037 9.2196
164037 432039 9.2196
164037 315102 23.2452
315102 164037 23.2452
315102 149154 2.1672
149154 315102 2.1672
148692 387329 5.8176
387329 148692 5.8176
387329 519861 4.2804
519861 387329 4.2804
519861 315091 6.1668
315091 519861 6.1668
315091 493701 5.2632
493701 315091 5.2632
493701 493706 5.6268
493706 493701 5.6268
493706 493713 5.8068
493713 493706 5.8068
493713 493720 5.6952
493720 493713 5.6952
493720 493727 5.8176
493727 493720 5.8176
493727 149162 6.966
149162 493727 6.966
148693 1403720 0.7459
1403720 148693 0.7459
1403720 482918 1.5797
482918 1403720 1.5797
482918 149166 1.6459
149166 482918 1.6459
164089 149168 1.7532
149168 164089 1.7532
149168 230170 2.8872
230170 149168 2.8872
230170 154202 22.2336
154202 230170 22.2336
154202 149170 2.5272
149170 154202 2.5272
154763 164079 18.7056
164079 154763 18.7056
148693 432078 10.1916
432078 148693 10.1916
432078 432076 6.48
432076 432078 6.48
432076 432074 6.2604
432074 432076 6.2604
432074 432072 20.6208
432072 432074 20.6208
432072 432070 7.3656
432070 432072 7.3656
432070 432068 7.3116
432068 432070 7.3116
432068 149130 5.6124
149130 432068 5.6124
149130 432065 5.0688
432065 149130 5.0688
432065 432063 5.1012
432063 432065 5.1012
432063 432061 4.7844
432061 432063 4.7844
432061 247236 4.5792
247236 432061 4.5792
247236 148690 1.4904
148690 247236 1.4904
109460 154650 1.8684
154650 109460 1.8684
154650 459089 3.1152
459089 154650 3.1152
459089 148693 1.9524
148693 459089 1.9524
422422 192605 0.7282
192605 422422 0.7282
192605 422419 1.5161
422419 192605 1.5161
422419 172787 0.5215
172787 422419 0.5215
172787 422417 2.0854
422417 172787 2.0854
422417 172790 3.2554
172790 422417 3.2554
172790 422413 0.1157
422413 172790 0.1157
422413 422412 1.5387
422412 422413 1.5387
422412 149064 0.217
149064 422412 0.217
149064 155094 3.8273
155094 149064 3.8273
155094 422405 1.5233
422405 155094 1.5233
422405 149170 0.3302
149170 422405 0.3302
148700 1023000 3.33
1023000 148700 3.33
1023000 432147 2.0268
432147 1023000 2.0268
432147 432134 8.9592
432134 432147 8.9592
432134 148702 0.8256
148702 432134 0.8256
148702 579073 8.5692
579073 148702 8.5692
579073 60395 1.8084
60395 579073 1.8084
60395 148667 1.6992
148667 60395 1.6992
97704 593521 8.6976
593521 97704 8.6976
593521 149632 12.8016
149632 593521 12.8016
149632 149633 27.5112
149633 149632 27.5112
149633 149634 23.9112
149634 149633 23.9112
149634 315259 3.9672
315259 149634 3.9672
97686 97685 0.5436
97685 97686 0.5436
97685 315335 0.4584
315335 97685 0.4584
315335 166313 8.1552
166313 315335 8.1552
166313 385535 19.0608
385535 166313 19.0608
385535 97683 5.3736
97683 385535 5.3736
97683 97682 6.8856
97682 97683 6.8856
97682 97681 5.238
97681 97682 5.238
97681 97680 5.448
97680 97681 5.448
97680 97679 4.2096
97679 97680 4.2096
97679 97678 3.5484
97678 97679 3.5484
97678 154503 1.3548
154503 97678 1.3548
154503 97677 2.694
97677 154503 2.694
2017198 97677 1.2528
97677 2017198 1.2528
97704 97705 9.8496
97705 97704 9.8496
97705 97706 9.864
97706 97705 9.864
97706 97707 28.4256
97707 97706 28.4256
97707 97708 20.6136
97708 97707 20.6136
97708 97709 20.988
97709 97708 20.988
97709 97694 82.3248
97694 97709 82.3248
149039 710874 14.7096
710874 149039 14.7096
710874 228444 3.726
228444 710874 3.726
228444 252534 3.2976
252534 228444 3.2976
252534 569680 2.5776
569680 252534 2.5776
569680 228442 1.548
228442 569680 1.548
228442 756760 1.3932
756760 228442 1.3932
756760 723953 1.2132
723953 756760 1.2132
723953 82878 1.8108
82878 723953 1.8108
700612 154642 8.136
154642 700612 8.136
154642 698420 9.0936
698420 154642 9.0936
698420 150029 11.9232
150029 698420 11.9232
150029 150028 49.6296
150028 150029 49.6296
150028 150030 18.0216
150030 150028 18.0216
150029 431982 7.9776
431982 150029 7.9776
431982 149058 3.726
149058 431982 3.726
149058 431992 3.2256
431992 149058 3.2256
431992 432005 6.9372
432005 431992 6.9372
432005 801567 3.6936
801567 432005 3.6936
801567 149057 5.058
149057 801567 5.058
432141 200467 3.1176
200467 432141 3.1176
200467 200468 3.5784
200468 200467 3.5784
500903 150035 10.7604
150035 500903 10.7604
150035 500902 15.6852
500902 150035 15.6852
500902 154656 8.9568
154656 500902 8.9568
154656 154680 2.664
154680 154656 2.664
150037 150038 12.6576
150038 150037 12.6576
150038 150033 22.9212
150033 150038 22.9212
148715 955174 10.7964
955174 148715 10.7964
955174 955175 8.5392
955175 955174 8.5392
955175 955179 8.5248
955179 955175 8.5248
955179 955180 8.0712
955180 955179 8.0712
955180 509065 6.714
509065 955180 6.714
509065 150039 6.1992
150039 509065 6.1992
150039 955187 16.4124
955187 150039 16.4124
955187 955190 7.9308
955190 955187 7.9308
955190 955194 7.9344
955194 955190 7.9344
955194 955198 8.0928
955198 955194 8.0928
955198 500898 4.4568
500898 955198 4.4568
500898 148695 13.4352
148695 500898 13.4352
150040 154661 2.8224
154661 150040 2.8224
154661 955155 15.7464
955155 154661 15.7464
955155 955157 8.9064
955157 955155 8.9064
955157 955159 8.946
955159 955157 8.946
955159 955160 9.054
955160 955159 9.054
955160 150041 6.0984
150041 955160 6.0984
150041 500912 11.25
500912 150041 11.25
500912 955162 1.2528
955162 500912 1.2528
955162 955164 9.306
955164 955162 9.306
955164 955167 9.1548
955167 955164 9.1548
955167 955170 9.3888
955170 955167 9.3888
955170 955171 9.0936
955171 955170 9.0936
955171 154677 11.5488
154677 955171 11.5488
154677 150042 14.382
150042 154677 14.382
185245 185250 3.2472
185250 185245 3.2472
185250 150677 3.4056
150677 185250 3.4056
150677 185257 4.5
185257 150677 4.5
150705 150706 0.5244
150706 150705 0.5244
150706 581114 1.218
581114 150706 1.218
581114 150707 4.9752
150707 581114 4.9752
150707 431544 3.6024
431544 150707 3.6024
431544 150708 3.1536
150708 431544 3.1536
150708 1024413 4.5564
1024413 150708 4.5564
1024413 431561 4.3188
431561 1024413 4.3188
431561 150709 0.6372
150709 431561 0.6372
150709 431567 4.2396
431567 150709 4.2396
431567 150710 0.468
150710 431567 0.468
68428 431592 1.0476
431592 68428 1.0476
431592 431591 1.0068
431591 431592 1.0068
431591 431590 1.2024
431590 431591 1.2024
431590 431588 1.7292
431588 431590 1.7292
431588 68429 7.068
68429 431588 7.068
68429 184119 4.836
184119 68429 4.836
68427 416302 2.4048
416302 68427 2.4048
416302 450332 1.728
450332 416302 1.728
450332 608601 1.5192
608601 450332 1.5192
608601 150689 1.2948
150689 608601 1.2948
150689 150804 0.7776
150804 150689 0.7776
150804 608594 1.0368
608594 150804 1.0368
608594 150690 1.2852
150690 608594 1.2852
150690 425383 15.7644
425383 150690 15.7644
425383 150691 1.8384
150691 425383 1.8384
150691 425384 16.7412
425384 150691 16.7412
425384 425385 4.5432
425385 425384 4.5432
425385 609838 4.7928
609838 425385 4.7928
609838 150692 0.4272
150692 609838 0.4272
150692 68428 8.724
68428 150692 8.724
68428 1960504 3.3096
1960504 68428 3.3096
1960504 150693 10.5876
150693 1960504 10.5876
150693 489106 3.318
489106 150693 3.318
489106 425386 6.744
425386 489106 6.744
425386 150694 15.9768
150694 425386 15.9768
150694 150695 10.524
150695 150694 10.524
150695 150696 3.978
150696 150695 3.978
150688 790416 5.7096
790416 150688 5.7096
790416 150698 5.2812
150698 790416 5.2812
150711 152548 3.2126
152548 150711 3.2126
152548 790425 4.8946
790425 152548 4.8946
790425 188207 4.8348
188207 790425 4.8348
188207 150712 0.7322
150712 188207 0.7322
150712 794454 0.7229
794454 150712 0.7229
794454 150713 0.3413
150713 794454 0.3413
150713 68434 6.2762
68434 150713 6.2762
68434 425380 5.3633
425380 68434 5.3633
150710 150714 2.5416
150714 150710 2.5416
150714 150715 5.0388
150715 150714 5.0388
150715 150716 5.5932
150716 150715 5.5932
150716 431582 9.3912
431582 150716 9.3912
431582 150711 4.932
150711 431582 4.932
150705 150717 5.5656
150717 150705 5.5656
150717 150718 3.7884
150718 150717 3.7884
150718 150719 3.9804
150719 150718 3.9804
150719 150720 7.68
150720 150719 7.68
150711 150722 1.5185
150722 150711 1.5185
150722 518828 0.6638
518828 150722 0.6638
518828 150723 0.7416
150723 518828 0.7416
150723 150724 2.5877
150724 150723 2.5877
150724 425396 2.4019
425396 150724 2.4019
425396 425397 1.8598
425397 425396 1.8598
425397 150725 3.9974
150725 425397 3.9974
150725 200584 1.813
200584 150725 1.813
200584 1909608 1.2535
1909608 200584 1.2535
1909608 1024421 1.2859
1024421 1909608 1.2859
1024421 150697 0.5119
150697 1024421 0.5119
150697 150726 2.8922
150726 150697 2.8922
150726 1031089 0.8294
1031089 150726 0.8294
1031089 425399 0.7798
425399 1031089 0.7798
425399 150789 0.5047
150789 425399 0.5047
150789 425400 2.826
425400 150789 2.826
425400 481850 0.5573
481850 425400 0.5573
481850 200583 0.6559
200583 481850 0.6559
200583 200585 0.7877
200585 200583 0.7877
200585 150727 0.5846
150727 200585 0.5846
150727 150778 1.0332
150778 150727 1.0332
150778 518830 2.8159
518830 150778 2.8159
518830 1031090 1.1412
1031090 518830 1.1412
1031090 150777 1.8641
150777 1031090 1.8641
56750 56749 4.5482
56749 56750 4.5482
56749 468164 2.0347
468164 56749 2.0347
468164 56748 1.031
56748 468164 1.031
56748 468159 0.8978
468159 56748 0.8978
468159 468158 0.769
468158 468159 0.769
468158 56747 0.8582
56747 468158 0.8582
56747 468161 0.9727
468161 56747 0.9727
468161 468163 1.0303
468163 468161 1.0303
56759 56760 16.9596
56760 56759 16.9596
56760 56761 13.8528
56761 56760 13.8528
56761 56762 16.6536
56762 56761 16.6536
56762 150759 11.358
150759 56762 11.358
150759 150760 8.0532
150760 150759 8.0532
150760 188211 20.574
188211 150760 20.574
188211 150045 14.328
150045 188211 14.328
150045 150046 7.2144
150046 150045 7.2144
56769 581116 1.0476
581116 56769 1.0476
581116 56770 3.9218
56770 581116 3.9218
56770 56771 2.1564
56771 56770 2.1564
56792 56793 24.192
56793 56792 24.192
56793 468229 24.552
468229 56793 24.552
468229 468228 4.3344
468228 468229 4.3344
468228 200581 4.1076
200581 468228 4.1076
200581 454023 5.202
454023 200581 5.202
56796 56797 10.53
56797 56796 10.53
56797 56798 5.9256
56798 56797 5.9256
56788 56789 0.6984
56789 56788 0.6984
56789 488410 5.3482
488410 56789 5.3482
488410 56790 4.7513
56790 488410 4.7513
56790 56791 6.1841
56791 56790 6.1841
56791 200624 4.5828
200624 56791 4.5828
200624 200594 1.5098
200594 200624 1.5098
200594 200600 2.9095
200600 200594 2.9095
200600 502078 0.6084
502078 200600 0.6084
502078 200606 1.9022
200606 502078 1.9022
200606 200612 2.3969
200612 200606 2.3969
56722 1960537 2.1975
1960537 56722 2.1975
1960537 468230 1.0893
468230 1960537 1.0893
468230 450412 1.6051
450412 468230 1.6051
450412 450411 3.1577
450411 450412 3.1577
450411 595174 0.847
595174 450411 0.847
595174 150050 5.4663
150050 595174 5.4663
2017220 150050 3.384
150050 2017220 3.384
150780 150781 15.2784
150781 150780 15.2784
150781 1909659 3.6396
1909659 150781 3.6396
1909659 150782 6.606
150782 1909659 6.606
150782 492897 8.5392
492897 150782 8.5392
492897 425395 3.3552
425395 492897 3.3552
425395 150783 11.646
150783 425395 11.646
150783 150784 4.8132
150784 150783 4.8132
150784 1909647 7.4988
1909647 150784 7.4988
1909647 150785 8.7084
150785 1909647 8.7084
150785 1909651 10.0476
1909651 150785 10.0476
1909651 150786 13.3092
150786 1909651 13.3092
150786 150787 14.5368
150787 150786 14.5368
150787 150788 14.8716
150788 150787 14.8716
150788 425398 10.8972
425398 150788 10.8972
425398 1909656 12.114
1909656 425398 12.114
1909656 150789 19.5336
150789 1909656 19.5336
1700255 68413 6.6636
68413 1700255 6.6636
68413 68414 10.0404
68414 68413 10.0404
68414 159874 33.2244
159874 68414 33.2244
159874 68415 12.0024
68415 159874 12.0024
68415 68416 15.7284
68416 68415 15.7284
68416 490554 13.752
490554 68416 13.752
490554 159860 14.4792
159860 490554 14.4792
159860 159877 16.7868
159877 159860 16.7868
159877 772436 8.1468
772436 159877 8.1468
772436 68417 7.236
68417 772436 7.236
68417 593586 13.2588
593586 68417 13.2588
593586 487914 20.8692
487914 593586 20.8692
68419 593584 18.6624
593584 68419 18.6624
593584 68420 32.724
68420 593584 32.724
68420 68421 19.6344
68421 68420 19.6344
68421 593583 42.0624
593583 68421 42.0624
593583 593582 21.9744
593582 593583 21.9744
593582 593581 22.1616
593581 593582 22.1616
593581 476376 32.5296
476376 593581 32.5296
476376 483130 19.224
483130 476376 19.224
483130 608561 17.532
608561 483130 17.532
68419 150801 34.9344
150801 68419 34.9344
150801 187877 57.6504
187877 150801 57.6504
187877 187870 30.5712
187870 187877 30.5712
187870 608558 31.6872
608558 187870 31.6872
151497 151498 0.9454
151498 151497 0.9454
151498 172740 0.7697
172740 151498 0.7697
172740 151499 0.6797
151499 172740 0.6797
151499 431406 0.3492
431406 151499 0.3492
431406 151500 0.486
151500 431406 0.486
151500 151501 2.4588
151501 151500 2.4588
151501 507653 1.2852
507653 151501 1.2852
507653 151502 1.1045
151502 507653 1.1045
151502 151503 1.6099
151503 151502 1.6099
151503 151504 1.723
151504 151503 1.723
151504 151505 2.5668
151505 151504 2.5668
151505 1193947 1.265
1193947 151505 1.265
1193947 524337 19.8526
524337 1193947 19.8526
524337 149622 0.7589
149622 524337 0.7589
149622 149621 7.9114
149621 149622 7.9114
149621 172729 2.363
172729 149621 2.363
149162 199702 39.6072
199702 149162 39.6072
152598 955142 3.7512
955142 152598 3.7512
955142 1421433 0.7416
1421433 955142 0.7416
1421433 422487 19.5768
422487 1421433 19.5768
422487 152599 28.0728
152599 422487 28.0728
152599 152600 31.8384
152600 152599 31.8384
152600 154713 10.116
154713 152600 10.116
154713 172783 9.5976
172783 154713 9.5976
493671 515080 5.6664
515080 493671 5.6664
515080 756860 4.356
756860 515080 4.356
756860 756858 10.1448
756858 756860 10.1448
756858 579069 21.4128
579069 756858 21.4128
579069 422447 43.8696
422447 579069 43.8696
422447 519854 1.2312
519854 422447 1.2312
148719 1421431 3.6504
1421431 148719 3.6504
1421431 702081 2.2464
702081 1421431 2.2464
702081 509052 7.8192
509052 702081 7.8192
509052 172792 23.3496
172792 509052 23.3496
172792 152606 28.6776
152606 172792 28.6776
149155 432037 1.7964
432037 149155 1.7964
432037 152610 2.1996
152610 432037 2.1996
149158 149159 13.0536
149159 149158 13.0536
149159 955131 9.8532
955131 149159 9.8532
955131 955129 1.6452
955129 955131 1.6452
955129 387243 1.9008
387243 955129 1.9008
387243 955128 1.5156
955128 387243 1.5156
955128 955127 1.6884
955127 955128 1.6884
955127 149160 9.7992
149160 955127 9.7992
149160 149157 13.1616
149157 149160 13.1616
152624 468074 0.6129
468074 152624 0.6129
468074 148690 4.77
148690 468074 4.77
152623 152624 1.3671
152624 152623 1.3671
148715 500922 3.4344
500922 148715 3.4344
500922 200463 5.2164
200463 500922 5.2164
200463 150034 16.7184
150034 200463 16.7184
150034 571354 19.1196
571354 150034 19.1196
571354 154654 7.2432
154654 571354 7.2432
154654 148711 3.1716
148711 154654 3.1716
431358 200450 0.6732
200450 431358 0.6732
200450 431357 0.513
431357 200450 0.513
431357 109463 2.2162
109463 431357 2.2162
109463 109464 2.1733
109464 109463 2.1733
109464 479070 1.1398
479070 109464 1.1398
479070 109462 0.5026
109462 479070 0.5026
109462 22825 1.4
22825 109462 1.4
22825 22826 2.2298
22826 22825 2.2298
22826 431412 2.5488
431412 22826 2.5488
431412 109461 0.2401
109461 431412 0.2401
109461 22827 0.8532
22827 109461 0.8532
22827 431407 3.447
431407 22827 3.447
431407 151497 2.3558
151497 431407 2.3558
232198 468053 23.7528
468053 232198 23.7528
468053 468054 12.744
468054 468053 12.744
468054 422410 34.7256
422410 468054 34.7256
422410 154202 4.1328
154202 422410 4.1328
154202 1111150 53.7984
1111150 154202 53.7984
154204 189264 1.692
189264 154204 1.692
189264 154203 0.7272
154203 189264 0.7272
154203 154205 3.222
154205 154203 3.222
154205 154206 15.8436
154206 154205 15.8436
154200 482877 1.404
482877 154200 1.404
482877 431360 19.26
431360 482877 19.26
431360 422431 4.4928
422431 431360 4.4928
422431 431363 7.5384
431363 422431 7.5384
431363 431362 2.9808
431362 431363 2.9808
154503 155386 9.0888
155386 154503 9.0888
22834 154519 4.0068
154519 22834 4.0068
154519 155762 28.476
155762 154519 28.476
185254 154522 1.6344
