39850
82529 82525 0.9663
82525 82529 0.9663
82525 82524 1.0409
82524 82525 1.0409
82524 32624 1.3263
32624 82524 1.3263
32624 4186 0.9144
4186 32624 0.9144
4186 4255 2.0335
4255 4186 2.0335
4255 32731 1.6287
32731 4255 1.6287
32731 33231 4.4959
33231 32731 4.4959
33231 32911 2.1718
32911 33231 2.1718
32911 4187 0.2407
4187 32911 0.2407
4187 82536 6.3458
82536 4187 6.3458
82536 32725 1.62
32725 82536 1.62
32725 33101 2.6239
33101 32725 2.6239
33101 4252 1.441
4252 33101 1.441
4252 1340621 1.2754
1340621 4252 1.2754
1340621 4188 0.343
4188 1340621 0.343
4188 1340633 1.6951
1340633 4188 1.6951
1340633 4189 1.6591
4189 1340633 1.6591
4189 82542 0.5889
82542 4189 0.5889
82542 4190 0.7416
4190 82542 0.7416
4158 32628 1.027
32628 4158 1.027
32628 32629 8.4528
32629 32628 8.4528
32629 32673 10.7007
32673 32629 10.7007
32673 32630 0.8362
32630 32673 0.8362
32630 32688 0.9386
32688 32630 0.9386
32688 32631 1.1566
32631 32688 1.1566
32631 372397 6.7953
372397 32631 6.7953
372397 1313319 5.8135
1313319 372397 5.8135
1313319 1833333 2.9253
1833333 1313319 2.9253
1833333 32632 1.5362
32632 1833333 1.5362
32632 32684 1.1947
32684 32632 1.1947
32684 32633 1.8797
32633 32684 1.8797
32633 32674 1.8062
32674 32633 1.8062
32674 32689 1.5645
32689 32674 1.5645
32689 161986 4.4239
161986 32689 4.4239
161986 358527 8.3412
358527 161986 8.3412
358527 358525 2.1595
358525 358527 2.1595
358525 32690 6.0331
32690 358525 6.0331
32690 32634 1.8442
32634 32690 1.8442
32634 32685 5.0847
32685 32634 5.0847
32685 32675 2.7098
32675 32685 2.7098
32675 669786 0.8085
669786 32675 0.8085
669786 4194 3.9662
4194 669786 3.9662
4194 4195 1.2399
4195 4194 1.2399
4195 32849 0.5163
32849 4195 0.5163
32849 4196 1.117
4196 32849 1.117
4196 4197 1.241
4197 4196 1.241
4197 4198 1.1355
4198 4197 1.1355
4198 4199 1.0497
4199 4198 1.0497
4199 4259 1.8597
4259 4199 1.8597
4259 4200 3.492
4200 4259 3.492
4200 4201 3.4935
4201 4200 3.4935
4201 4202 1.5547
4202 4201 1.5547
4202 4203 0.9987
4203 4202 0.9987
4203 4204 1.6987
4204 4203 1.6987
4204 4205 1.4266
4205 4204 1.4266
4205 32672 1.3737
32672 4205 1.3737
32672 33095 4.2701
33095 32672 4.2701
33095 4206 2.429
4206 33095 2.429
4206 4207 0.5508
4207 4206 0.5508
4207 4208 1.243
4208 4207 1.243
4208 4209 2.3616
4209 4208 2.3616
4209 4193 5.3455
4193 4209 5.3455
4209 82552 2.0868
82552 4209 2.0868
82552 33018 4.4796
33018 82552 4.4796
33018 1887748 0.5028
1887748 33018 0.5028
1887748 33020 4.7856
33020 1887748 4.7856
33020 1887746 0.7536
1887746 33020 0.7536
1887746 33023 4.7244
33023 1887746 4.7244
33023 1887742 1.9224
1887742 33023 1.9224
1887742 4214 2.5248
4214 1887742 2.5248
4214 32975 1.0008
32975 4214 1.0008
32975 4215 1.0524
4215 32975 1.0524
4215 1887736 4.728
1887736 4215 4.728
1887736 33028 5.2776
33028 1887736 5.2776
33028 4216 3.5004
4216 33028 3.5004
4216 4217 1.5864
4217 4216 1.5864
4217 4218 4.728
4218 4217 4.728
4218 33041 0.8832
33041 4218 0.8832
33041 4219 4.6752
4219 33041 4.6752
4219 4220 0.9168
4220 4219 0.9168
4234 32713 3.9096
32713 4234 3.9096
4242 33222 6.918
33222 4242 6.918
33222 4254 6.906
4254 33222 6.906
4255 32910 1.2804
32910 4255 1.2804
32910 32692 15.072
32692 32910 15.072
32692 1340586 4.3176
1340586 32692 4.3176
1340586 32742 3.5304
32742 1340586 3.5304
32742 1838226 4.5996
1838226 32742 4.5996
1838226 4256 5.982
4256 1838226 5.982
4256 82553 0.4788
82553 4256 0.4788
4258 32714 2.2104
32714 4258 2.2104
32714 33003 2.7288
33003 32714 2.7288
33003 32716 1.6728
32716 33003 1.6728
32716 33005 3.1152
33005 32716 3.1152
33005 32661 0.9
32661 33005 0.9
32661 33007 0.7716
33007 32661 0.7716
33007 32663 2.3628
32663 33007 2.3628
32663 4247 1.3572
4247 32663 1.3572
4247 33009 3.7812
33009 4247 3.7812
33009 32719 1.0512
32719 33009 1.0512
32719 32722 3.2436
32722 32719 3.2436
32722 4248 3.1476
4248 32722 3.1476
4248 4249 2.838
4249 4248 2.838
4259 32652 8.6112
32652 4259 8.6112
32652 32888 5.274
32888 32652 5.274
32888 4260 1.8468
4260 32888 1.8468
4260 32657 7.5996
32657 4260 7.5996
32657 32889 11.5704
32889 32657 11.5704
32889 32654 9.7848
32654 32889 9.7848
32654 32738 10.4652
32738 32654 10.4652
32738 4261 6.0444
4261 32738 6.0444
4261 4262 5.8968
4262 4261 5.8968
4262 4263 5.3784
4263 4262 5.3784
6398 329625 0.3235
329625 6398 0.3235
329625 329648 0.269
329648 329625 0.269
329648 6399 0.4551
6399 329648 0.4551
6399 209748 1.2852
209748 6399 1.2852
209748 1594462 0.9602
1594462 209748 0.9602
1594462 1594419 3.2786
1594419 1594462 3.2786
1594419 329619 0.6099
329619 1594419 0.6099
329619 1546068 0.8326
1546068 329619 0.8326
1546068 329659 1.3284
329659 1546068 1.3284
329659 1594416 0.4341
1594416 329659 0.4341
1594416 329692 0.2001
329692 1594416 0.2001
329692 620774 0.2587
620774 329692 0.2587
620774 329640 0.9494
329640 620774 0.9494
329640 6397 0.4289
6397 329640 0.4289
6397 6396 0.5019
6396 6397 0.5019
6396 329691 0.775
329691 6396 0.775
329691 329623 1.818
329623 329691 1.818
329623 1828919 0.1599
1828919 329623 0.1599
1828919 1594432 0.1605
1594432 1828919 0.1605
1594432 633757 4.1554
633757 1594432 4.1554
633757 446494 1.3006
446494 633757 1.3006
446494 633748 2.197
633748 446494 2.197
633748 329699 2.3971
329699 633748 2.3971
329699 446469 1.4297
446469 329699 1.4297
446469 633733 0.6197
633733 446469 0.6197
633733 633727 0.7586
633727 633733 0.7586
633727 326840 1.9229
326840 633727 1.9229
326840 6394 0.4767
6394 326840 0.4767
6394 418332 0.8553
418332 6394 0.8553
6401 344091 0.9118
344091 6401 0.9118
344091 344168 1.027
344168 344091 1.027
344168 344093 1.3063
344093 344168 1.3063
344093 344085 0.6511
344085 344093 0.6511
344085 344089 3.2163
344089 344085 3.2163
344089 344131 1.5279
344131 344089 1.5279
344131 344058 1.17
344058 344131 1.17
344058 344129 2.1219
344129 344058 2.1219
344129 344134 0.4613
344134 344129 0.4613
344134 344184 0.4274
344184 344134 0.4274
344184 343965 0.7128
343965 344184 0.7128
343965 344066 0.7051
344066 343965 0.7051
344066 345412 0.3831
345412 344066 0.3831
345412 345347 0.4706
345347 345412 0.4706
345347 344082 0.6819
344082 345347 0.6819
344082 659052 2.1389
659052 344082 2.1389
659052 345278 1.6251
345278 659052 1.6251
345278 344146 0.5858
344146 345278 0.5858
344146 344047 0.701
344047 344146 0.701
344047 6402 0.7776
6402 344047 0.7776
6402 348211 0.5472
348211 6402 0.5472
348211 348216 0.2325
348216 348211 0.2325
348216 348056 4.303
348056 348216 4.303
348056 345302 1.2852
345302 348056 1.2852
345302 347293 1.0481
347293 345302 1.0481
347293 345348 0.4695
345348 347293 0.4695
6387 348242 0.5601
348242 6387 0.5601
348242 348063 1.4745
348063 348242 1.4745
348063 348073 2.8857
348073 348063 2.8857
348073 348087 2.0659
348087 348073 2.0659
348087 1185813 5.9415
1185813 348087 5.9415
1185813 1717534 1.8216
1717534 1185813 1.8216
1717534 1341822 0.089
1341822 1717534 0.089
1341822 1637056 0.4711
1637056 1341822 0.4711
6404 288563 25.218
288563 6404 25.218
2015233 347287 0.8633
347287 347450 2.6266
347450 1636375 1.4083
1636375 418984 0.3593
418984 418985 2.3789
418985 8524 2.8246
8524 348119 3.9643
348119 348120 0.4126
348120 348121 3.4812
348121 348122 2.8181
348122 1636374 10.4256
1636374 418988 0.5198
418988 1636373 2.921
1636373 1717531 0.1699
1717531 347453 1.967
347453 1341822 1.8173
1341822 1637084 3.4243
1637084 1717562 26.9921
1717562 1717567 3.1781
1717567 1637053 14.2366
1637053 1637054 5.1365
1637054 8783 5.9458
8783 1637079 1.998
1637079 1257706 0.3593
1257706 1257707 2.1953
1257707 329493 4.4258
329493 1511991 4.8874
1511991 620807 0.9554
620807 209729 3.0787
209729 1637065 4.5043
1637065 1638979 8.617
1638979 9255 1.2233
9255 418975 18.8726
418975 1637062 5.3078
1637062 1637067 1.4479
1637067 1637063 1.4083
1637063 1637064 1.2528
2015235 418519 1.0303
418519 2015235 1.0303
418519 348661 1.9274
348661 418519 1.9274
348661 348654 2.1031
348654 348661 2.1031
348654 326803 0.3989
326803 348654 0.3989
326803 1104654 0.3463
1104654 326803 0.3463
1104654 2009045 0.4817
2009045 1104654 0.4817
2009045 1595518 1.7759
1595518 2009045 1.7759
1595518 1545486 5.0101
1545486 1595518 5.0101
1545486 6454 0.526
6454 1545486 0.526
477019 1495915 0.5194
1495915 477019 0.5194
1495915 933587 0.2818
933587 1495915 0.2818
933587 9281 0.7015
9281 933587 0.7015
9281 348707 1.0826
348707 9281 1.0826
348707 348706 1.5855
348706 348707 1.5855
348706 1619496 8.5639
1619496 348706 8.5639
1619496 1621512 0.3718
1621512 1619496 0.3718
1621512 343767 3.9615
343767 1621512 3.9615
343767 477009 2.1014
477009 343767 2.1014
477009 477008 1.0167
477008 477009 1.0167
477008 1624940 0.4294
1624940 477008 0.4294
1624940 343756 0.9735
343756 1624940 0.9735
343756 476997 5.795
476997 343756 5.795
476997 694011 1.709
694011 476997 1.709
694011 343844 0.5451
343844 694011 0.5451
343844 694004 1.3932
694004 343844 1.3932
694004 693997 1.7733
693997 694004 1.7733
693997 391567 1.3968
391567 693997 1.3968
391567 6458 0.9663
6458 391567 0.9663
8784 633645 4.0464
633645 633644 6.6312
633644 633643 4.716
633643 8785 5.5656
8785 8788 14.8068
1637061 8791 26.7696
8791 1608758 4.428
4184 70046 1.5944
70046 4184 1.5944
2015263 8897 12.516
8897 2015263 12.516
8897 8898 19.3212
8898 8897 19.3212
8898 8899 6.348
8899 8898 6.348
8899 8900 2.5692
8900 8899 2.5692
8900 8901 19.3524
8901 8900 19.3524
8901 391561 1.14
391561 8901 1.14
391561 391556 1.4148
391556 391561 1.4148
391556 471524 0.576
471524 391556 0.576
471524 8902 0.6984
8902 471524 0.6984
8902 391542 1.1796
391542 8902 1.1796
391542 8903 1.5384
8903 391542 1.5384
8903 391493 9.9048
391493 8903 9.9048
391493 6472 1.4604
6472 391493 1.4604
8898 472250 1.6104
472250 8898 1.6104
472250 8904 13.6896
8904 472250 13.6896
2015265 473575 6.3192
473575 2015265 6.3192
473575 8897 3.3252
8897 473575 3.3252
488934 488935 1.1436
488935 488934 1.1436
488935 8915 3.3648
8915 488935 3.3648
8915 8914 1.7592
8914 8915 1.7592
8914 8913 0.708
8913 8914 0.708
8913 8912 3.1188
8912 8913 3.1188
8912 488962 0.8904
488962 8912 0.8904
488962 488965 3.7536
488965 488962 3.7536
488965 488969 3.492
488969 488965 3.492
488969 8907 1.4796
8907 488969 1.4796
8907 488973 0.6828
488973 8907 0.6828
2015267 488973 1.0644
488973 2015267 1.0644
8919 489004 0.9468
489004 8919 0.9468
489004 330113 1.1976
330113 489004 1.1976
330113 1184582 3.744
1184582 330113 3.744
1184582 330106 2.8788
330106 1184582 2.8788
330106 8918 1.6008
8918 330106 1.6008
8918 330103 4.2804
330103 8918 4.2804
330103 330119 2.874
330119 330103 2.874
330119 8917 2.3304
8917 330119 2.3304
8917 8916 2.2416
8916 8917 2.2416
8916 488956 5.2068
488956 8916 5.2068
488956 490671 4.9836
490671 488956 4.9836
490671 490670 0.4392
490670 490671 0.4392
490670 8915 1.308
8915 490670 1.308
8916 490676 3.624
490676 8916 3.624
490676 490672 5.3952
490672 490676 5.3952
490672 488942 2.268
488942 490672 2.268
488942 8920 12.9756
8920 488942 12.9756
8920 488929 8.3832
488929 8920 8.3832
488929 8921 1.3284
8921 488929 1.3284
8922 418313 9.7572
418313 8922 9.7572
418313 8923 8.1336
8923 418313 8.1336
8923 488950 0.5628
488950 8923 0.5628
488950 488947 1.2384
488947 488950 1.2384
488947 488944 0.768
488944 488947 0.768
488944 488943 1.1172
488943 488944 1.1172
488943 488940 1.35
488940 488943 1.35
488940 488939 1.734
488939 488940 1.734
488939 281543 2.6568
281543 488939 2.6568
488993 8919 8.3652
8919 488993 8.3652
8919 1545484 5.1468
1545484 8919 5.1468
1545484 490696 9.294
490696 1545484 9.294
391599 391601 1.3896
391601 391599 1.3896
391601 488915 10.566
488915 391601 10.566
488915 488922 1.5228
488922 488915 1.5228
488922 330105 9.288
330105 488922 9.288
330105 488926 2.5272
488926 330105 2.5272
488926 8921 4.9248
8921 488926 4.9248
9199 1829483 65.9664
1829483 9199 65.9664
1829483 1408674 4.9536
1408674 1829483 4.9536
349171 9216 15.0696
9216 349171 15.0696
9216 9215 22.7664
9215 9216 22.7664
9215 9214 3.1536
9214 9215 3.1536
9214 9213 20.1348
9213 9214 20.1348
9213 9212 1.6632
9212 9213 1.6632
9212 9211 13.2264
9211 9212 13.2264
9257 9261 4.32
9261 9257 4.32
9261 9260 3.4884
9260 9261 3.4884
9260 9262 5.0328
9262 9260 5.0328
9262 9273 10.1232
9273 9262 10.1232
9273 9271 10.1772
9271 9273 10.1772
9271 9274 9.0252
9274 9271 9.0252
9274 329417 2.0196
329417 9274 2.0196
329417 9263 1.818
9263 329417 1.818
9263 9277 3.0636
9277 9263 3.0636
9277 620686 7.5996
620686 9277 7.5996
620686 620687 3.5964
620687 620686 3.5964
620687 99830 51.912
99830 620687 51.912
99830 1717546 4.734
1717546 99830 4.734
1717546 9255 2.0988
9255 1717546 2.0988
9256 9257 9.1548
9257 9256 9.1548
9257 9258 4.1832
9258 9257 4.1832
9258 9277 46.2348
9277 9258 46.2348
9259 9260 17.37
9260 9259 17.37
9262 9267 13.3992
9267 9262 13.3992
9267 9268 8.8236
9268 9267 8.8236
9268 9269 17.3196
9269 9268 17.3196
9269 9270 5.526
9270 9269 5.526
9270 9271 19.2852
9271 9270 19.2852
9272 9273 17.8308
9273 9272 17.8308
9275 9264 20.34
9264 9275 20.34
9276 9274 20.268
9274 9276 20.268
4184 417512 1.4688
417512 4184 1.4688
11128 348955 1.62
348955 11128 1.62
348955 1725246 0.5808
1725246 348955 0.5808
1725246 9446 0.4836
9446 1725246 0.4836
9446 348933 7.0368
348933 9446 7.0368
348933 348923 4.4148
348923 348933 4.4148
348923 348916 3.2868
348916 348923 3.2868
348916 1725260 0.9384
1725260 348916 0.9384
1725260 348914 0.8028
348914 1725260 0.8028
348914 1777059 4.8948
1777059 348914 4.8948
1777059 348901 2.934
348901 1777059 2.934
348901 1292481 0.3876
1292481 348901 0.3876
1292481 348898 1.0488
348898 1292481 1.0488
348898 9447 7.9464
9447 348898 7.9464
9440 1654612 36.1668
1654612 9440 36.1668
2015279 391621 61.7112
391621 2015279 61.7112
391621 472254 146.3904
472254 391621 146.3904
472254 488916 60.1272
488916 472254 60.1272
488916 488912 10.2024
488912 488916 10.2024
488912 472249 116.2512
472249 488912 116.2512
472249 472248 13.068
472248 472249 13.068
472248 472247 13.5576
472247 472248 13.5576
472247 472246 18.8208
472246 472247 18.8208
472246 10044 16.2504
10044 472246 16.2504
10044 285272 16.956
285272 10044 16.956
285272 391563 11.8152
391563 285272 11.8152
391563 10043 11.2032
10043 391563 11.2032
10043 391541 11.4912
391541 10043 11.4912
391541 10042 12.6144
10042 391541 12.6144
10042 10045 12.4848
10045 10042 12.4848
10045 471518 4.8456
471518 10045 4.8456
579854 9197 20.0016
9197 579854 20.0016
9197 579856 34.1556
579856 9197 34.1556
579856 579857 2.1756
579857 579856 2.1756
579857 219124 9.672
219124 579857 9.672
219124 9198 8.8464
9198 219124 8.8464
9198 493545 10.098
493545 9198 10.098
493545 493546 5.2644
493546 493545 5.2644
493546 327381 3.546
327381 493546 3.546
327381 493548 10.2216
493548 327381 10.2216
493548 327386 4.0188
327386 493548 4.0188
327386 493549 3.6396
493549 327386 3.6396
493549 9199 22.7256
9199 493549 22.7256
9199 10989 5.118
10989 9199 5.118
10989 490954 3.162
490954 10989 3.162
490954 9200 0.8064
9200 490954 0.8064
9200 9201 1.1328
9201 9200 1.1328
9201 327382 5.0256
327382 9201 5.0256
473518 473519 0.0684
473519 473518 0.0684
473519 281589 0.9126
281589 473519 0.9126
281589 343750 0.459
343750 281589 0.459
343750 472120 0.3737
472120 343750 0.3737
472120 472124 0.4522
472124 472120 0.4522
472124 8961 2.5171
8961 472124 2.5171
8961 418506 0.1958
418506 8961 0.1958
418506 1619513 0.2869
1619513 418506 0.2869
1619513 788876 1.6981
788876 1619513 1.6981
788876 418509 1.427
418509 788876 1.427
418509 1647139 0.2891
1647139 418509 0.2891
1647139 1619590 1.408
1619590 1647139 1.408
1619590 343822 1.5102
343822 1619590 1.5102
343822 1619617 0.364
1619617 343822 0.364
1619617 343795 2.1924
343795 1619617 2.1924
343795 1619515 4.0007
1619515 343795 4.0007
1619515 343776 0.6664
343776 1619515 0.6664
343776 1619600 0.2779
1619600 343776 0.2779
1619600 391549 2.0869
391549 1619600 2.0869
391549 6458 0.5483
6458 391549 0.5483
281915 281581 3.7073
281581 281915 3.7073
11648 452293 3.8184
452293 11648 3.8184
452293 452290 1.1688
452290 452293 1.1688
452290 281616 1.4184
281616 452290 1.4184
281616 452289 1.554
452289 281616 1.554
452289 281801 2.5164
281801 452289 2.5164
281801 10534 9.966
10534 281801 9.966
10534 452286 12.5916
452286 10534 12.5916
452286 452283 2.7444
452283 452286 2.7444
452283 281802 6.5388
281802 452283 6.5388
281802 2003233 17.466
2003233 281802 17.466
2003233 452281 0.4992
452281 2003233 0.4992
452281 281519 3.4224
281519 452281 3.4224
281519 10533 1.2024
10533 281519 1.2024
10533 452280 0.978
452280 10533 0.978
452280 281643 1.2096
281643 452280 1.2096
281643 452279 1.6884
452279 281643 1.6884
452279 452273 5.3928
452273 452279 5.3928
452273 10532 3.2952
10532 452273 3.2952
10532 10531 1.9824
10531 10532 1.9824
10531 452265 2.2812
452265 10531 2.2812
452265 452258 5.4324
452258 452265 5.4324
452258 452250 3.3096
452250 452258 3.3096
452250 11667 1.9644
11667 452250 1.9644
10569 281905 0.5844
281905 10569 0.5844
281905 419259 0.5292
419259 281905 0.5292
419259 419258 0.6012
419258 419259 0.6012
419258 419260 0.744
419260 419258 0.744
419260 419261 0.7464
419261 419260 0.7464
419261 419263 2.8872
419263 419261 2.8872
419263 419265 1.5
419265 419263 1.5
419265 419266 1.6332
419266 419265 1.6332
419266 419267 1.5276
419267 419266 1.5276
419267 419269 1.3476
419269 419267 1.3476
419269 419270 2.2188
419270 419269 2.2188
419270 10571 7.8132
10571 419270 7.8132
10571 10572 3.5004
10572 10571 3.5004
10572 10575 2.196
10575 10572 2.196
10575 621427 2.808
621427 10575 2.808
621427 281567 1.0404
281567 621427 1.0404
281567 10573 3.0372
10573 281567 3.0372
10573 10574 9.6276
10574 10573 9.6276
10574 10570 3.2892
10570 10574 3.2892
10570 419278 2.2812
419278 10570 2.2812
419278 419277 0.8352
419277 419278 0.8352
419277 419276 1.1208
419276 419277 1.1208
419276 419279 1.1196
419279 419276 1.1196
419279 281560 1.7172
281560 419279 1.7172
281560 419281 1.596
419281 281560 1.596
419281 10566 0.984
10566 419281 0.984
10566 419282 0.5928
419282 10566 0.5928
419282 419283 0.7032
419283 419282 0.7032
419283 419285 0.6024
419285 419283 0.6024
419285 419287 0.7896
419287 419285 0.7896
419287 419291 6.0468
419291 419287 6.0468
419291 10578 0.8916
10578 419291 0.8916
10578 419294 1.2648
419294 10578 1.2648
419294 281593 2.0208
281593 419294 2.0208
281593 419296 1.3608
419296 281593 1.3608
419296 419298 1.32
419298 419296 1.32
419298 419300 1.1448
419300 419298 1.1448
419300 419302 1.1256
419302 419300 1.1256
419302 419303 1.1604
419303 419302 1.1604
419303 10567 1.2684
10567 419303 1.2684
10567 419304 1.4736
419304 10567 1.4736
419304 419306 7.3608
419306 419304 7.3608
419306 419308 1.4364
419308 419306 1.4364
419308 419311 1.7004
419311 419308 1.7004
419311 10568 8.2212
10568 419311 8.2212
10568 8965 1.2264
8965 10568 1.2264
8965 418553 1.71
418553 8965 1.71
10576 10577 6.4584
10577 10576 6.4584
10577 10578 73.5408
10578 10577 73.5408
418567 418566 12.0348
418566 418567 12.0348
418566 418565 2.3256
418565 418566 2.3256
418565 418831 1.9476
418831 418565 1.9476
418831 418830 2.3184
418830 418831 2.3184
418830 418829 1.6596
418829 418830 1.6596
418829 418828 1.8756
418828 418829 1.8756
418828 418827 1.9908
418827 418828 1.9908
418827 418826 1.5912
418826 418827 1.5912
418826 418825 1.8288
418825 418826 1.8288
418825 418824 2.1312
418824 418825 2.1312
11191 1231761 4.422
1231761 11191 4.422
1231761 343504 4.7646
343504 1231761 4.7646
343504 443699 1.071
443699 343504 1.071
443699 8962 1.401
8962 443699 1.401
8962 443695 1.3386
443695 8962 1.3386
443695 281667 0.5478
281667 443695 0.5478
281667 443693 0.5808
443693 281667 0.5808
443693 443692 0.558
443692 443693 0.558
443692 281793 0.6474
281793 443692 0.6474
281793 8963 0.9588
8963 281793 0.9588
8963 343522 0.9156
343522 8963 0.9156
343522 8964 3.1068
8964 343522 3.1068
8964 1457292 0.7278
1457292 8964 0.7278
1457292 1416863 1.248
1416863 1457292 1.248
1416863 443683 0.3756
443683 1416863 0.3756
443683 418723 12.5154
418723 443683 12.5154
9446 1654612 13.8204
1654612 9446 13.8204
1654612 329544 7.4916
329544 1654612 7.4916
329544 9445 0.9456
9445 329544 0.9456
9445 9444 0.6024
9444 9445 0.6024
9444 9443 0.8028
9443 9444 0.8028
9443 349009 0.7884
349009 9443 0.7884
349009 329350 2.0688
329350 349009 2.0688
329350 1777064 1.2156
1777064 329350 1.2156
1777064 1777069 2.1624
1777069 1777064 2.1624
1777069 1777060 2.73
1777060 1777069 2.73
1777060 348980 3.4224
348980 1777060 3.4224
348980 9442 3.2388
9442 348980 3.2388
9442 348952 1.1832
348952 9442 1.1832
348952 348938 4.1496
348938 348952 4.1496
348938 1777072 2.5764
1777072 348938 2.5764
1777072 329348 0.8832
329348 1777072 0.8832
329348 9441 8.9364
9441 329348 8.9364
9441 329448 6.7644
329448 9441 6.7644
329448 329376 1.1376
329376 329448 1.1376
329376 329329 1.0092
329329 329376 1.0092
329329 329476 1.0644
329476 329329 1.0644
329476 329430 1.0296
329430 329476 1.0296
329430 329367 12.4536
329367 329430 12.4536
329367 329507 3.6732
329507 329367 3.6732
329507 329485 3.156
329485 329507 3.156
329485 329462 8.838
329462 329485 8.838
10678 1725365 0.6072
1725365 10678 0.6072
1725365 417508 0.6024
417508 1725365 0.6024
417508 417506 1.9332
417506 417508 1.9332
417506 10677 0.9552
10677 417506 0.9552
10677 329635 1.6128
329635 10677 1.6128
329635 329656 1.2396
329656 329635 1.2396
329656 329688 1.3656
329688 329656 1.3656
329688 329621 6.138
329621 329688 6.138
329621 329645 1.218
329645 329621 1.218
329645 1557242 0.7932
1557242 329645 0.7932
1557242 329662 0.5184
329662 1557242 0.5184
329662 329700 1.3992
329700 329662 1.3992
329700 329629 1.6464
329629 329700 1.6464
329629 329652 1.5168
329652 329629 1.5168
329652 329672 9.3096
329672 329652 9.3096
329672 329696 14.0436
329696 329672 14.0436
329696 329634 2.1648
329634 329696 2.1648
329634 329651 6.3612
329651 329634 6.3612
329651 329681 6.0456
329681 329651 6.0456
477019 10975 0.4334
10975 477019 0.4334
10975 348708 1.3219
348708 10975 1.3219
348708 348709 2.1967
348709 348708 2.1967
348709 10974 0.522
10974 348709 0.522
10974 933588 1.9577
933588 10974 1.9577
933588 10976 2.713
10976 933588 2.713
10976 10969 0.8114
10969 10976 0.8114
10969 327393 0.4622
327393 10969 0.4622
327393 10970 0.3535
10970 327393 0.3535
10970 327392 0.3629
327392 10970 0.3629
327392 327377 0.5731
327377 327392 0.5731
327377 933589 2.1571
933589 327377 2.1571
933589 327387 0.7646
327387 933589 0.7646
327387 327395 1.314
327395 327387 1.314
327395 10691 2.4228
10691 327395 2.4228
10691 327389 0.5998
327389 10691 0.5998
327389 219129 0.576
219129 327389 0.576
219129 327385 0.581
327385 219129 0.581
327385 327384 0.5378
327384 327385 0.5378
327384 10692 0.4817
10692 327384 0.4817
10692 10693 0.3665
10693 10692 0.3665
10693 327379 0.373
327379 10693 0.373
327379 10694 0.4442
10694 327379 0.4442
10694 327397 3.1248
327397 10694 3.1248
327397 9197 5.4626
9197 327397 5.4626
9197 579855 0.7078
579855 9197 0.7078
579855 10695 1.9865
10695 579855 1.9865
10695 327383 2.4696
327383 10695 2.4696
327383 10696 1.9454
10696 327383 1.9454
10696 10688 2.1082
10688 10696 2.1082
10688 493547 1.2096
493547 10688 1.2096
493547 1407613 0.2066
1407613 493547 0.2066
1407613 10690 1.2031
10690 1407613 1.2031
10690 10686 4.8528
10686 10690 4.8528
10686 10679 6.426
10679 10686 6.426
10679 1622291 4.927
1622291 10679 4.927
1622291 1622275 3.2544
1622275 1622291 3.2544
1622275 10680 8.7883
10680 1622275 8.7883
10680 1622299 3.4769
1622299 10680 3.4769
1622299 10681 1.939
10681 1622299 1.939
10681 10682 3.4834
10682 10681 3.4834
10682 10683 3.7188
10683 10682 3.7188
10683 349026 0.5105
349026 10683 0.5105
349026 349030 0.5292
349030 349026 0.5292
349030 10684 0.4565
10684 349030 0.4565
10684 10991 0.671
10991 10684 0.671
10991 1643030 0.2981
1643030 10991 0.2981
1643030 326807 0.3139
326807 1643030 0.3139
326807 10685 0.5335
10685 326807 0.5335
10685 349063 0.7373
349063 10685 0.7373
2015287 293052 1.6236
293052 2015287 1.6236
293052 293041 2.6172
293041 293052 2.6172
293041 293061 2.1888
293061 293041 2.1888
293061 293064 3.0996
293064 293061 3.0996
293064 293030 4.9104
293030 293064 4.9104
293030 293078 2.6892
293078 293030 2.6892
293078 293044 3.1716
293044 293078 3.1716
2015289 293044 1.62
293044 2015289 1.62
10976 10977 27.0828
10977 10976 27.0828
10977 10978 12.24
10978 10977 12.24
10979 1545525 4.7304
1545525 10979 4.7304
1545525 281848 1.728
281848 1545525 1.728
281848 489038 3.2688
489038 281848 3.2688
489038 10980 17.8416
10980 489038 17.8416
10981 10982 7.4664
10982 10981 7.4664
10982 10983 2.988
10983 10982 2.988
10983 431314 4.6188
431314 10983 4.6188
431314 431313 5.3856
431313 431314 5.3856
431313 10984 2.6748
10984 431313 2.6748
10984 431315 2.9988
431315 10984 2.9988
431315 431316 3.9924
431316 431315 3.9924
431316 431318 2.5488
431318 431316 2.5488
431318 9203 2.7468
9203 431318 2.7468
9203 431320 37.548
431320 9203 37.548
431320 431322 37.5948
431322 431320 37.5948
431322 9202 25.3188
9202 431322 25.3188
9202 10988 32.5116
10988 9202 32.5116
10988 431345 60.9732
431345 10988 60.9732
431345 490927 4.8132
490927 431345 4.8132
490927 431347 4.1184
431347 490927 4.1184
431347 10987 2.1888
10987 431347 2.1888
10987 10986 3.1716
10986 10987 3.1716
10986 10985 6.0228
10985 10986 6.0228
10985 490952 21.546
490952 10985 21.546
490952 10989 2.3364
10989 490952 2.3364
11006 281849 0.5736
281849 11006 0.5736
281849 343518 0.5256
343518 281849 0.5256
343518 343453 0.516
343453 343518 0.516
343453 473361 0.5868
473361 343453 0.5868
473361 11005 0.5664
11005 473361 0.5664
11005 11004 2.0484
11004 11005 2.0484
11004 343542 0.6708
343542 11004 0.6708
343542 281569 0.57
281569 343542 0.57
281569 343379 0.6312
343379 281569 0.6312
343379 11003 0.5724
11003 343379 0.5724
11003 473373 4.2324
473373 11003 4.2324
473373 473375 1.3416
473375 473373 1.3416
473375 473379 0.6396
473379 473375 0.6396
473379 473383 4.0704
473383 473379 4.0704
473383 473385 1.1568
473385 473383 1.1568
473385 473392 4.4856
473392 473385 4.4856
473392 473397 3.1068
473397 473392 3.1068
473397 473400 2.6616
473400 473397 2.6616
473400 11009 1.6968
11009 473400 1.6968
281811 11186 8.7552
11186 281811 8.7552
11186 472831 6.0756
472831 11186 6.0756
11023 281600 5.3028
281600 11023 5.3028
281600 1702847 5.9904
1702847 281600 5.9904
1702847 813112 1.8468
813112 1702847 1.8468
813112 11022 19.446
11022 813112 19.446
11022 472104 12.8028
472104 11022 12.8028
472104 813111 8.178
813111 472104 8.178
813111 813110 2.52
813110 813111 2.52
813110 11021 5.6304
11021 813110 5.6304
11021 281596 9.0024
281596 11021 9.0024
281596 11020 0.9288
11020 281596 0.9288
11020 813109 1.0428
813109 11020 1.0428
813109 281721 0.9732
281721 813109 0.9732
281721 11019 0.8112
11019 281721 0.8112
11019 813108 4.4304
813108 11019 4.4304
813108 281844 1.482
281844 813108 1.482
281844 11018 1.662
11018 281844 1.662
11018 281565 1.6092
281565 11018 1.6092
281565 281689 1.644
281689 281565 1.644
281689 11017 1.3932
11017 281689 1.3932
11017 281814 1.806
281814 11017 1.806
281814 281533 2.3736
281533 281814 2.3736
281533 11016 2.5896
11016 281533 2.5896
11016 813107 5.7528
813107 11016 5.7528
813107 11015 9.4812
11015 813107 9.4812
11015 813106 1.1868
813106 11015 1.1868
813106 11014 1.3128
11014 813106 1.3128
11014 813105 5.8128
813105 11014 5.8128
813105 813104 3.4548
813104 813105 3.4548
813104 11013 4.4748
11013 813104 4.4748
11013 1636358 3.1032
1636358 11013 3.1032
1636358 813103 1.074
813103 1636358 1.074
813103 11012 4.1616
11012 813103 4.1616
11012 11011 5.0628
11011 11012 5.0628
11011 813102 1.3116
813102 11011 1.3116
813102 11010 1.56
11010 813102 1.56
11010 813101 1.4568
813101 11010 1.4568
813101 12198 5.5968
12198 813101 5.5968
12198 1416857 0.5868
1416857 12198 0.5868
1416857 813098 2.6136
813098 1416857 2.6136
87042 419359 1.4194
419359 87042 1.4194
419359 985288 15.3396
985288 419359 15.3396
985288 985286 13.231
985286 985288 13.231
985286 87043 3.8402
87043 985286 3.8402
87043 985287 0.7133
985287 87043 0.7133
985287 985289 0.5251
985289 985287 0.5251
985289 238889 0.6346
238889 985289 0.6346
238889 238891 1.0435
238891 238889 1.0435
238891 343831 2.5174
343831 238891 2.5174
343831 87044 2.4927
87044 343831 2.4927
87044 343789 0.413
343789 87044 0.413
343789 1283360 0.3934
1283360 343789 0.3934
1283360 238888 0.451
238888 1283360 0.451
11063 343366 5.2824
343366 11063 5.2824
343366 343458 1.932
343458 343366 1.932
343458 343405 3.1344
343405 343458 3.1344
343405 343373 3.9408
343373 343405 3.9408
343373 343538 1.3284
343538 343373 1.3284
343538 343478 3.7824
343478 343538 3.7824
343478 343426 1.3392
343426 343478 1.3392
343426 343397 4.6536
343397 343426 4.6536
343397 343480 1.3428
343480 343397 1.3428
343480 343415 1.8372
343415 343480 1.8372
343415 11071 8.304
11071 343415 8.304
11067 340355 2.2824
340355 11067 2.2824
340355 11052 0.7836
11052 340355 0.7836
11052 340473 0.846
340473 11052 0.846
340473 340326 2.6364
340326 340473 2.6364
340326 340340 1.6908
340340 340326 1.6908
340340 11053 3.8784
11053 340340 3.8784
11053 11054 2.0856
11054 11053 2.0856
11054 11055 15.6636
11055 11054 15.6636
11055 11056 9.2784
11056 11055 9.2784
11056 11057 10.9236
11057 11056 10.9236
11057 340336 11.4108
340336 11057 11.4108
340336 340352 7.6656
340352 340336 7.6656
340352 340370 2.064
340370 340352 2.064
340370 340428 11.304
340428 340370 11.304
340428 11058 1.2636
11058 340428 1.2636
11058 340382 1.2012
340382 11058 1.2012
340382 11063 2.418
11063 340382 2.418
11063 11059 1.554
11059 11063 1.554
11059 340320 1.266
340320 11059 1.266
340320 11060 1.2504
11060 340320 1.2504
11060 11061 1.4124
11061 11060 1.4124
11061 418957 5.2152
418957 11061 5.2152
11068 343526 1.71
343526 11068 1.71
343526 343359 1.8432
343359 343526 1.8432
343359 11069 5.526
11069 343359 5.526
11069 11070 2.7936
11070 11069 2.7936
11070 11109 5.3796
11109 11070 5.3796
11109 11108 25.5888
11108 11109 25.5888
11108 343328 9.3024
343328 11108 9.3024
343328 343459 8.9616
343459 343328 8.9616
343459 11071 18.1812
11071 343459 18.1812
11072 11073 2.7192
11073 11072 2.7192
11073 343752 1.0596
343752 11073 1.0596
343752 11074 2.592
11074 343752 2.592
11074 343820 0.8844
343820 11074 0.8844
343820 11075 1.638
11075 343820 1.638
11075 11076 1.0236
11076 11075 1.0236
11076 11077 3.624
11077 11076 3.624
11077 11078 2.4564
11078 11077 2.4564
11078 343783 6.4512
343783 11078 6.4512
343783 343740 3.1548
343740 343783 3.1548
343740 11079 12.2964
11079 343740 12.2964
11079 11080 3.8904
11080 11079 3.8904
11080 343350 5.6556
343350 11080 5.6556
343350 343523 4.2744
343523 343350 4.2744
343523 11081 2.58
11081 343523 2.58
11081 11082 3.018
11082 11081 3.018
11082 343491 3.3408
343491 11082 3.3408
343491 11083 1.1568
11083 343491 1.1568
11083 343449 2.1252
343449 11083 2.1252
343449 343378 1.2996
343378 343449 1.2996
343378 11084 2.928
11084 343378 2.928
11084 343540 3.9672
343540 11084 3.9672
343540 343516 0.9024
343516 343540 0.9024
343516 343472 1.596
343472 343516 1.596
343472 11085 3.5244
11085 343472 3.5244
11085 343397 3.8088
343397 11085 3.8088
11094 343524 1.1316
343524 11094 1.1316
343524 11063 14.4864
11063 343524 14.4864
11096 11097 6.2256
11097 11096 6.2256
11097 11098 3.8568
11098 11097 3.8568
11098 996981 1.908
996981 11098 1.908
996981 11099 3.1248
11099 996981 3.1248
11099 343390 10.8072
343390 11099 10.8072
343390 11100 6.2796
11100 343390 6.2796
11100 11101 1.4532
11101 11100 1.4532
11101 343535 1.5324
343535 11101 1.5324
343535 343369 2.7588
343369 343535 2.7588
343369 11086 1.8828
11086 343369 1.8828
11086 11087 1.5864
11087 11086 1.5864
11087 343400 1.4688
343400 11087 1.4688
343400 11088 0.9492
11088 343400 0.9492
11088 11089 1.9428
11089 11088 1.9428
11089 11090 6.4656
11090 11089 6.4656
11090 11091 3.8508
11091 11090 3.8508
11091 343452 5.2596
343452 11091 5.2596
343452 343519 2.274
343519 343452 2.274
343519 343344 1.2756
343344 343519 1.2756
343344 343380 0.8244
343380 343344 0.8244
343380 343430 1.0524
343430 343380 1.0524
343430 11092 4.0092
11092 343430 4.0092
11092 343492 2.2884
343492 11092 2.2884
343492 11093 3.9372
11093 343492 3.9372
11093 343541 3.2556
343541 11093 3.2556
343541 343352 0.7428
343352 343541 0.7428
343352 11094 0.8652
11094 343352 0.8652
11101 11102 19.3248
11102 11101 19.3248
11102 11103 8.6148
11103 11102 8.6148
11103 11104 12.042
11104 11103 12.042
11104 11056 16.47
11056 11104 16.47
343363 1548760 0.6132
1548760 343363 0.6132
1548760 1548862 0.492
1548862 1548760 0.492
1548862 1548848 0.5184
1548848 1548862 0.5184
1548848 1548788 0.5988
1548788 1548848 0.5988
1548788 1548779 0.6888
1548779 1548788 0.6888
1548779 343520 2.5632
343520 1548779 2.5632
343520 11105 0.9252
11105 343520 0.9252
11105 11106 1.5444
11106 11105 1.5444
11106 11107 4.2624
11107 11106 4.2624
11107 11108 4.0716
11108 11107 4.0716
11109 11110 4.6752
11110 11109 4.6752
11110 11078 5.382
11078 11110 5.382
11080 11111 5.9592
11111 11080 5.9592
11111 11108 3.7824
11108 11111 3.7824
329393 1619169 2.4329
1619169 329393 2.4329
1619169 1776689 11.1694
1776689 1619169 11.1694
1776689 11128 9.9605
11128 1776689 9.9605
11128 11112 2.0311
11112 11128 2.0311
11112 11113 3.5042
11113 11112 3.5042
11113 11114 2.5898
11114 11113 2.5898
11114 996833 0.2635
996833 11114 0.2635
996833 1725241 0.72
1725241 996833 0.72
1725241 11115 0.4471
11115 1725241 0.4471
11115 1725244 0.6761
1725244 11115 0.6761
1725244 11116 0.4536
11116 1725244 0.4536
11116 1725245 0.5011
1725245 11116 0.5011
1725245 11117 0.5184
11117 1725245 0.5184
11117 329332 9.1145
329332 11117 9.1145
329332 11118 0.6091
11118 329332 0.6091
11118 11119 0.6206
11119 11118 0.6206
11119 11120 0.7769
11120 11119 0.7769
11120 671306 4.0586
671306 11120 4.0586
671306 329375 7.2353
329375 671306 7.2353
329375 671307 0.6336
671307 329375 0.6336
671307 11121 0.8719
11121 671307 0.8719
11121 329420 0.6278
329420 11121 0.6278
329420 11122 0.7164
11122 329420 0.7164
11122 329355 0.7416
329355 11122 0.7416
329355 11123 0.9893
11123 329355 0.9893
11123 1773540 2.4127
1773540 11123 2.4127
11140 11141 16.4436
11141 11140 16.4436
11141 472802 1.6176
472802 11141 1.6176
472802 281734 1.9608
281734 472802 1.9608
281734 11178 6.2388
11178 281734 6.2388
11178 343525 3.5004
343525 11178 3.5004
343525 472812 5.1384
472812 343525 5.1384
472812 11179 9.1728
11179 472812 9.1728
11179 473143 3.2076
473143 11179 3.2076
473143 473144 5.2032
473144 473143 5.2032
473144 343351 1.0464
343351 473144 1.0464
343351 473145 0.8868
473145 343351 0.8868
473145 343431 2.616
343431 473145 2.616
343431 11180 3.3012
11180 343431 3.3012
11180 11181 1.1904
11181 11180 1.1904
11181 473148 1.074
473148 11181 1.074
473148 11182 1.8564
11182 473148 1.8564
11182 11183 10.0056
11183 11182 10.0056
11183 11184 7.6716
11184 11183 7.6716
11184 11185 3.324
11185 11184 3.324
11185 11189 12.8616
11189 11185 12.8616
11189 281695 1.59
281695 11189 1.59
281695 473347 0.6768
473347 281695 0.6768
473347 473357 2.2344
473357 473347 2.2344
473357 473362 1.8624
473362 473357 1.8624
473362 11188 1.4208
11188 473362 1.4208
11188 11186 23.19
11186 11188 23.19
11136 472112 0.7188
472112 11136 0.7188
472112 11137 7.5516
11137 472112 7.5516
11137 11138 5.3964
11138 11137 5.3964
11138 472801 0.834
472801 11138 0.834
472801 472800 0.9984
472800 472801 0.9984
472800 472798 6.324
472798 472800 6.324
472798 472797 3.8256
472797 472798 3.8256
472797 11139 0.786
11139 472797 0.786
11154 11194 2.6532
11194 11154 2.6532
11194 11166 7.8024
11166 11194 7.8024
11166 1548794 7.3908
1548794 11166 7.3908
1548794 11158 0.762
11158 1548794 0.762
11158 11155 4.1112
11155 11158 4.1112
11155 343479 1.1256
343479 11155 1.1256
343479 343461 3.8976
343461 343479 3.8976
343461 343502 0.9036
343502 343461 0.9036
343502 11150 0.9708
11150 343502 0.9708
11151 343336 0.5988
343336 11151 0.5988
343336 11152 0.8892
11152 343336 0.8892
11152 343536 0.93
343536 11152 0.93
343536 343441 2.9532
343441 343536 2.9532
343441 11177 2.9748
11177 343441 2.9748
11177 11190 8.2164
11190 11177 8.2164
11190 11173 3.024
11173 11190 3.024
11156 11161 16.0128
11161 11156 16.0128
11161 1657180 1.1808
1657180 11161 1.1808
1657180 11159 6.6336
11159 1657180 6.6336
11159 343349 5.9928
343349 11159 5.9928
343349 1657181 1.5264
1657181 343349 1.5264
1657181 1657178 6.0084
1657178 1657181 6.0084
1657178 11157 2.4804
11157 1657178 2.4804
11157 11158 5.0364
11158 11157 5.0364
11159 11160 12.1176
11160 11159 12.1176
11161 11162 8.3508
11162 11161 8.3508
11162 343408 0.6036
343408 11162 0.6036
343408 11163 1.2036
11163 343408 1.2036
11135 11140 12.7044
11140 11135 12.7044
11140 472386 1.7628
472386 11140 1.7628
11165 1657182 18.0648
1657182 11165 18.0648
1657182 1657183 12.6672
1657183 1657182 12.6672
1657183 11166 15.3468
11166 1657183 15.3468
11141 11142 9.7236
11142 11141 9.7236
11142 473520 0.7896
473520 11142 0.7896
473520 11170 5.3016
11170 473520 5.3016
11170 11169 8.2548
11169 11170 8.2548
11169 11168 7.0512
11168 11169 7.0512
11168 11167 8.9604
11167 11168 8.9604
11167 281764 6.7164
281764 11167 6.7164
281764 343436 2.0484
343436 281764 2.0484
343436 11163 2.394
11163 343436 2.394
11171 343334 3.1908
343334 11171 3.1908
343334 343388 1.704
343388 343334 1.704
343388 11176 4.4448
11176 343388 4.4448
11176 11172 6.5328
11172 11176 6.5328
11172 11175 4.7844
11175 11172 4.7844
11175 343529 4.4556
343529 11175 4.4556
343529 281856 13.758
281856 343529 13.758
11175 11174 11.5104
11174 11175 11.5104
11174 343428 8.2056
343428 11174 8.2056
343428 343460 1.8312
343460 343428 1.8312
343460 11173 1.7184
11173 343460 1.7184
11177 343463 4.1676
343463 11177 4.1676
343463 343358 7.9344
343358 343463 7.9344
343358 343386 2.5572
343386 343358 2.5572
343386 343437 3.7296
343437 343386 3.7296
343437 11176 4.6236
11176 343437 4.6236
11187 11188 8.5908
11188 11187 8.5908
11006 11189 2.9976
11189 11006 2.9976
11191 418492 0.9744
418492 11191 0.9744
418492 343376 2.7768
343376 418492 2.7768
343376 472383 5.736
472383 343376 5.736
472383 472384 3.5004
472384 472383 3.5004
472384 472385 0.9552
472385 472384 0.9552
472385 11134 1.1004
11134 472385 1.1004
11642 1236827 7.05
1236827 11642 7.05
1236827 11677 2.6436
11677 1236827 2.6436
11677 11643 7.044
11643 11677 7.044
11643 11644 16.5372
11644 11643 16.5372
11644 1375819 0.9528
1375819 11644 0.9528
1375819 11645 25.182
11645 1375819 25.182
11645 418669 12.0084
418669 11645 12.0084
2015313 452216 8.8704
452216 2015313 8.8704
452216 11667 17.2908
11667 452216 17.2908
11677 11678 21.1464
11678 11677 21.1464
2015315 11678 13.0644
11678 2015315 13.0644
189937 633701 0.4834
633701 189937 0.4834
633701 1593300 3.5085
1593300 633701 3.5085
1593300 446447 7.561
446447 1593300 7.561
446447 1143169 0.8645
1143169 446447 0.8645
1143169 1595484 2.0834
1595484 1143169 2.0834
1595484 1143173 0.2422
1143173 1595484 0.2422
1143173 1595488 1.1206
1595488 1143173 1.1206
1595488 1143175 1.1433
1143175 1595488 1.1433
1143175 939390 1.097
939390 1143175 1.097
939390 1143166 1.4647
1143166 939390 1.4647
1143166 9208 3.907
9208 1143166 3.907
9208 326802 1.9728
326802 9208 1.9728
326802 349045 3.7183
349045 326802 3.7183
349045 349044 0.2741
349044 349045 0.2741
349044 349043 0.4227
349043 349044 0.4227
349043 349042 0.3672
349042 349043 0.3672
349042 1595520 0.9777
1595520 349042 0.9777
1595520 349041 1.3186
349041 1595520 1.3186
349041 344147 2.6835
344147 349041 2.6835
344147 6401 0.9591
6401 344147 0.9591
2015321 12243 1.944
12243 2015321 1.944
12243 12244 19.3968
12244 12243 19.3968
12244 12214 29.484
12214 12244 29.484
12214 12215 10.2888
12215 12214 10.2888
12215 12216 22.5288
12216 12215 22.5288
12216 12217 34.1784
12217 12216 34.1784
12217 12218 30.492
12218 12217 30.492
12218 12219 16.344
12219 12218 16.344
12219 12220 13.644
12220 12219 13.644
12220 12221 10.5408
12221 12220 10.5408
12221 12222 11.8296
12222 12221 11.8296
12222 12223 8.6616
12223 12222 8.6616
12223 12224 46.4184
12224 12223 46.4184
12224 12225 12.6864
12225 12224 12.6864
12225 862486 4.824
862486 12225 4.824
862486 12226 7.2216
12226 862486 7.2216
12226 12227 11.9304
12227 12226 11.9304
12227 12228 38.232
12228 12227 38.232
12228 12229 37.9728
12229 12228 37.9728
12229 12230 19.656
12230 12229 19.656
12230 12231 30.3696
12231 12230 30.3696
12231 12232 13.6872
12232 12231 13.6872
12232 12233 36.2304
12233 12232 36.2304
12233 12234 44.2368
12234 12233 44.2368
12234 12235 8.604
12235 12234 8.604
12235 12236 8.5248
12236 12235 8.5248
12236 12237 22.9824
12237 12236 22.9824
12237 12238 16.6536
12238 12237 16.6536
12238 12239 15.3576
