46234
16064 16065 5.4348
16065 16064 5.4348
16065 16066 5.0784
16066 16065 5.0784
16066 16067 10.2096
16067 16066 10.2096
16067 16068 6.24
16068 16067 6.24
16068 16069 4.17
16069 16068 4.17
16069 16070 1.0044
16070 16069 1.0044
16070 16071 3.2832
16071 16070 3.2832
16071 4501 6.3408
4501 16071 6.3408
4501 2989 9.3204
2989 4501 9.3204
2989 2990 13.7436
2990 2989 13.7436
2990 98720 9.5964
98720 2990 9.5964
98720 2991 7.7184
2991 98720 7.7184
2991 4967 2.2812
4967 2991 2.2812
4785 40539 25.0116
40539 4785 25.0116
40539 29784 1.5828
29784 40539 1.5828
29784 40540 14.658
40540 29784 14.658
40540 17344 7.68
17344 40540 7.68
3089 210403 0.846
210403 3089 0.846
210403 210414 0.1649
210414 210403 0.1649
210414 45152 0.1562
45152 210414 0.1562
45152 210411 0.1678
210411 45152 0.1678
210411 5392 0.6484
5392 210411 0.6484
5382 822269 3.2692
822269 5382 3.2692
822269 822268 2.9855
822268 822269 2.9855
822268 65240 0.4968
65240 822268 0.4968
65240 1587301 0.445
1587301 65240 0.445
1587301 424745 1.89
424745 1587301 1.89
1249177 2015189 8.0388
2015189 1249177 8.0388
1249177 1249175 7.9848
1249175 1249177 7.9848
1249175 985174 22.1208
985174 1249175 22.1208
985174 57292 33.6456
57292 985174 33.6456
57292 88527 20.7408
88527 57292 20.7408
88527 1945890 30.4068
1945890 88527 30.4068
1945890 58670 6.0972
58670 1945890 6.0972
62440 2015191 0.0745
2015191 62440 0.0745
62440 62441 2.0088
62441 62440 2.0088
62441 363142 7.542
363142 62441 7.542
363142 3113 0.8485
3113 363142 0.8485
3113 1144527 0.3406
1144527 3113 0.3406
1144527 1295523 6.3644
1295523 1144527 6.3644
1295523 1295522 3.2036
1295522 1295523 3.2036
1295522 145034 3.209
145034 1295522 3.209
145034 144878 7.0859
144878 145034 7.0859
144878 1144116 0.1908
1144116 144878 0.1908
1144116 59081 4.896
59081 1144116 4.896
59081 144877 5.3006
144877 59081 5.3006
144877 1144117 4.0741
1144117 144877 4.0741
1144117 165281 0.4946
165281 1144117 0.4946
165281 65493 0.2513
65493 165281 0.2513
65493 352120 3.9776
352120 65493 3.9776
352120 687313 0.491
687313 352120 0.491
687313 687312 0.2819
687312 687313 0.2819
687312 3092 0.2527
3092 687312 0.2527
1295516 2015193 2.0293
2015193 1295516 2.0293
1295516 1295515 0.3143
1295515 1295516 0.3143
1295515 3115 0.3485
3115 1295515 0.3485
4967 1285743 3.2256
1285743 4967 3.2256
1285743 4502 20.2824
4502 1285743 20.2824
4502 4503 28.5192
4503 4502 28.5192
4503 4504 20.7936
4504 4503 20.7936
75445 1985825 2.2032
1985825 75445 2.2032
1985825 1985824 19.7568
1985824 1985825 19.7568
1985824 535720 2.3616
535720 1985824 2.3616
535720 98717 3.708
98717 535720 3.708
98717 535719 3.2616
535719 98717 3.2616
535719 1985827 2.3256
1985827 535719 2.3256
1985827 1985826 20.7
1985826 1985827 20.7
1985826 98718 15.7752
98718 1985826 15.7752
98718 4506 21.276
4506 98718 21.276
17343 379492 0.6636
379492 17343 0.6636
379492 1566341 13.4244
1566341 379492 13.4244
1566341 4506 25.2648
4506 1566341 25.2648
4506 4507 7.7208
4507 4506 7.7208
4507 98725 137.304
98725 4507 137.304
98725 4508 83.1744
4508 98725 83.1744
4508 2015209 41.2344
2015209 4508 41.2344
4522 2015211 5.6952
2015211 4522 5.6952
4522 2015213 27.9288
2015213 4522 27.9288
5390 435892 0.8976
435892 5390 0.8976
435892 435893 0.5268
435893 435892 0.5268
435893 435894 0.468
435894 435893 0.468
435894 399382 0.558
399382 435894 0.558
399382 41008 0.9564
41008 399382 0.9564
41008 1239996 24.7272
1239996 41008 24.7272
1239996 17346 23.8776
17346 1239996 23.8776
4775 40518 8.0328
40518 4775 8.0328
40518 40972 8.178
40972 40518 8.178
40972 4776 5.124
4776 40972 5.124
4776 4777 3.654
4777 4776 3.654
4777 4778 2.7516
4778 4777 2.7516
4778 40515 5.4672
40515 4778 5.4672
40515 4779 11.364
4779 40515 11.364
4779 925526 1.68
925526 4779 1.68
925526 925527 1.8024
925527 925526 1.8024
925527 4781 1.2168
4781 925527 1.2168
4781 40965 14.778
40965 4781 14.778
40965 1698016 6.336
1698016 40965 6.336
1698016 4782 10.1628
4782 1698016 10.1628
4782 4783 5.6292
4783 4782 5.6292
4783 371866 3.276
371866 4783 3.276
371866 925339 21.7908
925339 371866 21.7908
925339 4784 16.0236
4784 925339 16.0236
4836 1607252 126.6012
1607252 4836 126.6012
1607252 4837 3.4416
4837 1607252 3.4416
4850 2962 3.4619
2962 4850 3.4619
2962 352241 0.8901
352241 2962 0.8901
352241 352243 0.8239
352243 352241 0.8239
352243 352245 0.7583
352245 352243 0.7583
352245 352246 0.7745
352246 352245 0.7745
352246 352248 0.7659
352248 352246 0.7659
352248 4852 0.6502
4852 352248 0.6502
4852 352250 0.5846
352250 4852 0.5846
352250 4853 0.5468
4853 352250 0.5468
4853 352251 0.6759
352251 4853 0.6759
352251 352249 0.6287
352249 352251 0.6287
352249 4854 0.6498
4854 352249 0.6498
4854 352247 0.6449
352247 4854 0.6449
352247 4855 0.6129
4855 352247 0.6129
4855 352244 0.733
352244 4855 0.733
352244 352242 0.6687
352242 352244 0.6687
352242 352240 0.6809
352240 352242 0.6809
352240 352239 0.6039
352239 352240 0.6039
352239 4856 0.6291
4856 352239 0.6291
5219 680215 1.0248
680215 5219 1.0248
680215 864064 4.4532
864064 680215 4.4532
864064 864066 2.8548
864066 864064 2.8548
864066 967485 7.7208
967485 864066 7.7208
967485 966563 4.2348
966563 967485 4.2348
966563 165283 1.2552
165283 966563 1.2552
165283 1841338 0.8844
1841338 165283 0.8844
1841338 44536 0.4704
44536 1841338 0.4704
44536 892881 1.1904
892881 44536 1.1904
892881 899163 4.1256
899163 892881 4.1256
899163 966559 1.4508
966559 899163 1.4508
966559 499471 7.7616
499471 966559 7.7616
5383 822304 0.4111
822304 5383 0.4111
822304 822305 0.3046
822305 822304 0.3046
822305 5384 0.283
5384 822305 0.283
5384 5385 3.8477
5385 5384 3.8477
5385 822303 0.1256
822303 5385 0.1256
822303 5386 0.6804
5386 822303 0.6804
5386 822306 0.9551
822306 5386 0.9551
822306 822307 1.0721
822307 822306 1.0721
822307 985463 1.9084
985463 822307 1.9084
985463 32766 0.1638
32766 985463 0.1638
32766 5387 1.4195
5387 32766 1.4195
5387 36930 5.4842
36930 5387 5.4842
36930 36931 0.8204
36931 36930 0.8204
36931 118532 3.3361
118532 36931 3.3361
5399 5408 0.8636
5408 1120610 0.5915
1120610 1120608 0.5497
1120608 5400 0.4446
5400 359822 0.6134
359822 3081 0.5918
28261 1120606 0.3607
1120606 28261 0.3607
1120606 5401 0.4828
5401 1120606 0.4828
5401 1120617 0.499
1120617 5401 0.499
1120617 5399 0.6383
5399 1120617 0.6383
28262 5402 0.337
5402 1120609 0.2376
1120609 5403 0.256
5403 5404 0.2876
5404 5405 0.238
5405 1120613 0.2686
1120613 5406 0.261
5406 1120620 0.3078
1120620 5407 0.5159
17372 38773 4.0378
38773 17372 4.0378
38773 36919 6.133
36919 38773 6.133
36919 17373 5.202
17373 36919 5.202
17373 17374 3.294
17374 17373 3.294
17374 1120616 1.337
1120616 17374 1.337
1120616 17375 1.3486
17375 1120616 1.3486
17375 17376 2.9419
17376 17375 2.9419
17376 925754 2.4581
925754 17376 2.4581
925754 17377 2.7274
17377 925754 2.7274
17377 38425 4.217
38425 17377 4.217
38425 5409 0.8294
5409 38425 0.8294
5409 5410 8.573
5410 5409 8.573
5410 3082 8.4449
3082 5410 8.4449
3082 36911 15.6434
36911 3082 15.6434
36911 36905 9.1814
36905 36911 9.1814
2015223 36905 4.8766
36905 2015223 4.8766
5410 5411 26.3268
5411 5410 26.3268
5411 5412 3.2052
5412 5411 3.2052
5412 7445 5.832
7445 5412 5.832
5392 1431922 0.3337
1431922 1431921 0.1771
1431921 1431920 0.1436
1431920 3084 0.1649
4967 2984 0.9696
2984 4967 0.9696
2984 1285742 7.1568
1285742 2984 7.1568
1285742 4968 3.576
4968 1285742 3.576
4968 2985 7.1364
2985 4968 7.1364
2985 2986 6.5508
2986 2985 6.5508
2986 4969 2.0844
4969 2986 2.0844
4969 2987 2.6844
2987 4969 2.6844
2987 2988 2.6916
2988 2987 2.6916
2988 2966 11.862
2966 2988 11.862
411558 419381 0.5004
419381 411558 0.5004
419381 7442 1.2945
7442 419381 1.2945
7442 1295776 7.5255
1295776 7442 7.5255
1295776 7441 7.3862
7441 1295776 7.3862
451970 8973 5.94
8973 451970 5.94
8973 1002752 2.1498
1002752 8973 2.1498
1002752 208633 2.0334
208633 1002752 2.0334
208633 8974 1.875
8974 208633 1.875
8974 8975 1.1088
8975 8974 1.1088
8975 898260 4.9356
898260 8975 4.9356
898260 1002727 1.1856
1002727 898260 1.1856
1002727 8976 1.6182
8976 1002727 1.6182
8976 1002726 1.5792
1002726 8976 1.5792
1002726 1002729 1.5984
1002729 1002726 1.5984
1002729 8977 2.2926
8977 1002729 2.2926
8977 1002732 2.2596
1002732 8977 2.2596
1002732 1002295 0.4362
1002295 1002732 0.4362
1002295 1002294 1.6416
1002294 1002295 1.6416
1002294 1002293 1.8282
1002293 1002294 1.8282
1002293 8978 1.2774
8978 1002293 1.2774
8978 8979 1.4442
8979 8978 1.4442
8979 19676 3.0918
19676 8979 3.0918
19676 8980 11.1402
8980 19676 11.1402
8980 836620 1.4304
836620 8980 1.4304
836620 8981 0.681
8981 836620 0.681
8981 898250 0.8718
898250 8981 0.8718
898250 8982 0.8724
8982 898250 0.8724
8982 1002279 5.073
1002279 8982 5.073
1002279 8983 0.5568
8983 1002279 0.5568
8983 8984 0.4212
8984 8983 0.4212
8984 898269 0.4722
898269 8984 0.4722
898269 8985 0.639
8985 898269 0.639
8985 1002261 4.0368
1002261 8985 4.0368
1002261 695307 2.388
695307 1002261 2.388
19646 347089 1.2474
347089 19646 1.2474
347089 1312759 0.8118
1312759 347089 0.8118
1312759 985096 0.663
985096 1312759 0.663
985096 19647 1.773
19647 985096 1.773
19647 985122 1.3248
985122 19647 1.3248
985122 19648 0.9084
19648 985122 0.9084
19648 985095 1.1676
985095 19648 1.1676
985095 347086 0.9804
347086 985095 0.9804
347086 19649 1.311
19649 347086 1.311
19649 347094 12.2688
347094 19649 12.2688
347094 1312757 1.4988
1312757 347094 1.4988
1312757 19650 0.6642
19650 1312757 0.6642
418666 418870 15.0228
418870 418666 15.0228
418870 10507 5.0904
10507 418870 5.0904
10507 10509 1.6344
10509 10507 1.6344
10506 418873 10.3374
418873 10506 10.3374
418873 418872 6.7572
418872 418873 6.7572
418872 10507 11.7378
10507 418872 11.7378
418848 1482229 0.6192
1482229 418848 0.6192
1482229 418847 1.6452
418847 1482229 1.6452
418847 418846 7.3044
418846 418847 7.3044
418846 418849 13.5216
418849 418846 13.5216
418849 418850 3.8592
418850 418849 3.8592
418800 10519 13.5072
10519 10517 10.9656
10517 10518 12.0024
10518 418794 16.488
10609 10610 2.6496
10610 10609 2.6496
10610 10611 3.252
10611 10610 3.252
10611 10612 5.2332
10612 10611 5.2332
10612 1681007 1.8408
1681007 10612 1.8408
1681007 10613 1.8408
10613 1681007 1.8408
10613 11649 2.4036
11649 10613 2.4036
11649 418789 0.6756
418789 11649 0.6756
418789 418790 0.5112
418790 418789 0.5112
418790 418791 0.99
418791 418790 0.99
10618 10619 3.2928
10619 10618 3.2928
10619 10620 1.5348
10620 10619 1.5348
10620 10621 1.362
10621 10620 1.362
10621 10622 1.4976
10622 10621 1.4976
10622 10623 8.8056
10623 10622 8.8056
10623 10624 0.7908
10624 10623 0.7908
10624 10625 5.3244
10625 10624 5.3244
10625 10626 2.0868
10626 10625 2.0868
10626 10627 2.3772
10627 10626 2.3772
10627 10628 6.0216
10628 10627 6.0216
10628 10629 2.598
10629 10628 2.598
10631 10632 37.674
10632 10631 37.674
10632 10633 38.43
10633 10632 38.43
10633 451757 7.074
451757 10633 7.074
451757 451761 4.3596
451761 451757 4.3596
451761 451764 2.43
451764 451761 2.43
451764 451769 2.178
451769 451764 2.178
451769 451772 2.2356
451772 451769 2.2356
451772 451777 4.3668
451777 451772 4.3668
451777 451778 1.278
451778 451777 1.278
451778 451779 1.1376
451779 451778 1.1376
451779 451781 1.6992
451781 451779 1.6992
10635 10636 5.1144
10636 10635 5.1144
10636 10637 6.4524
10637 10636 6.4524
10637 10638 3.8856
10638 10637 3.8856
10638 10639 1.8996
10639 10638 1.8996
10639 10640 1.5492
10640 10639 1.5492
10640 10641 1.368
10641 10640 1.368
10641 10642 9.6288
10642 10641 9.6288
10617 10651 2.1072
10651 10617 2.1072
10651 10652 4.014
10652 10651 4.014
10652 10653 3.3984
10653 10652 3.3984
10653 10609 12.2724
10609 10653 12.2724
10609 10643 3.2988
10643 10609 3.2988
10643 10644 2.9316
10644 10643 2.9316
10644 10645 1.2732
10645 10644 1.2732
10645 10646 4.326
10646 10645 4.326
10646 10647 3.2016
10647 10646 3.2016
10647 10648 5.6304
10648 10647 5.6304
10648 10635 0.8268
10635 10648 0.8268
10649 10654 29.5956
10654 10649 29.5956
10654 10650 76.4712
10650 10654 76.4712
10654 451704 11.8044
451704 10654 11.8044
451704 10659 9.9072
10659 451704 9.9072
10659 10669 9.2808
10669 10659 9.2808
451627 451625 24.588
451625 451627 24.588
451625 10655 1.7208
10655 451625 1.7208
10655 451623 21.1248
451623 10655 21.1248
451623 10657 1.062
10657 451623 1.062
10657 451622 3.5316
451622 10657 3.5316
451622 451621 4.6584
451621 451622 4.6584
451621 10667 3.762
10667 451621 3.762
10655 10656 34.7148
10656 10655 34.7148
10657 10658 43.7436
10658 10657 43.7436
10658 451693 50.85
451693 10658 50.85
451693 10659 5.13
10659 451693 5.13
451614 451613 4.6944
451613 451614 4.6944
451613 451612 6.912
451612 451613 6.912
451612 451601 101.3976
451601 451612 101.3976
451601 451599 8.748
451599 451601 8.748
451599 451597 5.0976
451597 451599 5.0976
451597 451598 4.2984
451598 451597 4.2984
451598 451600 3.6072
451600 451598 3.6072
451600 451602 3.7152
451602 451600 3.7152
451602 451603 3.6288
451603 451602 3.6288
451603 451606 16.2288
451606 451603 16.2288
451606 451607 5.0832
451607 451606 5.0832
451607 451608 4.9824
451608 451607 4.9824
451608 451610 5.0976
451610 451608 5.0976
451610 451615 17.6832
451615 451610 17.6832
451615 451618 11.3976
451618 451615 11.3976
451618 10660 6.3792
10660 451618 6.3792
10660 10667 10.4688
10667 10660 10.4688
10667 10661 8.0784
10661 10667 8.0784
10661 10662 73.1232
10662 10661 73.1232
10662 10663 11.4696
10663 10662 11.4696
10663 451651 22.9032
451651 10663 22.9032
451651 10664 20.1816
10664 451651 20.1816
10664 10665 16.6608
10665 10664 16.6608
10665 10666 18.9216
10666 10665 18.9216
10666 10668 10.332
10668 10666 10.332
418664 418665 10.0008
418665 418664 10.0008
418665 11506 14.0976
11506 418665 14.0976
11506 11502 30.1248
11502 11506 30.1248
11502 898234 13.6512
898234 11502 13.6512
898234 1711791 446.6952
1711791 898234 446.6952
1711791 11505 49.4208
11505 1711791 49.4208
11505 11551 117.756
11551 11505 117.756
11551 1917047 168.8688
1917047 11551 168.8688
2015303 1917047 10.3536
1917047 2015303 10.3536
969784 1917026 9.2664
1917026 969784 9.2664
1917026 1917049 9.936
1917049 1917026 9.936
1917049 1917014 5.5008
1917014 1917049 5.5008
1917014 1917022 7.6392
1917022 1917014 7.6392
1917022 1917035 26.3376
1917035 1917022 26.3376
1917035 11504 125.9064
11504 1917035 125.9064
11504 1917015 135.5832
1917015 11504 135.5832
1917015 1917031 21.4272
1917031 1917015 21.4272
1917031 1917017 10.4328
1917017 1917031 10.4328
1917017 11505 7.2216
11505 1917017 7.2216
11502 11539 16.5384
11539 11502 16.5384
11539 11540 23.6592
11540 11539 23.6592
11540 11541 30.888
11541 11540 30.888
11541 11542 46.7424
11542 11541 46.7424
11542 11543 66.7152
11543 11542 66.7152
11543 11544 15.0984
11544 11543 15.0984
11544 11545 25.632
11545 11544 25.632
11545 11546 36.4752
11546 11545 36.4752
11546 11547 109.0368
11547 11546 109.0368
11547 11548 35.9064
11548 11547 35.9064
11548 11549 28.4904
11549 11548 28.4904
11549 11550 48.6648
11550 11549 48.6648
11550 1025253 31.7952
1025253 11550 31.7952
1025253 11530 70.0848
11530 1025253 70.0848
11530 11531 16.6392
11531 11530 16.6392
11531 11532 14.5656
11532 11531 14.5656
11532 11533 14.1696
11533 11532 14.1696
11533 11534 19.5624
11534 11533 19.5624
11534 1041171 8.6472
1041171 11534 8.6472
1041171 11535 18.3096
11535 1041171 18.3096
11535 11536 16.8336
11536 11535 16.8336
11536 11503 8.028
11503 11536 8.028
11503 969784 19.3824
969784 11503 19.3824
969784 11537 11.8872
11537 969784 11.8872
11537 11538 27.6192
11538 11537 27.6192
11538 969782 62.532
969782 11538 62.532
969782 32599 75.8808
32599 969782 75.8808
11551 969782 362.0448
969782 11551 362.0448
2015305 32599 7.524
32599 2015305 7.524
32599 11507 17.748
11507 32599 17.748
11507 11508 22.9752
11508 11507 22.9752
11508 1917028 20.4696
1917028 11508 20.4696
2015307 1917028 1.3392
1917028 2015307 1.3392
2015309 11510 7.0056
11510 2015309 7.0056
11510 1917021 11.2896
1917021 11510 11.2896
1917021 1917032 28.6704
1917032 1917021 28.6704
1917032 1917007 37.2168
1917007 1917032 37.2168
1917007 11511 8.4672
11511 1917007 8.4672
11511 11512 5.6664
11512 11511 5.6664
11512 11513 7.38
11513 11512 7.38
11513 1917010 24.8112
1917010 11513 24.8112
1917010 1917034 5.8896
1917034 1917010 5.8896
1917034 1917013 12.9528
1917013 1917034 12.9528
2015311 1917013 1.62
1917013 2015311 1.62
11590 11580 16.5276
11580 11590 16.5276
11580 11607 10.1484
11607 11580 10.1484
11607 11581 7.0848
11581 11607 7.0848
11581 11582 7.074
11582 11581 7.074
11582 11583 9.8028
11583 11582 9.8028
11583 11603 26.6652
11603 11583 26.6652
11603 11584 23.3964
11584 11603 23.3964
11584 11585 8.8452
11585 11584 8.8452
11585 11586 6.0768
11586 11585 6.0768
418661 11592 5.544
11592 418661 5.544
11592 11593 12.8304
11593 11592 12.8304
11593 11594 30.4056
11594 11593 30.4056
11594 11595 42.552
11595 11594 42.552
11595 11596 10.638
11596 11595 10.638
11596 11601 15.1452
11601 11596 15.1452
11601 11604 24.2172
11604 11601 24.2172
11604 11608 24.7068
11608 11604 24.7068
11608 11597 25.8588
11597 11608 25.8588
11597 11598 3.2328
11598 11597 3.2328
11598 11587 5.2056
11587 11598 5.2056
11587 11588 40.0176
11588 11587 40.0176
11588 11589 38.2284
11589 11588 38.2284
11589 11590 30.9384
11590 11589 30.9384
11590 1608163 12.6108
1608163 11590 12.6108
1608163 836612 9.9324
836612 1608163 9.9324
836612 11591 4.5864
11591 836612 4.5864
11591 398641 6.624
398641 11591 6.624
398641 398642 10.278
398642 398641 10.278
398642 398638 4.5972
398638 398642 4.5972
398638 398643 4.6008
398643 398638 4.6008
398643 398644 7.2684
398644 398643 7.2684
398644 398645 8.2584
398645 398644 8.2584
398645 398646 2.8584
398646 398645 2.8584
11595 11600 11.844
11600 11595 11.844
11600 11599 59.3424
11599 11600 59.3424
11599 11584 60.3252
11584 11599 60.3252
11601 11602 66.7836
11602 11601 66.7836
11602 11603 52.6932
11603 11602 52.6932
11604 11605 53.7228
11605 11604 53.7228
11605 11583 61.6572
11583 11605 61.6572
11608 11606 49.8096
11606 11608 49.8096
11606 11607 63.6336
11607 11606 63.6336
418664 898236 2.0311
898236 418664 2.0311
898236 11612 1.5847
11612 898236 1.5847
11612 11613 4.0414
11613 11612 4.0414
11613 898235 1.4436
898235 11613 1.4436
898235 11614 2.3868
11614 898235 2.3868
11614 11615 1.3507
11615 11614 1.3507
11615 11616 1.2658
11616 11615 1.2658
11616 922411 0.257
922411 11616 0.257
11650 11657 12.8376
11657 11650 12.8376
11657 11676 15.8796
11676 11657 15.8796
11676 11654 7.8588
11654 11676 7.8588
11654 11674 16.4268
11674 11654 16.4268
11674 11655 7.848
11655 11674 7.848
11655 11671 16.3008
11671 11655 16.3008
11671 451746 2.5092
451746 11671 2.5092
451746 452149 5.0976
452149 451746 5.0976
452149 11651 1.9008
11651 452149 1.9008
11651 451738 2.1888
451738 11651 2.1888
451738 11652 11.2248
11652 451738 11.2248
11654 11653 126.4932
11653 11654 126.4932
11653 451731 4.3236
451731 11653 4.3236
451731 451729 2.4408
451729 451731 2.4408
451729 451726 2.1132
451726 451729 2.1132
451726 451723 6.1956
451723 451726 6.1956
451723 451719 3.1356
451719 451723 3.1356
451719 451712 12.8376
451712 451719 12.8376
11655 451730 87.8076
451730 11655 87.8076
451730 451720 10.3824
451720 451730 10.3824
451720 451715 7.668
451715 451720 7.668
451715 451707 17.4672
451707 451715 17.4672
451707 451706 2.5668
451706 451707 2.5668
451706 451700 4.6188
451700 451706 4.6188
451700 451696 4.7412
451696 451700 4.7412
451696 451694 4.2696
451694 451696 4.2696
451694 451685 9.4356
451685 451694 9.4356
451685 451671 14.1336
451671 451685 14.1336
451671 451667 6.7968
451667 451671 6.7968
451667 451663 8.2368
451663 451667 8.2368
451663 451659 15.9192
451659 451663 15.9192
452149 452147 32.4828
452147 452149 32.4828
452147 452146 17.748
452146 452147 17.748
452146 452144 13.7628
452144 452146 13.7628
452144 452141 22.0896
452141 452144 22.0896
452141 452139 14.4792
452139 452141 14.4792
452139 11656 11.6892
11656 452139 11.6892
11656 451675 1.4724
451675 11656 1.4724
451675 451677 2.16
451677 451675 2.16
451677 451678 3.6936
451678 451677 3.6936
451678 452138 6.0732
452138 451678 6.0732
452138 451682 1.6848
451682 452138 1.6848
451682 451687 1.9764
451687 451682 1.9764
451687 451688 1.962
451688 451687 1.962
451688 451691 2.3292
451691 451688 2.3292
451691 451697 6.3864
451697 451691 6.3864
451697 451706 3.1824
451706 451697 3.1824
451706 451710 4.9212
451710 451706 4.9212
451710 451714 3.7044
451714 451710 3.7044
451714 451717 5.472
451717 451714 5.472
451717 451727 8.1828
451727 451717 8.1828
451727 451731 1.9944
451731 451727 1.9944
451731 451732 4.4784
451732 451731 4.4784
451732 451737 12.6504
451737 451732 12.6504
451737 451739 2.1744
451739 451737 2.1744
451739 451741 2.1384
451741 451739 2.1384
451741 451744 1.7208
451744 451741 1.7208
451744 451745 1.5048
451745 451744 1.5048
451745 451747 1.3752
451747 451745 1.3752
451747 451748 1.458
451748 451747 1.458
11657 451784 26.9064
451784 11657 26.9064
451784 451783 14.4576
451783 451784 14.4576
451783 451748 85.9932
451748 451783 85.9932
451801 451798 6.948
451798 451801 6.948
451798 11668 7.542
11668 451798 7.542
11668 11665 10.9296
11665 11668 10.9296
11665 452184 2.7504
452184 11665 2.7504
452184 452182 6.9444
452182 452184 6.9444
452182 452180 5.6736
452180 452182 5.6736
11665 11666 17.6292
11666 11665 17.6292
11666 2015313 3.1212
2015313 11666 3.1212
8967 11670 15.3756
11670 8967 15.3756
11670 11673 23.9544
11673 11670 23.9544
11673 11675 24.4368
11675 11673 24.4368
11669 451782 62.3808
451782 11669 62.3808
451782 11670 7.6104
11670 451782 7.6104
11670 451780 2.5632
451780 11670 2.5632
451780 11671 72.4968
11671 451780 72.4968
11672 11673 74.9016
11673 11672 74.9016
11673 11674 75.3444
11674 11673 75.3444
11679 2015315 0.2304
2015315 11679 0.2304
12360 12312 1.3524
12312 12360 1.3524
12312 12313 5.3784
12313 12312 5.3784
12313 12314 1.5996
12314 12313 1.5996
12314 70047 0.9324
70047 12314 0.9324
70047 418659 0.9276
418659 70047 0.9276
2015323 12360 4.5
12360 2015323 4.5
16072 16073 7.3092
16073 16072 7.3092
16073 16074 6.18
16074 16073 6.18
16074 16075 22.8252
16075 16074 22.8252
16075 4968 11.2836
4968 16075 11.2836
16065 16076 21.378
16076 16065 21.378
16076 16077 3.1392
16077 16076 3.1392
16077 16078 1.0116
16078 16077 1.0116
16078 16079 2.6088
16079 16078 2.6088
16079 185219 27.5328
185219 16079 27.5328
185219 2985 5.0688
2985 185219 5.0688
16077 16080 6.0372
16080 16077 6.0372
16080 16081 5.3928
16081 16080 5.3928
16081 16082 4.3344
16082 16081 4.3344
16082 16083 5.0904
16083 16082 5.0904
16083 16073 3.8952
16073 16083 3.8952
16078 16084 32.8536
16084 16078 32.8536
16084 535736 9.9144
535736 16084 9.9144
535736 16085 41.3856
16085 535736 41.3856
2985 16086 10.1016
16086 2985 10.1016
16086 16087 9.7308
16087 16086 9.7308
16087 16088 6.5232
16088 16087 6.5232
16088 16089 7.9956
16089 16088 7.9956
4970 352213 1.5288
352213 4970 1.5288
352213 16090 8.4636
16090 352213 8.4636
16090 16091 0.708
16091 16090 0.708
16091 16092 6.8088
16092 16091 6.8088
16092 16093 1.0548
16093 16092 1.0548
16093 352193 2.1504
352193 16093 2.1504
352193 16094 0.8796
16094 352193 0.8796
16094 16095 3.1212
16095 16094 3.1212
16095 68296 8.2788
68296 16095 8.2788
68296 16085 1.92
16085 68296 1.92
16085 16096 7.512
16096 16085 7.512
16096 16097 6.3972
16097 16096 6.3972
16097 16098 4.734
16098 16097 4.734
16098 16099 5.7288
16099 16098 5.7288
16099 16100 10.2504
16100 16099 10.2504
16100 4969 4.008
4969 16100 4.008
16097 2965 62.964
2965 16097 62.964
4504 17351 40.9392
17351 4504 40.9392
17351 156569 38.232
156569 17351 38.232
156569 156568 38.304
156568 156569 38.304
156568 17291 25.8048
17291 156568 25.8048
17291 1566332 15.3936
1566332 17291 15.3936
1566332 17292 8.7336
17292 1566332 8.7336
17292 1566331 15.5304
1566331 17292 15.5304
1566331 156570 18.1368
156570 1566331 18.1368
156570 17293 56.1384
17293 156570 56.1384
17293 17294 26.3736
17294 17293 26.3736
17294 17295 125.3808
17295 17294 125.3808
17295 17296 22.0896
17296 17295 22.0896
17296 17297 16.5816
17297 17296 16.5816
17297 17298 40.6728
17298 17297 40.6728
17298 535725 15.5304
535725 17298 15.5304
535725 17299 61.668
17299 535725 61.668
17299 17300 36.4176
17300 17299 36.4176
17300 17301 27.9936
17301 17300 27.9936
17301 17302 8.676
17302 17301 8.676
17302 17303 18.6624
17303 17302 18.6624
17303 17304 61.092
17304 17303 61.092
17304 535726 6.3864
535726 17304 6.3864
535726 17305 43.0272
17305 535726 43.0272
17305 535727 9.684
535727 17305 9.684
535727 17306 15.0552
17306 535727 15.0552
17306 17307 14.0904
17307 17306 14.0904
17307 17308 12.6864
17308 17307 12.6864
17308 17309 427.2048
17309 17308 427.2048
17309 17310 22.0752
17310 17309 22.0752
17313 17316 20.9088
17316 17313 20.9088
17323 17325 59.0976
17325 17323 59.0976
17322 17326 89.568
17326 17322 89.568
17321 17327 152.532
17327 17321 152.532
17327 535715 8.0208
535715 17327 8.0208
535715 535716 13.5108
535716 535715 13.5108
535716 535718 5.544
535718 535716 5.544
535718 535721 15.2316
535721 535718 15.2316
535721 17349 10.4616
17349 535721 10.4616
17349 17350 25.4772
17350 17349 25.4772
17350 535722 7.4592
535722 17350 7.4592
535722 535723 7.4772
535723 535722 7.4772
535723 535724 4.4856
535724 535723 4.4856
17320 17328 158.166
17328 17320 158.166
17328 535717 3.816
535717 17328 3.816
535717 535716 2.7828
535716 535717 2.7828
535710 17329 0.715
17329 535710 0.715
17329 17330 3.3178
17330 17329 3.3178
17330 17331 3.2314
17331 17330 3.2314
17331 17332 10.2514
17332 17331 10.2514
17325 17333 14.0184
17333 17325 14.0184
17333 535710 3.78
535710 17333 3.78
1295876 1295877 1.6726
1295877 1295876 1.6726
1295877 17334 0.3773
17334 1295877 0.3773
17334 17332 4.6678
17332 17334 4.6678
17332 17335 2.4703
17335 17332 2.4703
17335 1295873 1.2859
1295873 17335 1.2859
1295873 17336 3.9276
17336 1295873 3.9276
17336 17337 3.793
17337 17336 3.793
17335 17338 5.8212
17338 17335 5.8212
17340 88549 6.2712
88549 17340 6.2712
88549 17341 4.373
17341 88549 4.373
17341 1632888 3.4195
1632888 17341 3.4195
1632888 985183 6.3951
985183 1632888 6.3951
985183 17342 1.6874
17342 985183 1.6874
17342 88548 1.6077
88548 17342 1.6077
88548 99101 6.4311
99101 88548 6.4311
99101 17343 10.1685
17343 99101 10.1685
17344 40541 14.0604
40541 17344 14.0604
40541 36913 16.6296
36913 40541 16.6296
36913 28821 14.742
28821 36913 14.742
28821 36914 15.8544
36914 28821 15.8544
36914 17345 10.0128
17345 36914 10.0128
17346 28711 29.9868
28711 17346 29.9868
28711 40519 9.138
40519 28711 9.138
40519 40521 8.2488
40521 40519 8.2488
40521 17347 4.2732
17347 40521 4.2732
17347 17348 11.1276
17348 17347 11.1276
17348 40524 14.3352
40524 17348 14.3352
40524 40522 10.9284
40522 40524 10.9284
40522 17345 12.8316
17345 40522 12.8316
5395 1010454 0.9336
1010454 5395 0.9336
1010454 28738 1.8804
28738 1010454 1.8804
28738 822278 1.8348
822278 28738 1.8348
822278 28739 1.6212
28739 822278 1.6212
28739 28740 2.9736
28740 28739 2.9736
28740 638437 2.0652
638437 28740 2.0652
638437 399383 0.7356
399383 638437 0.7356
399383 28741 1.8972
28741 399383 1.8972
28741 872499 3.8952
872499 28741 3.8952
872499 638435 2.6076
638435 872499 2.6076
638435 28742 2.814
28742 638435 2.814
28742 28743 2.1864
28743 28742 2.1864
28743 399384 2.2896
399384 28743 2.2896
399384 28744 1.5552
28744 399384 1.5552
28744 28745 1.4556
28745 28744 1.4556
28745 399845 0.6468
399845 28745 0.6468
399845 28746 1.0356
28746 399845 1.0356
28746 28747 3.6756
28747 28746 3.6756
28747 28748 3.1128
28748 28747 3.1128
28748 28749 5.136
28749 28748 5.136
28749 399441 2.5848
399441 28749 2.5848
399441 28750 1.8828
28750 399441 1.8828
28750 28751 2.0112
28751 28750 2.0112
28751 28752 3.012
28752 28751 3.012
28752 28753 2.8428
28753 28752 2.8428
28753 28754 4.1496
28754 28753 4.1496
28754 28755 1.9104
28755 28754 1.9104
28755 28756 2.5416
28756 28755 2.5416
28756 28757 2.8044
28757 28756 2.8044
28757 28758 1.8672
28758 28757 1.8672
28758 28759 2.244
28759 28758 2.244
28759 28760 2.0604
28760 28759 2.0604
28760 399429 1.5468
399429 28760 1.5468
399429 28761 1.0788
28761 399429 1.0788
28761 399430 1.368
399430 28761 1.368
399430 28762 2.5296
28762 399430 2.5296
28762 40981 3.9732
40981 28762 3.9732
40981 399386 11.6736
399386 40981 11.6736
17319 17349 172.4796
17349 17319 172.4796
17317 985280 1.5221
985280 17317 1.5221
985280 17318 0.9655
17318 985280 0.9655
17318 985278 1.0843
985278 17318 1.0843
985278 17319 3.1133
17319 985278 3.1133
17319 17320 4.5914
17320 17319 4.5914
17320 17321 5.2805
17321 17320 5.2805
17321 17322 4.4201
17322 17321 4.4201
17322 17323 4.6325
17323 17322 4.6325
17323 17324 2.9203
17324 17323 2.9203
17317 1566335 63.378
1566335 17317 63.378
1566335 1735594 65.5776
1735594 1566335 65.5776
1735594 17350 52.8804
17350 1735594 52.8804
4865 17352 1.8209
17352 4865 1.8209
17352 99091 8.4917
99091 17352 8.4917
99091 17308 9.7394
17308 99091 9.7394
17352 17353 1.9068
17353 17352 1.9068
17353 17354 4.9776
17354 17353 4.9776
17354 17355 5.8272
17355 17354 5.8272
17355 17356 3.5196
17356 17355 3.5196
17356 17357 6.4992
17357 17356 6.4992
17356 17362 1.7172
17362 17356 1.7172
17362 17359 8.1204
17359 17362 8.1204
17359 535733 3.5928
535733 17359 3.5928
535733 17360 4.0584
17360 535733 4.0584
17360 17361 4.056
17361 17360 4.056
17361 535734 2.1684
535734 17361 2.1684
535734 535735 5.5884
535735 535734 5.5884
17362 17363 20.3904
17363 17362 20.3904
17359 17364 16.6488
17364 17359 16.6488
17360 17365 15.7068
17365 17360 15.7068
17316 17314 23.832
17314 17316 23.832
17314 17315 9.1512
17315 17314 9.1512
201111 201061 0.3049
201061 201111 0.3049
201061 17366 0.2581
17366 201061 0.2581
17366 673351 4.4114
673351 17366 4.4114
673351 38428 0.8068
38428 673351 0.8068
38428 352192 2.5942
352192 38428 2.5942
352192 17367 2.6633
17367 352192 2.6633
17367 1739927 0.2092
1739927 17367 0.2092
1739927 1739916 3.5546
1739916 1739927 3.5546
1739916 17368 1.5379
17368 1739916 1.5379
17368 17369 5.0742
17369 17368 5.0742
17369 17370 0.896
17370 17369 0.896
17370 352177 0.2304
352177 17370 0.2304
352177 38429 0.7585
38429 352177 0.7585
8988 8990 5.3446
8990 8988 5.3446
8990 1002138 1.2884
1002138 8990 1.2884
1002138 8991 0.7049
8991 1002138 0.7049
8991 931391 0.4669
931391 8991 0.4669
931391 8992 0.7582
8992 931391 0.7582
8992 8993 1.0278
8993 8992 1.0278
8993 8994 1.7694
8994 8993 1.7694
8994 8995 0.6595
8995 8994 0.6595
8995 1002142 0.5116
1002142 8995 0.5116
1002142 8996 0.5461
8996 1002142 0.5461
8996 1279424 5.9875
1279424 8996 5.9875
1279424 1002111 0.94
1002111 1279424 0.94
1002111 8997 8.6922
8997 1002111 8.6922
8997 138199 0.9122
138199 8997 0.9122
138199 8998 0.724
8998 138199 0.724
8998 1002246 1.3421
1002246 8998 1.3421
1002246 1002241 1.5149
1002241 1002246 1.5149
1002241 138198 4.2091
138198 1002241 4.2091
138198 1002249 1.2485
1002249 138198 1.2485
1002249 1002247 1.1711
1002247 1002249 1.1711
1002247 8999 8.5853
8999 1002247 8.5853
8999 1565743 0.7985
1565743 8999 0.7985
1565743 1002248 0.1969
1002248 1565743 0.1969
1002248 1002250 0.9763
1002250 1002248 0.9763
1002250 9000 1.1473
9000 1002250 1.1473
9000 1565750 0.851
1565750 9000 0.851
1565750 910929 1.3363
910929 1565750 1.3363
910929 9001 1.5228
9001 910929 1.5228
9001 9002 1.7834
9002 9001 1.7834
9002 1688958 2.4862
1688958 9002 2.4862
1688958 9003 0.4507
9003 1688958 0.4507
9003 138324 8.5306
138324 9003 8.5306
138324 4992 0.5738
4992 138324 0.5738
4992 4991 3.5575
4991 4992 3.5575
4991 4990 2.0387
4990 4991 2.0387
4990 4989 1.1614
4989 4990 1.1614
4989 4988 1.2506
4988 4989 1.2506
4988 4987 1.1574
4987 4988 1.1574
4987 4986 1.6697
4986 4987 1.6697
4986 138223 2.6356
138223 4986 2.6356
138223 140861 0.6361
140861 138223 0.6361
140861 995740 1.255
995740 140861 1.255
995740 67073 0.2592
67073 995740 0.2592
67073 4985 0.6833
4985 67073 0.6833
4985 140860 0.5504
140860 4985 0.5504
140860 4984 0.4892
4984 140860 0.4892
4984 4983 0.9108
4983 4984 0.9108
4983 4982 0.8334
4982 4983 0.8334
4982 4981 0.8417
4981 4982 0.8417
4981 4980 0.9756
4980 4981 0.9756
4980 4979 1.0084
4979 4980 1.0084
4979 4978 1.1621
4978 4979 1.1621
4978 4977 1.0361
4977 4978 1.0361
4977 185234 0.7272
185234 4977 0.7272
185234 4976 0.4864
4976 185234 0.4864
4976 4975 1.1736
4975 4976 1.1736
4975 4971 0.589
4971 4975 0.589
8988 1066640 5.9664
1066640 8988 5.9664
1066640 19658 0.924
19658 1066640 0.924
19658 1066638 10.7364
1066638 19658 10.7364
1066638 19661 2.2344
19661 1066638 2.2344
19661 19663 9.4608
19663 19661 9.4608
19663 1002187 7.6908
1002187 19663 7.6908
1002187 19659 1.7136
19659 1002187 1.7136
19659 413868 2.1156
413868 19659 2.1156
413868 1002145 1.7316
1002145 413868 1.7316
1002145 1002146 2.2116
1002146 1002145 2.2116
1002146 413867 1.2852
413867 1002146 1.2852
413867 889806 8.0544
889806 413867 8.0544
889806 1002147 0.8172
1002147 889806 0.8172
1002147 1002143 0.3588
1002143 1002147 0.3588
1002143 413866 5.5596
413866 1002143 5.5596
413866 413865 13.3452
413865 413866 13.3452
413865 889776 1.3836
889776 413865 1.3836
889776 889774 2.1288
889774 889776 2.1288
889774 413864 2.4324
413864 889774 2.4324
413864 2015373 1.5072
2015373 413864 1.5072
1002172 2015375 3.9348
2015375 1002172 3.9348
1002172 889851 21.684
889851 1002172 21.684
889851 19661 38.6628
19661 889851 38.6628
19653 1002051 0.7888
1002051 19653 0.7888
1002051 898298 0.5492
898298 1002051 0.5492
898298 898291 0.5716
898291 898298 0.5716
898291 19654 0.6548
19654 898291 0.6548
19654 19655 1.8772
19655 19654 1.8772
19655 19656 1.7436
19656 19655 1.7436
19656 19657 1.718
19657 19656 1.718
19657 695313 0.6288
695313 19657 0.6288
19652 19653 1.5208
19653 19652 1.5208
19646 19664 4.626
19664 19646 4.626
19664 985123 1.7251
985123 19664 1.7251
985123 19669 1.0202
19669 985123 1.0202
1565746 19668 1.428
19668 1565746 1.428
19668 985121 9.7632
985121 19668 9.7632
985121 19669 13.3056
19669 985121 13.3056
19672 838602 8.7996
838602 19672 8.7996
838602 985098 11.3424
985098 838602 11.3424
985098 19673 9.666
19673 985098 9.666
19673 985097 8.8464
985097 19673 8.8464
985097 19646 17.7468
19646 985097 17.7468
1074555 19674 6.4248
19674 1074555 6.4248
19674 838604 15.6804
838604 19674 15.6804
838604 19678 18.6228
19678 838604 18.6228
19678 838599 10.5204
838599 19678 10.5204
838599 838598 9.3732
838598 838599 9.3732
838598 19675 10.0932
19675 838598 10.0932
19675 1002267 2.0652
1002267 19675 2.0652
1002267 19676 1.5156
19676 1002267 1.5156
8984 19677 1.2336
19677 8984 1.2336
19677 1002273 11.3844
1002273 19677 11.3844
1002273 19678 12.2928
19678 1002273 12.2928
2015389 1177443 6.3187
1177443 2015389 6.3187
1177443 24106 10.0483
24106 1177443 10.0483
24106 1149967 13.1609
1149967 24106 13.1609
1149967 1149968 11.5978
1149968 1149967 11.5978
1149968 24107 8.0611
24107 1149968 8.0611
165306 1697978 21.528
1697978 165306 21.528
1697978 166746 10.2888
166746 1697978 10.2888
166746 24108 15.2856
24108 166746 15.2856
24108 24109 48.42
24109 24108 48.42
24109 166738 103.0104
166738 24109 103.0104
32761 1737225 0.7992
1737225 32761 0.7992
1737225 1737214 1.4045
1737214 1737225 1.4045
1737214 352172 1.5243
352172 1737214 1.5243
352172 38452 5.489
38452 352172 5.489
38452 38451 7.2612
38451 38452 7.2612
38451 38453 7.9781
38453 38451 7.9781
16155 352222 0.2761
352222 16155 0.2761
352222 352216 0.3211
352216 352222 0.3211
352216 32757 0.1732
32757 352216 0.1732
32757 5389 0.2387
5389 32757 0.2387
5389 352208 0.2488
352208 5389 0.2488
352208 32758 0.1991
32758 352208 0.1991
32758 352206 0.2264
352206 32758 0.2264
352206 352204 0.3089
352204 352206 0.3089
352204 352203 0.3481
352203 352204 0.3481
352203 1736588 2.7637
1736588 352203 2.7637
1736588 201086 2.7475
201086 1736588 2.7475
201086 352200 0.3532
352200 201086 0.3532
352200 32756 0.2239
32756 352200 0.2239
32756 201049 1.0238
201049 32756 1.0238
25659 1981760 1.503
1981760 25659 1.503
1981760 870468 0.9529
870468 1981760 0.9529
870468 1164328 1.3961
1164328 870468 1.3961
1164328 32761 1.8619
32761 1164328 1.8619
32761 1981761 1.004
1981761 32761 1.004
1981761 32760 1.7298
32760 1981761 1.7298
32760 25658 2.9023
25658 32760 2.9023
25658 1737237 2.6899
1737237 25658 2.6899
1737237 201049 2.7922
201049 1737237 2.7922
38429 201117 1.2121
201117 38429 1.2121
201117 1981756 1.2568
1981756 201117 1.2568
1981756 38431 1.031
38431 1981756 1.031
38431 38432 0.9662
38432 38431 0.9662
38432 38433 3.5363
38433 38432 3.5363
38433 38434 1.233
38434 38433 1.233
38434 38437 2.1197
38437 38434 2.1197
38437 1688158 2.192
1688158 38437 2.192
1688158 201121 0.432
201121 1688158 0.432
201121 36958 0.7794
36958 201121 0.7794
36958 1688329 1.638
1688329 36958 1.638
1688329 36956 1.6387
36956 1688329 1.6387
36956 1688330 0.3773
1688330 36956 0.3773
1688330 1688331 1.0771
1688331 1688330 1.0771
1688331 1688332 1.0847
1688332 1688331 1.0847
1688332 1260104 0.342
1260104 1688332 0.342
1260104 36953 0.5105
36953 1260104 0.5105
36953 352167 0.8305
352167 36953 0.8305
352167 352166 0.5083
352166 352167 0.5083
352166 352165 0.5429
352165 352166 0.5429
352165 25660 0.5105
25660 352165 0.5105
25660 352164 0.5299
352164 25660 0.5299
352164 36952 0.8104
36952 352164 0.8104
36952 352163 2.047
352163 36952 2.047
352163 352162 0.7927
352162 352163 0.7927
352162 25661 0.5447
25661 352162 0.5447
25661 25662 0.5648
25662 25661 0.5648
25662 36950 0.76
36950 25662 0.76
36950 25663 1.6758
25663 36950 1.6758
25663 88593 1.8083
88593 25663 1.8083
88593 88592 0.8118
88592 88593 0.8118
88592 25860 1.0638
25860 88592 1.0638
25860 25861 1.1264
25861 25860 1.1264
25861 25862 0.7175
25862 25861 0.7175
25862 25863 1.1052
25863 25862 1.1052
1737234 1737235 2.5157
1737235 1737234 2.5157
1737235 1737236 0.6689
1737236 1737235 0.6689
1737236 25664 1.1837
25664 1737236 1.1837
25664 38447 9.8827
38447 25664 9.8827
38447 25665 1.5055
25665 38447 1.5055
25665 38427 9.193
38427 25665 9.193
38427 1737207 10.9634
1737207 38427 10.9634
1737207 38443 0.7128
38443 1737207 0.7128
38443 38444 11.0405
38444 38443 11.0405
38444 38445 10.1657
38445 38444 10.1657
38445 38446 10.2521
38446 38445 10.2521
38446 38431 4.5569
38431 38446 4.5569
25658 1737230 1.0404
1737230 25658 1.0404
1737230 25666 11.7007
25666 1737230 11.7007
25666 38449 10.2636
38449 25666 10.2636
38449 1737209 10.9822
1737209 38449 10.9822
1737209 39086 0.4248
39086 1737209 0.4248
39086 38450 11.0448
38450 39086 11.0448
38450 38436 10.4926
38436 38450 10.4926
38436 38435 9.923
38435 38436 9.923
38435 38434 6.6456
38434 38435 6.6456
25659 868838 1.7913
868838 25659 1.7913
868838 201044 2.7478
201044 868838 2.7478
201044 38455 4.518
38455 201044 4.518
38455 38456 4.1724
38456 38455 4.1724
38456 38458 3.1911
38458 38456 3.1911
38458 1981759 0.1733
1981759 38458 0.1733
1981759 38457 1.1505
38457 1981759 1.1505
38457 38459 3.3202
38459 38457 3.3202
38459 1981758 2.394
1981758 38459 2.394
1981758 25679 0.9093
25679 1981758 0.9093
25679 38460 1.567
38460 25679 1.567
38460 25680 6.5731
25680 38460 6.5731
25680 38461 7.4679
38461 25680 7.4679
38461 1981757 5.7945
1981757 38461 5.7945
1981757 36954 1.2986
36954 1981757 1.2986
36954 201100 4.3447
201100 36954 4.3447
201100 352168 0.5415
352168 201100 0.5415
352168 1688333 1.3742
1688333 352168 1.3742
1688333 1260104 0.9113
1260104 1688333 0.9113
39088 25681 16.3836
25681 39088 16.3836
25681 25658 8.2656
25658 25681 8.2656
39087 25682 12.1548
25682 39087 12.1548
25682 32760 9.828
32760 25682 9.828
25683 201079 1.6044
201079 25683 1.6044
201079 1736592 16.23
1736592 201079 16.23
1736592 32761 1.632
32761 1736592 1.632
5389 32759 1.3615
32759 5389 1.3615
32759 25684 2.8102
25684 32759 2.8102
25684 39088 3.3134
39088 25684 3.3134
39088 25685 2.3407
25685 39088 2.3407
25685 39087 3.7706
39087 25685 3.7706
39087 25686 1.6726
25686 39087 1.6726
25686 25683 6.2834
25683 25686 6.2834
25657 38427 5.1783
38427 25657 5.1783
38427 38449 8.0146
38449 38427 8.0146
38449 25687 3.7512
25687 38449 3.7512
25687 1737204 3.9369
1737204 25687 3.9369
1737204 38451 0.3394
38451 1737204 0.3394
38451 38458 8.0635
38458 38451 8.0635
38426 201074 0.9468
201074 38426 0.9468
201074 38448 0.8971
38448 201074 0.8971
38448 38447 6.1171
38447 38448 6.1171
38447 25666 7.5535
25666 38447 7.5535
25666 25688 5.1206
25688 25666 5.1206
25688 1737203 5.4612
1737203 25688 5.4612
1737203 38452 0.6545
38452 1737203 0.6545
38452 38455 11.5639
38455 38452 11.5639
38428 1737205 1.3212
1737205 38428 1.3212
1737205 38443 3.7476
38443 1737205 3.7476
38443 39086 8.0018
39086 38443 8.0018
39086 38453 8.1216
38453 39086 8.1216
