18693
20194 1699163 0.4385
1699163 20194 0.4385
1699163 1699162 0.437
1699162 1699163 0.437
1699162 20195 3.8772
20195 1699162 3.8772
20195 20196 0.8798
20196 20195 0.8798
20196 20197 4.4863
20197 20196 4.4863
20197 89586 0.8107
89586 20197 0.8107
89586 20198 1.0361
20198 89586 1.0361
20198 20199 1.0008
20199 20198 1.0008
20199 20200 1.4004
20200 20199 1.4004
521381 521382 2.916
521382 521381 2.916
521382 521383 1.1664
521383 521382 1.1664
354442 20276 6.2409
20276 354442 6.2409
20276 20277 2.6599
20277 20276 2.6599
20277 20278 3.1166
20278 20277 3.1166
20278 20279 1.8494
20279 20278 1.8494
20279 20280 1.7198
20280 20279 1.7198
20280 20281 7.4397
20281 20280 7.4397
20281 20282 2.035
20282 20281 2.035
20282 20283 2.2464
20283 20282 2.2464
20283 673324 13.4007
673324 20283 13.4007
673324 20284 3.6674
20284 673324 3.6674
20284 20285 4.2305
20285 20284 4.2305
20285 20286 31.2382
20286 20285 31.2382
20286 20287 8.7907
20287 20286 8.7907
20287 20288 2.6871
20288 20287 2.6871
20288 20289 3.1953
20289 20288 3.1953
20289 20290 2.4336
20290 20289 2.4336
20290 20173 2.0926
20173 20290 2.0926
20173 673325 8.1324
673325 20173 8.1324
673325 20194 7.9781
20194 673325 7.9781
20194 700983 11.4799
700983 20194 11.4799
700983 302844 1.027
302844 700983 1.027
20303 803115 0.415
803115 20303 0.415
803115 1581696 0.342
1581696 803115 0.342
1581696 20315 0.8486
20315 1581696 0.8486
20315 20316 4.8893
20316 20315 4.8893
20316 1482465 16.7889
1482465 20316 16.7889
1482465 1581911 0.7848
1581911 1482465 0.7848
1581911 20317 0.7113
20317 1581911 0.7113
20317 1581910 0.7313
1581910 20317 0.7313
1581910 97221 0.7534
97221 1581910 0.7534
97221 1581907 3.907
1581907 97221 3.907
1581907 1581856 3.0096
1581856 1581907 3.0096
1581856 97222 0.6516
97222 1581856 0.6516
97222 997649 0.5585
997649 97222 0.5585
997649 355360 0.6871
355360 997649 0.6871
355360 355359 1.0774
355359 355360 1.0774
355359 521332 1.1793
521332 355359 1.1793
521332 1581896 0.9951
1581896 521332 0.9951
1581896 1581923 5.1084
1581923 1581896 5.1084
1581923 521324 7.7287
521324 1581923 7.7287
521324 97223 1.5177
97223 521324 1.5177
97223 1482464 0.6855
1482464 97223 0.6855
1482464 97224 0.6048
97224 1482464 0.6048
97224 1482466 0.5678
1482466 97224 0.5678
1482466 97225 0.6254
97225 1482466 0.6254
97225 1582302 5.939
1582302 97225 5.939
1582302 97226 0.6562
97226 1582302 0.6562
97226 1582311 0.5971
1582311 97226 0.5971
1582311 1582308 0.5611
1582308 1582311 0.5611
1582308 1582303 0.5287
1582303 1582308 0.5287
1582303 97227 0.5878
97227 1582303 0.5878
97227 97228 2.9865
97228 97227 2.9865
97228 97229 6.5469
97229 97228 6.5469
97229 1861819 2.9165
1861819 97229 2.9165
1861819 521323 0.6362
521323 1861819 0.6362
521323 1582307 0.9185
1582307 521323 0.9185
1582307 97230 0.9941
97230 1582307 0.9941
97230 516549 2.2814
516549 97230 2.2814
20306 1581605 9.8652
1581605 20306 9.8652
1581605 734493 0.8316
734493 1581605 0.8316
734493 1581607 2.6316
1581607 734493 2.6316
1581607 734494 1.3692
734494 1581607 1.3692
734494 1581614 7.0404
1581614 734494 7.0404
1581614 20307 1.1616
20307 1581614 1.1616
20307 20308 7.362
20308 20307 7.362
20308 20309 4.0608
20309 20308 4.0608
20309 1581604 19.5768
1581604 20309 19.5768
1581604 20310 2.0736
20310 1581604 2.0736
1446204 2015605 9.5112
2015605 1446204 9.5112
1446204 214676 4.0617
214676 1446204 4.0617
214676 1714292 28.9782
1714292 214676 28.9782
1714292 214675 1.4382
214675 1714292 1.4382
186582 60310 0.2247
60310 186582 0.2247
20171 521397 1.2372
521397 20171 1.2372
521397 599434 2.7132
599434 521397 2.7132
599434 60430 37.242
60430 599434 37.242
60431 60432 6.5544
60432 60431 6.5544
60432 60433 6.6624
60433 60432 6.6624
60433 521402 3.8892
521402 60433 3.8892
521402 60434 0.474
60434 521402 0.474
60434 521403 4.7568
521403 60434 4.7568
521403 60435 17.1312
60435 521403 17.1312
60434 60436 0.9264
60436 60434 0.9264
60436 60437 6.7488
60437 60436 6.7488
60431 521399 0.6168
521399 60431 0.6168
521399 1861726 1.188
1861726 521399 1.188
1861726 60430 4.3032
60430 1861726 4.3032
60430 60438 2.9952
60438 60430 2.9952
22739 1699149 0.4737
1699149 22739 0.4737
1699149 906874 1.1865
906874 1699149 1.1865
906874 60545 0.5765
60545 906874 0.5765
60545 60546 1.6694
60546 60545 1.6694
60546 440904 1.3145
440904 60546 1.3145
440904 60547 1.4066
60547 440904 1.4066
60547 60548 2.3415
60548 60547 2.3415
60548 60549 2.5179
60549 60548 2.5179
60549 440916 5.5702
440916 60549 5.5702
440916 60550 4.6435
60550 440916 4.6435
60550 60551 2.6038
60551 60550 2.6038
60505 60562 21.6252
60562 60505 21.6252
455956 455963 9.738
455963 455956 9.738
455963 462571 32.3028
462571 455963 32.3028
462571 2015907 34.3656
2015907 462571 34.3656
462569 2015909 29.592
2015909 462569 29.592
462569 455956 32.634
455956 462569 32.634
455956 455970 30.5208
455970 455956 30.5208
60579 60580 14.8378
60580 60579 14.8378
60580 440345 0.5782
440345 60580 0.5782
440345 60581 0.8194
60581 440345 0.8194
60581 2015911 2.2889
2015911 60581 2.2889
60584 1971397 8.4384
1971397 60584 8.4384
1971397 455951 1.914
455951 1971397 1.914
455951 185064 2.4432
185064 455951 2.4432
185064 1971396 0.2856
1971396 185064 0.2856
1971396 455945 4.0056
455945 1971396 4.0056
455945 60585 2.7876
60585 455945 2.7876
60585 184984 3.8688
184984 60585 3.8688
184984 455953 2.4828
455953 184984 2.4828
455953 184990 6.3024
184990 455953 6.3024
184990 60521 5.7432
60521 184990 5.7432
60512 184794 0.9756
184794 60512 0.9756
184794 60561 51.5556
60561 184794 51.5556
60561 440185 1.4136
440185 60561 1.4136
440185 555391 17.496
555391 440185 17.496
555391 22801 1.9224
22801 555391 1.9224
60746 60747 21.6216
60747 60746 21.6216
60747 60749 8.5176
60749 60747 8.5176
60749 60750 21.7476
60750 60749 21.7476
60750 60748 3.8412
60748 60750 3.8412
60749 60557 27.5328
60557 60749 27.5328
60750 60751 15.5304
60751 60750 15.5304
60751 60752 15.9336
60752 60751 15.9336
60752 60753 8.0388
60753 60752 8.0388
60753 60754 11.754
60754 60753 11.754
60747 185105 1.3248
185105 60747 1.3248
60756 185106 2.0952
185106 60756 2.0952
60555 60760 19.2024
60760 60555 19.2024
60760 60761 37.5336
60761 60760 37.5336
60761 455976 9.324
455976 60761 9.324
455976 455980 29.412
455980 455976 29.412
455980 455974 11.2716
455974 455980 11.2716
60500 439483 2.934
439483 60500 2.934
439483 118608 3.4344
118608 439483 3.4344
118608 60765 46.224
60765 118608 46.224
60765 60764 15.5304
60764 60765 15.5304
60764 439331 1.6236
439331 60764 1.6236
439331 439332 1.728
439332 439331 1.728
439332 439333 1.8612
439333 439332 1.8612
439333 60768 27.738
60768 439333 27.738
60768 184798 23.7708
184798 60768 23.7708
60762 60763 48.3372
60763 60762 48.3372
60763 738724 18.7308
738724 60763 18.7308
738724 185080 8.0244
185080 738724 8.0244
60777 60799 66.114
60799 60777 66.114
60799 60778 56.7972
60778 60799 56.7972
60813 60774 5.4432
60774 60813 5.4432
60774 60800 63.2268
60800 60774 63.2268
60800 60779 16.4952
60779 60800 16.4952
60780 60781 6.9516
60781 60780 6.9516
60781 60801 63.7056
60801 60781 63.7056
60801 60782 16.0056
60782 60801 16.0056
60783 60802 64.3428
60802 60783 64.3428
60802 60784 14.3856
60784 60802 14.3856
60785 60803 64.548
60803 60785 64.548
60803 60786 12.4632
60786 60803 12.4632
60787 60804 62.262
60804 60787 62.262
60804 60788 12.2148
60788 60804 12.2148
60789 60805 57.8628
60805 60789 57.8628
60805 60790 15.9336
60790 60805 15.9336
60791 60792 85.59
60792 60791 85.59
60793 60794 70.254
60794 60793 70.254
60795 60796 58.0176
60796 60795 58.0176
60797 60798 36.036
60798 60797 36.036
60812 60799 8.064
60799 60812 8.064
60799 60800 7.4556
60800 60799 7.4556
60800 60801 7.9596
60801 60800 7.9596
60801 60802 7.9416
60802 60801 7.9416
60802 60803 8.0064
60803 60802 8.0064
60803 60804 7.7868
60804 60803 7.7868
60804 60805 8.424
60805 60804 8.424
22794 118603 3.2544
118603 22794 3.2544
118603 118606 16.9128
118606 118603 16.9128
118606 60810 9.7164
60810 118606 9.7164
60810 60808 5.7852
60808 60810 5.7852
60808 60806 6.6672
60806 60808 6.6672
60806 60807 44.37
60807 60806 44.37
60808 60809 44.244
60809 60808 44.244
60810 60811 30.204
60811 60810 30.204
60531 60495 3.0912
60495 60531 3.0912
60495 60496 5.0232
60496 60495 5.0232
60496 60497 10.4712
60497 60496 10.4712
60497 60498 2.5788
60498 60497 2.5788
60498 1971393 21.6216
1971393 60498 21.6216
1971393 60499 1.35
60499 1971393 1.35
60816 60817 9.0396
60817 60816 9.0396
60817 60821 6.0444
60821 60817 6.0444
60821 60822 9.4248
60822 60821 9.4248
60822 60824 9.7452
60824 60822 9.7452
60824 60826 9.432
60826 60824 9.432
60826 60818 9.036
60818 60826 9.036
60822 60823 30.6432
60823 60822 30.6432
60824 60825 30.6468
60825 60824 30.6468
60826 60827 30.654
60827 60826 30.654
22797 60816 10.8972
60816 22797 10.8972
60816 60815 43.1964
60815 60816 43.1964
60828 60829 23.58
60829 60828 23.58
1130645 1691087 0.9978
1691087 1130645 0.9978
1691087 284840 1.5108
284840 1691087 1.5108
284840 4058 4.6488
4058 284840 4.6488
4058 4059 5.8374
4059 4058 5.8374
4059 4060 3.8898
4060 4059 3.8898
4060 218098 7.1346
218098 4060 7.1346
218098 372101 2.952
372101 218098 2.952
89486 1188997 4.734
1188997 89486 4.734
1188997 1188998 4.7952
1188998 1188997 4.7952
1188998 89491 9.498
89491 1188998 9.498
89491 1188996 3.9504
1188996 89491 3.9504
1188996 1188995 1.6368
1188995 1188996 1.6368
1188995 1188993 4.2492
1188993 1188995 4.2492
1188993 1188991 1.0776
1188991 1188993 1.0776
1188991 1188990 5.6664
1188990 1188991 5.6664
1188990 89492 5.4612
89492 1188990 5.4612
89492 89487 2.262
89487 89492 2.262
89487 1188984 0.906
1188984 89487 0.906
1188984 819448 0.6744
819448 1188984 0.6744
819448 819451 1.0548
819451 819448 1.0548
819451 819452 0.9228
819452 819451 0.9228
819452 819453 0.6744
819453 819452 0.6744
819453 819458 1.1076
819458 819453 1.1076
819458 1188983 0.942
1188983 819458 0.942
1188983 89488 2.7876
89488 1188983 2.7876
89488 1188982 6.3852
1188982 89488 6.3852
1188982 819465 5.1348
819465 1188982 5.1348
819465 89490 17.43
89490 819465 17.43
89490 89489 18.5328
89489 89490 18.5328
1035297 1035289 113.7528
1035289 1035297 113.7528
1035289 1035288 7.3656
1035288 1035289 7.3656
1035288 1035292 193.2696
1035292 1035288 193.2696
1035292 1035294 27.4248
1035294 1035292 27.4248
1035294 1035295 46.0728
1035295 1035294 46.0728
1035295 1035293 64.3896
1035293 1035295 64.3896
1035293 1035291 34.3512
1035291 1035293 34.3512
1035291 1035290 26.6688
1035290 1035291 26.6688
1035290 97204 36.7488
97204 1035290 36.7488
97204 97205 41.9184
97205 97204 41.9184
97205 97206 43.8768
97206 97205 43.8768
97206 97207 27.396
97207 97206 27.396
97207 97208 60.1776
97208 97207 60.1776
97208 97209 70.812
97209 97208 70.812
97209 97210 36.8064
97210 97209 36.8064
97210 97211 46.08
97211 97210 46.08
97211 97212 19.8936
97212 97211 19.8936
97212 97213 49.32
97213 97212 49.32
97213 97214 18.8064
97214 97213 18.8064
97214 97220 76.1976
97220 97214 76.1976
97220 97219 34.8408
97219 97220 34.8408
97219 97218 19.2744
97218 97219 19.2744
97218 97217 35.1864
97217 97218 35.1864
97217 97216 13.6512
97216 97217 13.6512
97216 97215 14.0472
97215 97216 14.0472
97215 165776 13.356
165776 97215 13.356
97240 1054023 3.4618
1054023 97240 3.4618
97242 98278 16.9272
98278 97242 16.9272
98278 98279 27.4176
98279 98278 27.4176
98279 98280 24.3288
98280 98279 24.3288
98280 98281 33.0048
98281 98280 33.0048
98281 98282 46.1448
98282 98281 46.1448
98282 98283 34.7472
98283 98282 34.7472
98283 1861796 27.3672
1861796 98283 27.3672
1861796 98284 27.612
98284 1861796 27.612
98284 98285 21.708
98285 98284 21.708
98285 98286 51.66
98286 98285 51.66
98286 98287 23.0184
98287 98286 23.0184
98287 98288 26.6904
98288 98287 26.6904
98288 98289 37.8504
98289 98288 37.8504
98289 98290 38.3472
98290 98289 38.3472
98290 98291 35.5896
98291 98290 35.5896
98291 98292 68.184
98292 98291 68.184
98292 420372 45.3528
420372 98292 45.3528
420372 98293 41.9112
98293 420372 41.9112
22746 60563 11.8879
60563 22746 11.8879
60563 60564 1.3759
60564 60563 1.3759
60564 60579 5.4598
60579 60564 5.4598
60579 118611 2.1204
118611 60579 2.1204
118611 60565 0.9346
60565 118611 0.9346
60565 2016716 6.9919
2016716 60565 6.9919
60575 2016718 2.0412
2016718 60575 2.0412
60575 118625 1.4018
118625 60575 1.4018
118625 60576 0.8957
60576 118625 0.8957
60576 60577 4.2545
60577 60576 4.2545
60577 60578 3.474
60578 60577 3.474
60578 60529 10.7143
60529 60578 10.7143
60818 60819 30.6612
60819 60818 30.6612
60819 60827 8.9784
60827 60819 8.9784
60827 60825 9.3132
60825 60827 9.3132
60825 60823 9.4572
60823 60825 9.4572
60823 60820 9.558
60820 60823 9.558
60820 60821 30.636
60821 60820 30.636
185074 60763 13.1868
60763 185074 13.1868
60763 60765 14.8824
60765 60763 14.8824
60765 439503 48.2472
439503 60765 48.2472
439503 184799 5.6304
184799 439503 5.6304
184799 439506 1.5084
439506 184799 1.5084
439506 184798 19.134
184798 439506 19.134
60522 118614 9.3024
118614 60522 9.3024
118614 593723 7.4808
593723 118614 7.4808
593723 118613 7.9344
118613 593723 7.9344
118613 118615 46.4616
118615 118613 46.4616
118615 118617 23.3784
118617 118615 23.3784
118617 118616 15.444
118616 118617 15.444
118616 118619 12.2616
118619 118616 12.2616
118619 118618 24.48
118618 118619 24.48
118618 118621 12.9816
118621 118618 12.9816
118621 118620 43.5456
118620 118621 43.5456
118620 118622 23.3928
118622 118620 23.3928
118622 118623 24.7464
118623 118622 24.7464
118623 118624 41.364
118624 118623 41.364
118624 2016720 6.912
2016720 118624 6.912
22802 2016722 2.105
2016722 22802 2.105
22802 767833 0.5837
767833 22802 0.5837
767833 767832 0.451
767832 767833 0.451
767832 118633 0.756
118633 767832 0.756
118633 60540 0.6105
60540 118633 0.6105
118767 118766 26.8524
118766 118767 26.8524
118766 118762 35.19
118762 118766 35.19
118761 455961 51.2496
455961 118761 51.2496
455961 455965 14.2128
455965 455961 14.2128
455965 185084 10.9728
185084 455965 10.9728
185084 118764 21.2508
118764 185084 21.2508
118764 118766 22.6152
118766 118764 22.6152
185016 118765 2.3688
118765 185016 2.3688
118764 118763 35.0388
118763 118764 35.0388
2016822 124079 5.3376
124079 2016822 5.3376
124079 124080 0.5316
124080 124079 0.5316
124080 124081 0.6396
124081 124080 0.6396
124081 124082 1.0032
124082 124081 1.0032
124082 124083 33.7728
124083 124082 33.7728
124083 124086 0.7884
124086 124083 0.7884
124086 124085 0.7596
124085 124086 0.7596
2016824 124085 5.5536
124085 2016824 5.5536
60310 186586 0.7107
186586 60310 0.7107
186586 723959 2.3601
723959 186586 2.3601
723959 1256568 0.2885
1256568 723959 0.2885
1256568 186588 8.1679
186588 1256568 8.1679
186588 1176198 0.2561
1176198 186588 0.2561
1176198 233221 0.2052
233221 1176198 0.2052
233221 387182 0.378
387182 233221 0.378
149013 453926 0.4932
453926 149013 0.4932
453926 167824 0.5961
167824 453926 0.5961
167824 167825 6.4692
167825 167824 6.4692
167825 167821 4.8009
167821 167825 4.8009
167821 250943 0.5482
250943 167821 0.5482
250943 167836 0.7221
167836 250943 0.7221
467987 569674 14.6664
569674 467987 14.6664
569674 149908 15.2496
149908 569674 15.2496
149908 149909 12.4776
149909 149908 12.4776
22744 149911 21.0456
149911 22744 21.0456
467984 167828 6.228
167828 467984 6.228
167828 569665 6.4008
569665 167828 6.4008
149916 149917 27.396
149917 149916 27.396
149917 569667 6.4368
569667 149917 6.4368
569667 756747 7.1568
756747 569667 7.1568
756747 184808 9.936
184808 756747 9.936
184808 756748 4.9464
756748 184808 4.9464
60419 700975 2.7886
700975 60419 2.7886
700975 159554 3.2076
159554 700975 3.2076
159554 159555 5.0371
159555 159554 5.0371
159555 159556 9.3744
159556 159555 9.3744
159556 159557 1.9958
159557 159556 1.9958
159557 159558 2.5092
159558 159557 2.5092
159558 780719 0.625
780719 159558 0.625
780719 159559 7.9553
159559 780719 7.9553
159559 522083 2.687
522083 159559 2.687
522083 159560 5.0213
159560 522083 5.0213
159560 658980 14.2812
658980 159560 14.2812
658980 159561 4.1393
159561 658980 4.1393
159561 721386 2.6914
721386 159561 2.6914
721386 159562 9.8338
159562 721386 9.8338
159562 1861775 0.828
1861775 159562 0.828
1861775 161801 7.8797
161801 1861775 7.8797
161801 159563 4.163
159563 161801 4.163
159563 159564 9.6595
159564 159563 9.6595
159564 159565 9.5458
159565 159564 9.5458
159565 159566 1.7863
159566 159565 1.7863
159566 159567 13.1508
159567 159566 13.1508
159567 159568 3.6245
159568 159567 3.6245
159568 735658 16.0776
735658 159568 16.0776
735658 159569 49.2192
159569 735658 49.2192
159569 159570 35.6832
159570 159569 35.6832
159570 159571 38.2104
159571 159570 38.2104
159571 700222 7.8048
700222 159571 7.8048
700222 159572 26.8848
159572 700222 26.8848
159572 159573 17.5032
159573 159572 17.5032
159573 159574 43.7904
159574 159573 43.7904
159574 159575 25.776
159575 159574 25.776
159575 1861776 33.2496
1861776 159575 33.2496
1861776 159576 32.22
159576 1861776 32.22
159576 1861777 54.3096
1861777 159576 54.3096
1861777 159577 55.2528
159577 1861777 55.2528
159577 983673 8.4744
983673 159577 8.4744
983673 735643 16.8192
735643 983673 16.8192
735643 159578 52.5168
159578 735643 52.5168
159578 159579 151.668
159579 159578 151.668
159579 735635 46.5192
735635 159579 46.5192
735635 159580 28.4832
159580 735635 28.4832
159592 1582221 0.4752
1582221 159592 0.4752
1582221 370369 0.5436
370369 1582221 0.5436
370369 1582219 0.7512
1582219 370369 0.7512
1582219 1582223 1.0488
1582223 1582219 1.0488
1582223 1582228 25.8168
1582228 1582223 25.8168
1582228 850580 10.602
850580 1582228 10.602
850580 850583 1.3428
850583 850580 1.3428
850583 850584 0.9504
850584 850583 0.9504
850584 97240 1.1628
97240 850584 1.1628
1453687 466424 18.2592
466424 1453687 18.2592
466424 1503271 33.516
1503271 466424 33.516
1503271 160098 11.9736
160098 1503271 11.9736
160098 1453685 9.756
1453685 160098 9.756
160099 1416735 8.9628
1416735 160099 8.9628
1416735 1416732 0.5604
1416732 1416735 0.5604
1416732 1418522 10.9512
1418522 1416732 10.9512
1418522 1416724 1.23
1416724 1418522 1.23
1416724 1355710 3.8244
1355710 1416724 3.8244
1355710 1355684 0.624
1355684 1355710 0.624
1355684 160110 1.7676
160110 1355684 1.7676
160110 1416727 0.408
1416727 160110 0.408
1416727 162051 0.4548
162051 1416727 0.4548
162051 1416730 3.3288
1416730 162051 3.3288
1416730 160095 2.4504
160095 1416730 2.4504
1582208 161803 20.3148
161803 1582208 20.3148
161803 1582202 18.216
1582202 161803 18.216
161808 1600181 3.3552
1600181 161808 3.3552
1600181 179388 7.488
179388 1600181 7.488
179388 161809 10.116
161809 179388 10.116
161809 161810 29.7504
161810 161809 29.7504
161810 161811 51.588
161811 161810 51.588
161811 179379 14.58
179379 161811 14.58
179379 161812 13.8456
161812 179379 13.8456
161812 161813 14.2704
161813 161812 14.2704
161813 179385 9.468
179385 161813 9.468
179385 179382 16.704
179382 179385 16.704
20264 161804 6.7565
161804 20264 6.7565
161804 1015807 11.8512
1015807 161804 11.8512
1015807 1863633 17.1223
1863633 1015807 17.1223
1863633 161805 5.0011
161805 1863633 5.0011
161805 161806 9.2102
161806 161805 9.2102
161806 161807 8.2519
161807 161806 8.2519
161807 161808 3.0341
161808 161807 3.0341
161808 161814 5.3222
161814 161808 5.3222
161814 161815 11.6532
161815 161814 11.6532
161815 165664 3.2256
165664 161815 3.2256
165664 165685 1.957
165685 165664 1.957
161817 422712 2.6088
422712 161817 2.6088
422712 161820 3.7968
161820 422712 3.7968
161820 422708 2.6472
422708 161820 2.6472
422708 280176 19.3596
280176 422708 19.3596
280176 551322 21.762
551322 280176 21.762
551322 179395 8.376
179395 551322 8.376
179395 179378 2.3532
179378 179395 2.3532
161821 161822 14.4504
161822 161821 14.4504
161822 161823 122.0256
161823 161822 122.0256
161823 161824 61.056
161824 161823 61.056
161824 161825 42.5664
161825 161824 42.5664
161825 161826 58.5288
161826 161825 58.5288
161826 161827 81.7344
161827 161826 81.7344
161827 161828 22.0464
161828 161827 22.0464
161828 179392 20.8152
179392 161828 20.8152
179392 179389 9.2088
179389 179392 9.2088
160094 1559697 1.5509
1559697 160094 1.5509
1559697 1416719 0.3406
1416719 1559697 0.3406
1416719 1355697 7.2396
1355697 1416719 7.2396
1355697 160100 2.0851
160100 1355697 2.0851
160100 1589345 1.7093
1589345 160100 1.7093
1589345 160107 2.0815
160107 1589345 2.0815
160107 160104 3.3372
160104 160107 3.3372
160104 160112 3.2645
160112 160104 3.2645
160112 1403316 2.1082
1403316 160112 2.1082
1403316 160106 2.2529
160106 1403316 2.2529
160106 1589326 13.9478
1589326 160106 13.9478
1589326 161987 8.6623
161987 1589326 8.6623
161987 1143130 7.3872
1143130 161987 7.3872
1143130 1355719 3.7274
1355719 1143130 3.7274
1355719 766589 1.4328
766589 1355719 1.4328
766589 161988 8.4643
161988 766589 8.4643
160094 1714311 0.24
1714311 160094 0.24
1714311 1828251 0.8676
1828251 1714311 0.8676
1828251 1828250 0.138
1828250 1828251 0.138
1828250 162052 7.8828
162052 1828250 7.8828
162052 162053 10.7124
162053 162052 10.7124
162053 1441045 6.2484
1441045 162053 6.2484
1441045 162054 0.4032
162054 1441045 0.4032
162054 1355678 2.1876
1355678 162054 2.1876
1355678 1355677 1.8264
1355677 1355678 1.8264
1355677 1559701 2.2488
1559701 1355677 2.2488
1559701 162055 2.3292
162055 1559701 2.3292
162055 1416729 7.6128
1416729 162055 7.6128
1416729 162056 3.4188
162056 1416729 3.4188
162056 160095 1.5636
160095 162056 1.5636
162051 162057 26.4924
162057 162051 26.4924
162057 402771 46.5624
402771 162057 46.5624
402771 785669 2.5632
785669 402771 2.5632
785669 1441126 0.8892
1441126 785669 0.8892
1441126 162058 3.5352
162058 1441126 3.5352
162058 162059 13.2516
162059 162058 13.2516
162067 162066 83.8584
162066 162067 83.8584
162066 162065 14.7348
162065 162066 14.7348
162065 162064 11.8512
162064 162065 11.8512
162064 162063 13.8924
162063 162064 13.8924
162063 162062 6.6312
162062 162063 6.6312
162062 162061 19.4004
162061 162062 19.4004
162067 72133 14.9587
72133 162067 14.9587
149014 167840 0.3795
167840 149014 0.3795
165642 522104 39.1824
522104 165642 39.1824
522104 165683 3.2256
165683 522104 3.2256
20258 732511 1.211
732511 20258 1.211
732511 1581573 1.3385
1581573 732511 1.3385
1581573 165637 1.4666
165637 1581573 1.4666
165637 1581577 1.0318
1581577 165637 1.0318
1581577 732508 3.443
732508 1581577 3.443
732508 165687 3.4877
165687 732508 3.4877
165687 165665 3.163
165665 165687 3.163
165665 1582528 1.6538
1582528 165665 1.6538
1582528 1582529 13.6937
1582529 1582528 13.6937
1582529 1582523 1.5026
1582523 1582529 1.5026
1582523 1582524 1.8338
1582524 1582523 1.8338
1582524 165651 2.3753
165651 1582524 2.3753
165651 165632 1.4558
165632 165651 1.4558
165632 165678 4.4388
165678 165632 4.4388
165678 165660 3.6475
165660 165678 3.6475
1581978 165670 1.6512
165670 1581978 1.6512
165670 165646 50.0688
165646 165670 50.0688
20223 165635 14.6592
165635 20223 14.6592
165635 165648 20.2464
165648 165635 20.2464
165648 521420 43.4448
521420 165648 43.4448
521420 165668 54.6984
165668 521420 54.6984
165668 599443 33.4728
599443 165668 33.4728
599443 165682 39.4848
165682 599443 39.4848
165682 165639 19.8792
165639 165682 19.8792
165639 165655 22.0104
165655 165639 22.0104
165655 599444 8.82
599444 165655 8.82
599444 165673 15.6816
165673 599444 15.6816
165673 165690 104.184
165690 165673 104.184
165690 165658 40.968
165658 165690 40.968
165658 521426 11.448
521426 165658 11.448
521426 521424 44.496
521424 521426 44.496
521424 521419 47.988
521419 521424 47.988
521419 521412 127.4328
521412 521419 127.4328
521412 521409 20.6208
521409 521412 20.6208
521409 521410 18.3888
521410 521409 18.3888
521410 521408 12.9816
521408 521410 12.9816
521408 521406 27.7128
521406 521408 27.7128
521406 521405 54.1728
521405 521406 54.1728
521405 521404 15.48
521404 521405 15.48
521404 521403 5.3208
521403 521404 5.3208
20316 1931628 8.9633
1931628 20316 8.9633
1931628 1581713 0.8741
1581713 1931628 0.8741
1581713 1581709 0.9547
1581709 1581713 0.9547
1581709 1581625 0.8784
1581625 1581709 0.8784
1581625 165684 1.6459
165684 1581625 1.6459
165684 1931604 1.1952
1931604 165684 1.1952
1931604 1581744 0.4003
1581744 1931604 0.4003
1581744 165663 1.3975
165663 1581744 1.3975
165663 1581745 3.8081
1581745 165663 3.8081
1581745 1581739 0.6811
1581739 1581745 0.6811
1581739 165650 0.6682
165650 1581739 0.6682
165650 165692 0.6977
165692 165650 0.6977
165692 1581729 1.0123
1581729 165692 1.0123
1581729 1581635 1.2672
1581635 1581729 1.2672
1581635 165677 2.299
165677 1581635 2.299
165677 1581737 1.9116
1581737 165677 1.9116
1581737 1581686 0.9518
1581686 1581737 0.9518
1581686 165659 0.9562
165659 1581686 0.9562
165659 165643 1.4501
165643 165659 1.4501
165643 165688 0.6955
165688 165643 0.6955
165688 1581705 0.5162
1581705 165688 0.5162
1581705 1581692 0.6178
1581692 1581705 0.6178
1581692 1861867 1.1966
1861867 1581692 1.1966
1861867 165671 0.4399
165671 1861867 0.4399
165671 732722 1.3954
732722 165671 1.3954
732722 165653 0.6926
165653 732722 0.6926
165653 1581591 0.9403
1581591 165653 0.9403
1581591 165638 4.8946
165638 1581591 4.8946
165638 1558932 0.8438
1558932 165638 0.8438
20169 402870 13.314
402870 20169 13.314
402870 1700243 3.7476
1700243 402870 3.7476
1700243 1700242 5.1888
1700242 1700243 5.1888
1700242 551315 0.7944
551315 1700242 0.7944
551315 521394 4.044
521394 551315 4.044
521394 1863970 7.6836
1863970 521394 7.6836
1863970 20170 1.356
20170 1863970 1.356
20170 1699294 21.63
1699294 20170 21.63
1699294 521396 7.512
521396 1699294 7.512
521396 20171 28.4232
20171 521396 28.4232
20263 165674 69.336
165674 20263 69.336
165674 1581895 13.2588
1581895 165674 13.2588
1581895 1581844 3.2364
1581844 1581895 3.2364
1581844 165657 6.9048
165657 1581844 6.9048
165657 1581901 13.8132
1581901 165657 13.8132
1581901 1581912 3.42
1581912 1581901 3.42
1581912 1581880 5.5332
1581880 1581912 5.5332
1581880 1581933 3.87
1581933 1581880 3.87
1581933 1581898 3.8664
1581898 1581933 3.8664
1581898 1581936 2.7252
1581936 1581898 2.7252
1581936 1581935 3.1464
1581935 1581936 3.1464
1581935 1581927 20.178
1581927 1581935 20.178
1581927 1581833 4.7448
1581833 1581927 4.7448
1581833 1581840 4.3308
1581840 1581833 4.3308
1581840 1581864 3.5712
1581864 1581840 3.5712
1581864 1581863 3.6792
1581863 1581864 3.6792
1581863 1581926 4.77
1581926 1581863 4.77
1581926 1581905 21.618
1581905 1581926 21.618
1581905 1581920 4.4172
1581920 1581905 4.4172
1581920 1581852 4.6332
1581852 1581920 4.6332
1581852 1581881 4.248
1581881 1581852 4.248
1581881 1581862 3.2508
1581862 1581881 3.2508
1581862 1581846 2.8116
1581846 1581862 2.8116
1581846 1581900 3.1572
1581900 1581846 3.1572
1581900 1581835 19.7316
1581835 1581900 19.7316
1581835 1581894 16.524
1581894 1581835 16.524
1581894 1581902 5.5116
1581902 1581894 5.5116
1581902 1581886 3.6828
1581886 1581902 3.6828
1581886 1581838 5.2848
1581838 1581886 5.2848
1581838 1581883 4.5936
1581883 1581838 4.5936
1581883 1581860 4.2228
1581860 1581883 4.2228
1581860 1581853 11.8584
1581853 1581860 11.8584
1581853 1581848 9.936
1581848 1581853 9.936
1581848 1581916 26.9676
1581916 1581848 26.9676
1581916 1581851 9.126
1581851 1581916 9.126
1581851 1581871 7.722
1581871 1581851 7.722
1581871 1581885 5.8824
1581885 1581871 5.8824
1581885 20317 8.2044
20317 1581885 8.2044
165675 1581958 6.3048
1581958 165675 6.3048
1581958 165661 9.516
165661 1581958 9.516
165661 1581959 9.354
1581959 165661 9.354
1581959 1581960 9.6408
1581960 1581959 9.6408
1581960 165641 9.5004
165641 1581960 9.5004
165641 1581974 9.0732
1581974 165641 9.0732
1581974 1581950 1.3608
1581950 1581974 1.3608
1581950 1581954 7.8036
1581954 1581950 7.8036
165660 521361 3.3509
521361 165660 3.3509
521361 338887 2.2954
338887 521361 2.2954
338887 165645 4.8924
165645 338887 4.8924
165645 165689 5.6873
165689 165645 5.6873
165689 734500 0.5782
734500 165689 0.5782
734500 1582624 0.509
1582624 734500 0.509
1582624 165672 0.5695
165672 1582624 0.5695
165672 1582551 0.4428
1582551 165672 0.4428
1582551 1582552 0.6077
1582552 1582551 0.6077
1582552 1582572 0.5465
1582572 1582552 0.5465
1582572 1582549 0.5393
1582549 1582572 0.5393
1582549 165656 0.5047
165656 1582549 0.5047
60438 60439 8.3676
60439 60438 8.3676
60439 60440 7.446
60440 60439 7.446
60440 60437 3.708
60437 60440 3.708
89587 165686 8.1984
165686 89587 8.1984
165686 165636 19.1952
165636 165686 19.1952
165636 374107 0.75
374107 165636 0.75
374107 374109 0.9972
374109 374107 0.9972
374109 374110 0.7908
374110 374109 0.7908
149014 167826 3.285
167826 149014 3.285
167826 1736644 9.666
1736644 167826 9.666
1736644 167809 8.1108
167809 1736644 8.1108
167809 1736643 2.3058
1736643 167809 2.3058
1736643 1736642 0.2376
1736642 1736643 0.2376
1736642 167835 2.5434
167835 1736642 2.5434
166439 303482 2.7096
303482 166439 2.7096
303482 303424 1.8708
303424 303482 1.8708
303424 303364 1.9116
303364 303424 1.9116
303364 1492741 1.6332
1492741 303364 1.6332
1492741 303358 0.3468
303358 1492741 0.3468
303358 303454 1.8768
303454 303358 1.8768
303454 166444 1.7916
166444 303454 1.7916
166444 307084 2.5236
307084 166444 2.5236
307084 303501 1.0464
303501 307084 1.0464
303501 303437 1.8804
303437 303501 1.8804
303437 303465 1.8888
303465 303437 1.8888
303465 303400 1.8924
303400 303465 1.8924
303400 303428 1.8696
303428 303400 1.8696
303428 166447 2.2584
166447 303428 2.2584
166447 303372 2.784
303372 166447 2.784
303372 303376 1.9116
303376 303372 1.9116
303376 303438 1.9368
303438 303376 1.9368
303438 303412 1.9848
303412 303438 1.9848
303412 166443 1.2228
166443 303412 1.2228
166443 303476 0.7404
303476 166443 0.7404
303476 166445 1.314
166445 303476 1.314
166445 233273 3.12
233273 166445 3.12
233273 233268 1.0824
233268 233273 1.0824
233268 233276 1.0812
233276 233268 1.0812
233276 506029 1.506
506029 233276 1.506
506029 233271 1.4112
233271 506029 1.4112
233271 233266 1.6464
233266 233271 1.6464
233266 233275 5.262
233275 233266 5.262
233275 233270 1.2348
233270 233275 1.2348
233270 303434 1.4772
303434 233270 1.4772
303434 303373 2.628
303373 303434 2.628
303373 303396 2.688
303396 303373 2.688
303396 303497 2.6472
303497 303396 2.6472
303497 303365 2.67
303365 303497 2.67
303365 233278 1.6872
233278 303365 1.6872
166434 307097 2.3112
307097 166434 2.3112
307097 233267 2.7288
233267 307097 2.7288
233267 166442 24.7176
166442 233267 24.7176
166442 166439 11.2068
166439 166442 11.2068
2017492 81248 0.0561
81248 2017492 0.0561
81248 714440 1.9939
714440 81248 1.9939
714440 1604762 2.7643
1604762 714440 2.7643
1604762 16935 0.9144
16935 1604762 0.9144
16935 387179 33.3293
387179 16935 33.3293
303413 166436 11.2572
166436 303413 11.2572
166436 167801 8.0316
167801 166436 8.0316
167801 167834 32.6808
167834 167801 32.6808
167834 167837 11.6136
167837 167834 11.6136
167810 167805 1.0728
167805 167810 1.0728
167805 303352 9.1944
303352 167805 9.1944
303352 303354 8.8236
303354 303352 8.8236
303354 303478 8.3556
303478 303354 8.3556
303478 167808 6.2028
167808 303478 6.2028
167806 233173 4.8564
233173 167806 4.8564
233173 233181 1.4868
233181 233173 1.4868
233181 167810 34.9308
167810 233181 34.9308
250913 303393 71.856
303393 250913 71.856
303393 167809 23.8752
167809 303393 23.8752
167809 303370 5.3856
303370 167809 5.3856
303370 167804 141.5952
167804 303370 141.5952
167804 303384 32.4288
303384 167804 32.4288
303384 167807 176.22
167807 303384 176.22
167807 167810 77.9256
167810 167807 77.9256
167828 1492737 38.5704
1492737 167828 38.5704
1492737 233307 39.4632
233307 1492737 39.4632
233307 756744 14.904
756744 233307 14.904
756744 167822 54.288
167822 756744 54.288
167822 233213 24.66
233213 167822 24.66
233213 233201 37.6488
233201 233213 37.6488
233201 233182 36.612
233182 233201 36.612
233182 233177 62.3016
233177 233182 62.3016
233177 233192 36.864
233192 233177 36.864
233192 167827 12.996
167827 233192 12.996
167827 303422 36.9216
303422 167827 36.9216
467984 1250542 11.8224
1250542 467984 11.8224
1250542 467985 27.324
467985 1250542 27.324
467985 167826 7.884
167826 467985 7.884
167826 467988 11.4912
467988 167826 11.4912
467988 1736639 45.5544
1736639 467988 45.5544
1736639 167818 77.9976
167818 1736639 77.9976
167818 1736625 23.9184
1736625 167818 23.9184
1736625 233162 30.1032
233162 1736625 30.1032
233162 467992 24.0552
467992 233162 24.0552
467992 233199 25.7472
233199 467992 25.7472
233199 233197 19.7712
233197 233199 19.7712
233197 233205 64.6272
233205 233197 64.6272
233205 167823 80.9784
167823 233205 80.9784
167823 233173 38.4552
233173 167823 38.4552
233173 167814 15.0264
167814 233173 15.0264
167814 167820 29.1024
167820 167814 29.1024
167820 167831 56.8656
167831 167820 56.8656
167831 167819 109.6272
167819 167831 109.6272
167819 167829 13.5216
167829 167819 13.5216
167829 167817 14.076
167817 167829 14.076
252416 186581 4.6278
186581 252416 4.6278
186581 177245 0.786
177245 186581 0.786
177245 387177 3.852
387177 177245 3.852
387177 387176 3.6246
387176 387177 3.6246
387176 22734 6.465
22734 387176 6.465
22734 701995 4.7928
701995 22734 4.7928
60312 60313 0.9929
60313 60312 0.9929
60313 60314 0.9691
60314 60313 0.9691
60314 60315 0.985
60315 60314 0.985
60315 60316 0.9173
60316 60315 0.9173
60316 60317 1.0339
60317 60316 1.0339
60317 60318 30.6202
60318 60317 30.6202
60318 60319 9.9007
60319 60318 9.9007
60319 60320 28.9678
60320 60319 28.9678
60320 60321 2.214
60321 60320 2.214
60321 1346255 5.0011
1346255 60321 5.0011
1346255 60322 22.3416
60322 1346255 22.3416
60322 60323 21.2357
60323 60322 21.2357
2017524 20171 16.3728
20171 2017524 16.3728
175839 175883 1.8252
175883 175839 1.8252
175883 819386 1.2756
819386 175883 1.2756
819386 175863 1.1184
175863 819386 1.1184
175863 819388 1.0032
819388 175863 1.0032
819388 175851 1.2708
175851 819388 1.2708
175851 177391 3.0192
177391 175851 3.0192
177391 175890 2.3748
175890 177391 2.3748
819395 175890 4.3404
175890 819395 4.3404
175890 1189041 4.2744
1189041 175890 4.2744
1189041 175876 0.7512
175876 1189041 0.7512
175876 175854 12.1176
175854 175876 12.1176
175854 175842 19.02
175842 175854 19.02
177245 177244 3.7908
177244 177245 3.7908
177244 177246 10.5876
177246 177244 10.5876
177246 177212 1.5156
177212 177246 1.5156
177246 177243 16.5096
177243 177246 16.5096
177243 177242 18.1008
177242 177243 18.1008
175839 669573 8.8776
669573 175839 8.8776
669573 700133 0.846
700133 669573 0.846
700136 1189039 4.6152
1189039 700136 4.6152
1189039 819391 7.3872
819391 1189039 7.3872
819391 819393 10.0728
819393 819391 10.0728
819393 819398 20.3184
819398 819393 20.3184
819398 177394 27.7632
177394 819398 27.7632
177394 177392 19.1304
177392 177394 19.1304
177392 177395 13.4352
177395 177392 13.4352
177395 177388 8.0208
177388 177395 8.0208
177388 177390 9.7056
177390 177388 9.7056
175842 177390 20.5584
177390 175842 20.5584
480936 184718 9.9504
184718 480936 9.9504
184718 440856 1.5768
440856 184718 1.5768
440856 439508 2.088
439508 440856 2.088
439508 440189 1.5048
440189 439508 1.5048
440189 439496 31.5504
439496 440189 31.5504
60497 439447 1.0087
439447 60497 1.0087
439447 439446 0.6811
439446 439447 0.6811
439446 439445 0.7898
439445 439446 0.7898
439445 185089 8.5363
185089 439445 8.5363
60535 439507 2.0736
439507 60535 2.0736
439507 184720 1.9368
184720 439507 1.9368
184720 184721 1.895
184721 184720 1.895
184721 439505 1.4047
439505 184721 1.4047
439505 439502 0.7891
439502 439505 0.7891
439502 439500 4.8989
439500 439502 4.8989
439500 439495 5.3683
439495 439500 5.3683
439495 439494 5.495
439494 439495 5.495
439494 439492 5.575
439492 439494 5.575
439492 439491 5.4943
439491 439492 5.4943
439491 439490 5.4965
439490 439491 5.4965
439490 439489 2.5776
439489 439490 2.5776
60512 1344390 0.7188
1344390 60512 0.7188
1344390 184795 0.9372
184795 1344390 0.9372
184795 184821 1.2516
184821 184795 1.2516
184821 184949 23.9592
184949 184821 23.9592
184949 184814 4.7436
184814 184949 4.7436
184814 184802 1.152
184802 184814 1.152
60503 60504 3.8112
60504 60503 3.8112
60504 60505 4.1232
60505 60504 4.1232
60505 60506 8.2548
60506 60505 8.2548
60506 941270 2.5476
941270 60506 2.5476
941270 60507 8.508
60507 941270 8.508
60530 60529 4.4381
60529 60530 4.4381
60529 60528 5.0969
60528 60529 5.0969
60528 593726 0.5062
593726 60528 0.5062
593726 189231 0.6689
189231 593726 0.6689
189231 60527 1.2924
60527 189231 1.2924
60527 60526 2.4638
60526 60527 2.4638
60526 60525 1.7726
60525 60526 1.7726
60525 60524 1.1707
60524 60525 1.1707
60524 60523 3.0211
60523 60524 3.0211
60523 60522 1.0246
60522 60523 1.0246
60551 60552 1.3032
60552 60551 1.3032
60552 60553 2.7576
60553 60552 2.7576
60553 60513 3.6979
60513 60553 3.6979
22742 60544 1.7003
60544 22742 1.7003
22801 184805 2.7432
184805 22801 2.7432
184805 721183 7.5312
721183 184805 7.5312
721183 439334 11.3112
439334 721183 11.3112
439334 721182 24.0912
721182 439334 24.0912
721182 721180 19.8504
721180 721182 19.8504
721180 721181 24.4872
721181 721180 24.4872
721181 721179 13.3128
721179 721181 13.3128
721179 721178 29.2104
721178 721179 29.2104
721178 439337 16.632
439337 721178 16.632
184804 184806 2.124
184806 184804 2.124
184806 184803 0.7788
184803 184806 0.7788
184803 184801 0.9324
184801 184803 0.9324
184801 184970 3.1224
184970 184801 3.1224
184970 184800 8.3256
184800 184970 8.3256
184800 60510 1.368
60510 184800 1.368
60510 60511 0.7572
60511 60510 0.7572
60511 184796 15.9372
184796 60511 15.9372
184796 184797 1.7544
184797 184796 1.7544
184797 1344389 0.768
1344389 184797 0.768
1344389 60512 0.5892
60512 1344389 0.5892
184802 549126 2.6042
549126 118599 4.7722
184814 184819 2.2332
184819 184814 2.2332
184819 184971 3.0168
184971 184819 3.0168
184971 184816 1.518
184816 184971 1.518
184816 184812 2.6724
184812 184816 2.6724
184812 184815 5.28
184815 184812 5.28
184815 184811 9.2232
184811 184815 9.2232
184811 439522 0.486
439522 184811 0.486
439522 184809 0.54
184809 439522 0.54
184809 184818 9.75
184818 184809 9.75
184818 184813 4.7424
184813 184818 4.7424
184813 184810 5.4048
184810 184813 5.4048
184810 184807 0.8892
184807 184810 0.8892
184807 184817 1.3488
184817 184807 1.3488
184815 184820 14.9316
184820 184815 14.9316
184820 184827 12.9084
184827 184820 12.9084
184827 184825 18.1644
184825 184827 18.1644
184825 289751 5.3064
289751 184825 5.3064
289751 184823 4.116
184823 289751 4.116
184821 184827 14.79
184827 184821 14.79
184827 184822 4.9212
184822 184827 4.9212
184822 184828 4.6296
184828 184822 4.6296
184828 184826 1.8228
184826 184828 1.8228
184826 184824 1.4304
184824 184826 1.4304
184824 184817 1.0308
184817 184824 1.0308
60531 60518 3.2556
60518 60531 3.2556
60518 60828 4.3476
60828 60518 4.3476
60828 60517 2.352
60517 60828 2.352
60517 60516 9.1476
60516 60517 9.1476
60516 60515 9.9396
60515 60516 9.9396
60515 60514 3.6504
60514 60515 3.6504
60514 118604 0.732
118604 60514 0.732
118604 60513 0.618
60513 118604 0.618
22746 22745 4.4172
22745 22746 4.4172
22745 185021 0.5748
185021 22745 0.5748
185021 149910 8.412
149910 185021 8.412
149910 118601 8.742
118601 149910 8.742
118601 22744 18.936
22744 118601 18.936
22744 22743 22.6212
22743 22744 22.6212
22743 22742 17.2212
22742 22743 17.2212
60513 118605 0.5244
118605 60513 0.5244
118605 22794 0.7968
22794 118605 0.7968
22794 22797 11.6664
22797 22794 11.6664
22797 22793 3.6588
22793 22797 3.6588
22793 185077 13.26
185077 22793 13.26
185077 60584 7.3692
60584 185077 7.3692
60584 22792 3.1212
22792 60584 3.1212
22792 455966 8.8284
455966 22792 8.8284
455966 462576 4.8816
462576 455966 4.8816
462576 462575 3.6312
462575 462576 3.6312
462575 455954 9.0264
455954 462575 9.0264
455954 118767 13.5264
118767 455954 13.5264
118767 185070 1.836
185070 118767 1.836
185070 22791 1.1844
22791 185070 1.1844
22791 22790 1.5684
22790 22791 1.5684
22790 118609 1.9884
118609 22790 1.9884
118609 60543 1.8384
60543 118609 1.8384
60543 60542 4.3368
60542 60543 4.3368
60542 60541 1.6872
60541 60542 1.6872
60541 22789 1.2156
22789 60541 1.2156
22789 1971399 2.9772
1971399 22789 2.9772
1971399 185031 1.6284
185031 1971399 1.6284
185031 1971398 1.8576
1971398 185031 1.8576
1971398 22746 2.7132
22746 1971398 2.7132
184937 184957 18.54
184957 184937 18.54
184957 184962 49.176
184962 184957 49.176
184953 184967 15.012
184967 184953 15.012
184967 184804 2.2356
184804 184967 2.2356
184949 184940 29.844
184940 184949 29.844
60507 60508 10.944
60508 60507 10.944
60508 184957 10.956
184957 60508 10.956
